# key height(A)
0.000000000000000000e+00 6.024328192363427092e+01
1.000000000000000000e+01 6.174842999546309841e+01
2.000000000000000000e+01 6.215183035502830222e+01
3.000000000000000000e+01 6.267622997266101237e+01
4.000000000000000000e+01 6.300190949431293319e+01
5.000000000000000000e+01 6.381060337078335465e+01
6.000000000000000000e+01 6.392267297773168622e+01
7.000000000000000000e+01 6.424772425875634951e+01
8.000000000000000000e+01 6.451626871795295415e+01
9.000000000000000000e+01 6.486960948259664406e+01
1.000000000000000000e+02 6.565736537244265492e+01
1.100000000000000000e+02 6.558419240370231762e+01
1.200000000000000000e+02 6.567498742030277015e+01
1.300000000000000000e+02 6.611359437309010900e+01
1.400000000000000000e+02 6.640181318109081587e+01
1.500000000000000000e+02 6.669809581633143125e+01
1.600000000000000000e+02 6.711204258482655405e+01
1.700000000000000000e+02 6.732435181001395108e+01
1.800000000000000000e+02 6.801351381979706900e+01
1.900000000000000000e+02 6.801350079510372382e+01
2.000000000000000000e+02 6.839701987635498881e+01
2.100000000000000000e+02 6.904795888672933302e+01
2.200000000000000000e+02 6.911492087698950115e+01
2.300000000000000000e+02 6.996641663475024586e+01
2.400000000000000000e+02 7.030371958921870146e+01
2.500000000000000000e+02 7.006020409931585391e+01
2.600000000000000000e+02 7.056600178455674666e+01
2.700000000000000000e+02 7.163716538616812102e+01
2.800000000000000000e+02 7.087695481034404565e+01
2.900000000000000000e+02 6.994058635335183283e+01
3.000000000000000000e+02 7.048151513926319467e+01
3.100000000000000000e+02 7.074934863348047998e+01
3.200000000000000000e+02 7.110238321146555052e+01
3.300000000000000000e+02 7.094522319880053374e+01
3.400000000000000000e+02 7.119203958247196340e+01
3.500000000000000000e+02 7.193249658074027764e+01
3.600000000000000000e+02 7.244803564612371360e+01
3.700000000000000000e+02 7.330724216770475721e+01
3.800000000000000000e+02 7.339505490762783779e+01
3.900000000000000000e+02 7.332256243844366850e+01
4.000000000000000000e+02 7.346487170144175138e+01
4.100000000000000000e+02 7.373767021915296027e+01
4.200000000000000000e+02 7.430196519263350297e+01
4.300000000000000000e+02 7.225896578402063142e+01
4.400000000000000000e+02 7.205093117903864197e+01
4.500000000000000000e+02 7.153851751887538057e+01
4.600000000000000000e+02 7.201069085483136689e+01
4.700000000000000000e+02 7.316315800947172932e+01
4.800000000000000000e+02 7.357446951903085619e+01
4.900000000000000000e+02 7.461530897028409015e+01
5.000000000000000000e+02 7.373955087611864201e+01
5.100000000000000000e+02 7.408576043425124169e+01
5.200000000000000000e+02 7.414380082553336138e+01
5.300000000000000000e+02 7.394650382707156666e+01
5.400000000000000000e+02 7.437234771848628156e+01
5.500000000000000000e+02 7.466887869414210854e+01
5.600000000000000000e+02 7.607660053221735552e+01
5.700000000000000000e+02 7.546957332301187193e+01
5.800000000000000000e+02 7.340706550089763027e+01
5.900000000000000000e+02 7.223564448029249263e+01
6.000000000000000000e+02 7.211487387584205067e+01
6.100000000000000000e+02 7.194445004562413715e+01
6.200000000000000000e+02 7.219315837650496803e+01
6.300000000000000000e+02 7.175308075610196568e+01
6.400000000000000000e+02 7.192846166630010885e+01
6.500000000000000000e+02 7.248812064508609865e+01
6.600000000000000000e+02 7.279649725586975251e+01
6.700000000000000000e+02 7.317160118978709704e+01
6.800000000000000000e+02 7.370762544241166836e+01
6.900000000000000000e+02 7.398522458401305357e+01
7.000000000000000000e+02 7.330977360908310914e+01
7.100000000000000000e+02 7.308193715861118278e+01
7.200000000000000000e+02 7.349486506924279183e+01
7.300000000000000000e+02 7.255264702269558086e+01
7.400000000000000000e+02 7.242271645621367782e+01
7.500000000000000000e+02 7.213655668725792225e+01
7.600000000000000000e+02 7.161998992454265078e+01
7.700000000000000000e+02 7.166034692254402216e+01
7.800000000000000000e+02 7.128066982731229473e+01
7.900000000000000000e+02 7.148245491627113779e+01
8.000000000000000000e+02 7.085945415733141317e+01
8.100000000000000000e+02 7.160037120266477473e+01
8.200000000000000000e+02 7.087332045158713356e+01
8.300000000000000000e+02 7.044661576103932532e+01
8.400000000000000000e+02 7.016905491709975706e+01
8.500000000000000000e+02 6.956361457375686541e+01
8.600000000000000000e+02 7.016180771080155409e+01
8.700000000000000000e+02 7.026834403199389101e+01
8.800000000000000000e+02 7.062213274327523038e+01
8.900000000000000000e+02 7.061908275254810974e+01
9.000000000000000000e+02 7.127090057624906194e+01
9.100000000000000000e+02 7.135671198718334551e+01
9.200000000000000000e+02 7.156802243205780201e+01
9.300000000000000000e+02 7.199436338184116835e+01
9.400000000000000000e+02 7.268752976503905927e+01
9.500000000000000000e+02 7.278730185437733269e+01
9.600000000000000000e+02 7.132124769024036937e+01
9.700000000000000000e+02 7.138879214775845128e+01
9.800000000000000000e+02 7.228309332452170111e+01
9.900000000000000000e+02 7.185074171163545032e+01
1.000000000000000000e+03 7.159164697846102854e+01
1.010000000000000000e+03 7.166703938666839235e+01
1.020000000000000000e+03 7.278882911132193101e+01
1.030000000000000000e+03 7.265581593116809245e+01
1.040000000000000000e+03 7.285506434790791275e+01
1.050000000000000000e+03 7.227660766039996076e+01
1.060000000000000000e+03 7.216473374069610713e+01
1.070000000000000000e+03 7.216298550010377255e+01
1.080000000000000000e+03 7.191011549860097318e+01
1.090000000000000000e+03 7.233689021426191346e+01
1.100000000000000000e+03 7.221409427306491580e+01
1.110000000000000000e+03 7.160308280021224903e+01
1.120000000000000000e+03 7.120618635562335896e+01
1.130000000000000000e+03 7.197811840492008173e+01
1.140000000000000000e+03 7.248741267000140454e+01
1.150000000000000000e+03 7.090219090372204391e+01
1.160000000000000000e+03 7.157135365280124972e+01
1.170000000000000000e+03 7.147843616532257727e+01
1.180000000000000000e+03 7.201082246498516781e+01
1.190000000000000000e+03 7.268845146886522457e+01
1.200000000000000000e+03 7.271576838593951209e+01
1.210000000000000000e+03 7.313574435399921470e+01
1.220000000000000000e+03 7.312800290344470966e+01
1.230000000000000000e+03 7.200325212874366798e+01
1.240000000000000000e+03 7.218197891974853064e+01
1.250000000000000000e+03 7.138272756059296853e+01
1.260000000000000000e+03 7.092411463405265692e+01
1.270000000000000000e+03 7.124338945370527654e+01
1.280000000000000000e+03 7.098947280038777308e+01
1.290000000000000000e+03 7.098576434786613731e+01
1.300000000000000000e+03 7.058202409375425646e+01
1.310000000000000000e+03 7.107560309721122849e+01
1.320000000000000000e+03 7.241920573871307454e+01
1.330000000000000000e+03 7.236685141036963387e+01
1.340000000000000000e+03 7.263836905238211727e+01
1.350000000000000000e+03 7.247669362860689546e+01
1.360000000000000000e+03 7.228090560995811131e+01
1.370000000000000000e+03 7.257187714916496191e+01
1.380000000000000000e+03 7.254352730771927327e+01
1.390000000000000000e+03 7.285646098641120716e+01
1.400000000000000000e+03 7.371281275191768145e+01
1.410000000000000000e+03 7.426311145251145263e+01
1.420000000000000000e+03 7.353487368463174789e+01
1.430000000000000000e+03 7.336757182363979268e+01
1.440000000000000000e+03 7.283502065850318274e+01
1.450000000000000000e+03 7.307396179632011979e+01
1.460000000000000000e+03 7.293185927493192366e+01
1.470000000000000000e+03 7.386214754188641507e+01
1.480000000000000000e+03 7.406157614970038594e+01
1.490000000000000000e+03 7.419170135558630363e+01
1.500000000000000000e+03 7.430969547117395280e+01
1.510000000000000000e+03 7.496982320789572896e+01
1.520000000000000000e+03 7.437445080109408480e+01
1.530000000000000000e+03 7.419712959189031665e+01
1.540000000000000000e+03 7.425349299360446764e+01
1.550000000000000000e+03 7.364883037400376509e+01
1.560000000000000000e+03 7.368917751655759218e+01
1.570000000000000000e+03 7.353092900276328692e+01
1.580000000000000000e+03 7.388635131260019762e+01
1.590000000000000000e+03 7.353630328910536207e+01
1.600000000000000000e+03 7.343057915280655834e+01
1.610000000000000000e+03 7.462614115394227099e+01
1.620000000000000000e+03 7.514164363527484625e+01
1.630000000000000000e+03 7.519028189834020282e+01
1.640000000000000000e+03 7.526364080628063391e+01
1.650000000000000000e+03 7.550310243162988399e+01
1.660000000000000000e+03 7.573015450391542913e+01
1.670000000000000000e+03 7.475952381571163130e+01
1.680000000000000000e+03 7.389220216863014912e+01
1.690000000000000000e+03 7.377446549494496253e+01
1.700000000000000000e+03 7.349102479354525030e+01
1.710000000000000000e+03 7.329419086795508065e+01
1.720000000000000000e+03 7.376835090161043240e+01
1.730000000000000000e+03 7.454796786722721436e+01
1.740000000000000000e+03 7.416292624977856462e+01
1.750000000000000000e+03 7.386921149568912881e+01
1.760000000000000000e+03 7.372937209174774864e+01
1.770000000000000000e+03 7.388852159642091522e+01
1.780000000000000000e+03 7.314589424027415987e+01
1.790000000000000000e+03 7.267223586881233643e+01
1.800000000000000000e+03 7.298196559087850233e+01
1.810000000000000000e+03 7.359082450762632277e+01
1.820000000000000000e+03 7.443062161408946054e+01
1.830000000000000000e+03 7.361351842922874766e+01
1.840000000000000000e+03 7.297816371426330306e+01
1.850000000000000000e+03 7.372508769456683808e+01
1.860000000000000000e+03 7.268316111506638322e+01
1.870000000000000000e+03 7.221800346928047531e+01
1.880000000000000000e+03 7.291756909153238553e+01
1.890000000000000000e+03 7.423998896729077046e+01
1.900000000000000000e+03 7.432383095215179480e+01
1.910000000000000000e+03 7.420666100578645796e+01
1.920000000000000000e+03 7.432422952316753140e+01
1.930000000000000000e+03 7.459282904396430069e+01
1.940000000000000000e+03 7.509390946349429896e+01
1.950000000000000000e+03 7.492360066908840111e+01
1.960000000000000000e+03 7.447612168359087548e+01
1.970000000000000000e+03 7.497914099553611322e+01
1.980000000000000000e+03 7.521550049448907771e+01
1.990000000000000000e+03 7.575127354192754581e+01
2.000000000000000000e+03 7.547483952699941767e+01
2.010000000000000000e+03 7.531624628067338278e+01
2.020000000000000000e+03 7.505238872275714357e+01
2.030000000000000000e+03 7.508961276757997894e+01
2.040000000000000000e+03 7.499235048636661816e+01
2.050000000000000000e+03 7.539706487997231932e+01
2.060000000000000000e+03 7.559893869887633855e+01
2.070000000000000000e+03 7.518204651306866992e+01
2.080000000000000000e+03 7.540570683836462251e+01
2.090000000000000000e+03 7.448956432820779128e+01
2.100000000000000000e+03 7.425914327669977411e+01
2.110000000000000000e+03 7.372587740188939165e+01
2.120000000000000000e+03 7.407562467206764723e+01
2.130000000000000000e+03 7.364412769851082885e+01
2.140000000000000000e+03 7.422812827495882004e+01
2.150000000000000000e+03 7.414238334878447745e+01
2.160000000000000000e+03 7.457614477635375749e+01
2.170000000000000000e+03 7.523330988960498189e+01
2.180000000000000000e+03 7.525976879747534554e+01
2.190000000000000000e+03 7.455828728392619098e+01
2.200000000000000000e+03 7.451721745428945098e+01
2.210000000000000000e+03 7.461113873326976886e+01
2.220000000000000000e+03 7.441622114393790355e+01
2.230000000000000000e+03 7.482035689199241801e+01
2.240000000000000000e+03 7.503991019525928152e+01
2.250000000000000000e+03 7.460052036843242718e+01
2.260000000000000000e+03 7.421175599836806214e+01
2.270000000000000000e+03 7.534893240937201142e+01
2.280000000000000000e+03 7.543595193520380349e+01
2.290000000000000000e+03 7.533248803901338420e+01
2.300000000000000000e+03 7.527738541941873507e+01
2.310000000000000000e+03 7.501276135581946392e+01
2.320000000000000000e+03 7.385829584132311254e+01
2.330000000000000000e+03 7.401652844074932602e+01
2.340000000000000000e+03 7.460550322109898502e+01
2.350000000000000000e+03 7.494814791609587701e+01
2.360000000000000000e+03 7.447260868016608981e+01
2.370000000000000000e+03 7.547596365352244163e+01
2.380000000000000000e+03 7.596540061821582412e+01
2.390000000000000000e+03 7.650100073899578490e+01
2.400000000000000000e+03 7.517123523336449864e+01
2.410000000000000000e+03 7.482051465129592316e+01
2.420000000000000000e+03 7.497508803975054548e+01
2.430000000000000000e+03 7.506919460864354221e+01
2.440000000000000000e+03 7.490382972950182250e+01
2.450000000000000000e+03 7.594871523348652431e+01
2.460000000000000000e+03 7.549016126594949583e+01
2.470000000000000000e+03 7.561143157361271960e+01
2.480000000000000000e+03 7.525430284885894139e+01
2.490000000000000000e+03 7.498453587314649837e+01
2.500000000000000000e+03 7.668111013294557665e+01
2.510000000000000000e+03 7.647945141330981755e+01
2.520000000000000000e+03 7.608430240554875468e+01
2.530000000000000000e+03 7.661933277759787586e+01
2.540000000000000000e+03 7.621361165954235162e+01
2.550000000000000000e+03 7.633027326914728405e+01
2.560000000000000000e+03 7.685370772747603496e+01
2.570000000000000000e+03 7.620082257175124596e+01
2.580000000000000000e+03 7.626727771005511158e+01
2.590000000000000000e+03 7.597818209074040396e+01
2.600000000000000000e+03 7.597963537832769987e+01
2.610000000000000000e+03 7.665595132310110671e+01
2.620000000000000000e+03 7.643060397898511837e+01
2.630000000000000000e+03 7.681540819924629204e+01
2.640000000000000000e+03 7.573528271644264009e+01
2.650000000000000000e+03 7.619593688097445749e+01
2.660000000000000000e+03 7.648818711223243838e+01
2.670000000000000000e+03 7.705117606593701396e+01
2.680000000000000000e+03 7.664460858306610191e+01
2.690000000000000000e+03 7.715790822428584761e+01
2.700000000000000000e+03 7.741790649115708334e+01
2.710000000000000000e+03 7.785442694443382550e+01
2.720000000000000000e+03 7.898394920532393826e+01
2.730000000000000000e+03 7.843233475333452986e+01
2.740000000000000000e+03 7.793513481203042659e+01
2.750000000000000000e+03 7.719840812320852308e+01
2.760000000000000000e+03 7.737863698400930446e+01
2.770000000000000000e+03 7.803050735473914301e+01
2.780000000000000000e+03 7.752250575149973599e+01
2.790000000000000000e+03 7.825821188025460629e+01
2.800000000000000000e+03 7.861722466464577508e+01
2.810000000000000000e+03 7.898937101039246045e+01
2.820000000000000000e+03 7.856357405125869775e+01
2.830000000000000000e+03 7.852578953819818253e+01
2.840000000000000000e+03 7.932319497984919110e+01
2.850000000000000000e+03 7.878293317959351327e+01
2.860000000000000000e+03 7.892351954822576943e+01
2.870000000000000000e+03 7.975202180520942363e+01
2.880000000000000000e+03 7.968619298554808950e+01
2.890000000000000000e+03 7.840634634589518726e+01
2.900000000000000000e+03 7.806001959799949930e+01
2.910000000000000000e+03 7.903884487561079197e+01
2.920000000000000000e+03 8.027998067881900113e+01
2.930000000000000000e+03 7.985289405131736373e+01
2.940000000000000000e+03 7.925111910938139204e+01
2.950000000000000000e+03 7.994913153524785798e+01
2.960000000000000000e+03 8.086225446352561619e+01
2.970000000000000000e+03 8.028699649719722231e+01
2.980000000000000000e+03 7.995438626731156262e+01
2.990000000000000000e+03 8.023020739110194199e+01
3.000000000000000000e+03 8.015108413609657134e+01
3.010000000000000000e+03 8.043937627581392746e+01
3.020000000000000000e+03 8.029585800329098788e+01
3.030000000000000000e+03 8.046051167368140966e+01
3.040000000000000000e+03 8.019971387331747792e+01
3.050000000000000000e+03 8.108458868422586363e+01
3.060000000000000000e+03 8.106406239459683150e+01
3.070000000000000000e+03 8.197206210217839839e+01
3.080000000000000000e+03 8.109584390092328476e+01
3.090000000000000000e+03 8.170625718581577246e+01
3.100000000000000000e+03 8.150073043120488592e+01
3.110000000000000000e+03 8.193780073170785272e+01
3.120000000000000000e+03 8.168574873563413519e+01
3.130000000000000000e+03 8.244866789507018723e+01
3.140000000000000000e+03 8.220865873363024434e+01
3.150000000000000000e+03 8.205347397473863680e+01
3.160000000000000000e+03 8.168651749928638139e+01
3.170000000000000000e+03 8.130915947808341571e+01
3.180000000000000000e+03 8.089782365590509983e+01
3.190000000000000000e+03 8.184887785432941598e+01
3.200000000000000000e+03 8.204049841593693770e+01
3.210000000000000000e+03 8.161129259643426792e+01
3.220000000000000000e+03 8.124281845775632860e+01
3.230000000000000000e+03 8.218926210678809241e+01
3.240000000000000000e+03 8.186478671042652877e+01
3.250000000000000000e+03 8.194752861815246092e+01
3.260000000000000000e+03 8.195230897981649321e+01
3.270000000000000000e+03 8.189887804998116394e+01
3.280000000000000000e+03 8.198084058435962618e+01
3.290000000000000000e+03 8.088834911407971617e+01
3.300000000000000000e+03 8.208225004296092209e+01
3.310000000000000000e+03 8.122007840033897708e+01
3.320000000000000000e+03 8.168433125670769357e+01
3.330000000000000000e+03 8.240512439177128101e+01
3.340000000000000000e+03 8.216859172810814016e+01
3.350000000000000000e+03 8.189502406405270563e+01
3.360000000000000000e+03 8.307561414670948352e+01
3.370000000000000000e+03 8.300500918670461203e+01
3.380000000000000000e+03 8.266343254205868618e+01
3.390000000000000000e+03 8.316218919750703265e+01
3.400000000000000000e+03 8.295270812888115586e+01
3.410000000000000000e+03 8.223277551330268409e+01
3.420000000000000000e+03 8.147807666777411839e+01
3.430000000000000000e+03 8.177211933076260664e+01
3.440000000000000000e+03 8.142602418193929736e+01
3.450000000000000000e+03 8.155588622193340598e+01
3.460000000000000000e+03 8.181113672596534059e+01
3.470000000000000000e+03 8.158622294539442521e+01
3.480000000000000000e+03 8.198327333870689415e+01
3.490000000000000000e+03 8.220737179654874183e+01
3.500000000000000000e+03 8.101792492848727534e+01
3.510000000000000000e+03 8.087548956171853831e+01
3.520000000000000000e+03 8.148922457777034367e+01
3.530000000000000000e+03 8.240964027712783491e+01
3.540000000000000000e+03 8.202332977932482549e+01
3.550000000000000000e+03 8.217645897233754226e+01
3.560000000000000000e+03 8.218450653886868906e+01
3.570000000000000000e+03 8.336815587296750607e+01
3.580000000000000000e+03 8.299652368510898270e+01
3.590000000000000000e+03 8.384009493120215950e+01
3.600000000000000000e+03 8.376064693770985059e+01
3.610000000000000000e+03 8.392713288926422877e+01
3.620000000000000000e+03 8.376154074765270252e+01
3.630000000000000000e+03 8.425019503715316205e+01
3.640000000000000000e+03 8.437930882154530821e+01
3.650000000000000000e+03 8.442729094607771856e+01
3.660000000000000000e+03 8.492564271513951724e+01
3.670000000000000000e+03 8.529061808339547213e+01
3.680000000000000000e+03 8.466249859154289936e+01
3.690000000000000000e+03 8.431206898831118224e+01
3.700000000000000000e+03 8.520128933640850732e+01
3.710000000000000000e+03 8.505775540951445635e+01
3.720000000000000000e+03 8.387314021538466591e+01
3.730000000000000000e+03 8.353744536838543411e+01
3.740000000000000000e+03 8.553667714349832352e+01
3.750000000000000000e+03 8.505954828840114601e+01
3.760000000000000000e+03 8.530964163031887892e+01
3.770000000000000000e+03 8.557169768075371508e+01
3.780000000000000000e+03 8.437950414467633209e+01
3.790000000000000000e+03 8.390832655276601315e+01
3.800000000000000000e+03 8.381477773874250659e+01
3.810000000000000000e+03 8.525629757288633925e+01
3.820000000000000000e+03 8.575428688170705982e+01
3.830000000000000000e+03 8.439714947830995584e+01
3.840000000000000000e+03 8.452558862912052007e+01
3.850000000000000000e+03 8.478418021378614355e+01
3.860000000000000000e+03 8.454016393098261517e+01
3.870000000000000000e+03 8.365244478744835988e+01
3.880000000000000000e+03 8.344324146682936316e+01
3.890000000000000000e+03 8.360636816403025762e+01
3.900000000000000000e+03 8.498293474661441849e+01
3.910000000000000000e+03 8.510191656289477180e+01
3.920000000000000000e+03 8.538791532717795008e+01
3.930000000000000000e+03 8.493763510028874464e+01
3.940000000000000000e+03 8.501003886709530377e+01
3.950000000000000000e+03 8.496003073075114287e+01
3.960000000000000000e+03 8.439509053641398850e+01
3.970000000000000000e+03 8.494602508136881625e+01
3.980000000000000000e+03 8.592623213588231579e+01
3.990000000000000000e+03 8.686673810546946584e+01
4.000000000000000000e+03 8.643480387097132223e+01
4.010000000000000000e+03 8.638276731982374201e+01
4.020000000000000000e+03 8.634830748582020021e+01
4.030000000000000000e+03 8.628560998639569846e+01
4.040000000000000000e+03 8.674225844460688961e+01
4.050000000000000000e+03 8.657037859928564671e+01
4.060000000000000000e+03 8.646484257463482948e+01
4.070000000000000000e+03 8.649893573659552715e+01
4.080000000000000000e+03 8.701452523154989649e+01
4.090000000000000000e+03 8.721589999691285300e+01
4.100000000000000000e+03 8.734109813399410882e+01
4.110000000000000000e+03 8.732504036088823796e+01
4.120000000000000000e+03 8.715481615710866947e+01
4.130000000000000000e+03 8.601872876574715576e+01
4.140000000000000000e+03 8.680297669311114817e+01
4.150000000000000000e+03 8.694214289571213783e+01
4.160000000000000000e+03 8.625324121004101130e+01
4.170000000000000000e+03 8.745385277978600413e+01
4.180000000000000000e+03 8.802318300534685136e+01
4.190000000000000000e+03 8.829370290919649733e+01
4.200000000000000000e+03 8.790014244756257256e+01
4.210000000000000000e+03 8.781639178414440039e+01
4.220000000000000000e+03 8.704834926988392851e+01
4.230000000000000000e+03 8.732091547602574622e+01
4.240000000000000000e+03 8.663943788599856077e+01
4.250000000000000000e+03 8.678634802235963264e+01
4.260000000000000000e+03 8.648341909369700886e+01
4.270000000000000000e+03 8.681296035046153747e+01
4.280000000000000000e+03 8.659949126506613482e+01
4.290000000000000000e+03 8.741313865510015546e+01
4.300000000000000000e+03 8.660095549618100108e+01
4.310000000000000000e+03 8.616673302154667624e+01
4.320000000000000000e+03 8.659847014243614183e+01
4.330000000000000000e+03 8.667748264282541015e+01
4.340000000000000000e+03 8.682080902359625441e+01
4.350000000000000000e+03 8.686723059106712697e+01
4.360000000000000000e+03 8.732904161830785483e+01
4.370000000000000000e+03 8.841894561048863466e+01
4.380000000000000000e+03 8.815930999080930519e+01
4.390000000000000000e+03 8.825012000755722852e+01
4.400000000000000000e+03 8.802699459429740614e+01
4.410000000000000000e+03 8.822232588159988609e+01
4.420000000000000000e+03 8.809397524099675536e+01
4.430000000000000000e+03 8.779447554726931457e+01
4.440000000000000000e+03 8.713617531286438123e+01
4.450000000000000000e+03 8.826945420073427329e+01
4.460000000000000000e+03 8.820489384261024668e+01
4.470000000000000000e+03 8.866450199666486753e+01
4.480000000000000000e+03 8.815688457876589723e+01
4.490000000000000000e+03 8.810064545865536445e+01
4.500000000000000000e+03 8.855428339648022984e+01
4.510000000000000000e+03 8.717357100235591361e+01
4.520000000000000000e+03 8.752445214031055798e+01
4.530000000000000000e+03 8.874652288880668038e+01
4.540000000000000000e+03 8.799432074136885262e+01
4.550000000000000000e+03 8.785795770910041824e+01
4.560000000000000000e+03 8.741262382548254095e+01
4.570000000000000000e+03 8.737912080968446560e+01
4.580000000000000000e+03 8.755065058711892334e+01
4.590000000000000000e+03 8.927229329918741030e+01
4.600000000000000000e+03 8.900185534820957400e+01
4.610000000000000000e+03 8.921375989831898323e+01
4.620000000000000000e+03 8.919955873175584316e+01
4.630000000000000000e+03 8.795254249977246275e+01
4.640000000000000000e+03 8.875563410241674944e+01
4.650000000000000000e+03 8.904958850677252258e+01
4.660000000000000000e+03 8.861836907954912590e+01
4.670000000000000000e+03 8.914819514260499034e+01
4.680000000000000000e+03 8.943157009325739182e+01
4.690000000000000000e+03 8.964082062222374248e+01
4.700000000000000000e+03 8.908143379227055902e+01
4.710000000000000000e+03 8.912337475229074357e+01
4.720000000000000000e+03 8.874117357471524770e+01
4.730000000000000000e+03 8.901608313163070818e+01
4.740000000000000000e+03 8.742825757749304216e+01
4.750000000000000000e+03 8.847959923271119465e+01
4.760000000000000000e+03 8.948697851068659759e+01
4.770000000000000000e+03 8.913212437703690227e+01
4.780000000000000000e+03 8.870098513199231149e+01
4.790000000000000000e+03 8.836950797357441445e+01
4.800000000000000000e+03 8.930930296400522650e+01
4.810000000000000000e+03 8.956743852529976380e+01
4.820000000000000000e+03 8.926118815374883297e+01
4.830000000000000000e+03 8.967012497711510832e+01
4.840000000000000000e+03 8.976881874253129467e+01
4.850000000000000000e+03 8.996429657227857035e+01
4.860000000000000000e+03 9.035733662837535007e+01
4.870000000000000000e+03 9.042927330086496340e+01
4.880000000000000000e+03 9.067023299483984999e+01
4.890000000000000000e+03 9.050069166660813380e+01
4.900000000000000000e+03 8.981405719970155133e+01
4.910000000000000000e+03 8.964297704130829914e+01
4.920000000000000000e+03 8.935715699828465119e+01
4.930000000000000000e+03 8.966496612902822960e+01
4.940000000000000000e+03 8.943448232348276861e+01
4.950000000000000000e+03 8.965472934633390878e+01
4.960000000000000000e+03 8.970406425606384460e+01
4.970000000000000000e+03 9.064170280755337217e+01
4.980000000000000000e+03 9.009847844612116319e+01
4.990000000000000000e+03 9.017983838811903752e+01
5.000000000000000000e+03 9.083682718627527208e+01
5.010000000000000000e+03 9.103638745287119605e+01
5.020000000000000000e+03 9.049227188430597835e+01
5.030000000000000000e+03 8.852747901069325565e+01
5.040000000000000000e+03 8.838968077678123336e+01
5.050000000000000000e+03 8.834818588531841499e+01
5.060000000000000000e+03 8.811295525808853313e+01
5.070000000000000000e+03 8.884885108209481075e+01
5.080000000000000000e+03 8.945767666192371337e+01
5.090000000000000000e+03 8.923759796935352995e+01
5.100000000000000000e+03 8.868492162364040610e+01
5.110000000000000000e+03 8.850947349840957656e+01
5.120000000000000000e+03 8.901407179076279874e+01
5.130000000000000000e+03 8.945883854550400827e+01
5.140000000000000000e+03 8.920567502595359599e+01
5.150000000000000000e+03 8.875051454249749838e+01
5.160000000000000000e+03 8.930332356739839383e+01
5.170000000000000000e+03 8.944584666076366375e+01
5.180000000000000000e+03 8.929398889250633431e+01
5.190000000000000000e+03 9.017885164312589552e+01
5.200000000000000000e+03 8.888492291315506577e+01
5.210000000000000000e+03 8.895968716689741029e+01
5.220000000000000000e+03 9.002416242290510695e+01
5.230000000000000000e+03 8.849969971915864164e+01
5.240000000000000000e+03 8.914713268065685270e+01
5.250000000000000000e+03 8.928281359374993542e+01
5.260000000000000000e+03 8.858345952591427874e+01
5.270000000000000000e+03 8.852515051207060992e+01
5.280000000000000000e+03 8.901613905382181713e+01
5.290000000000000000e+03 8.867635802394131872e+01
5.300000000000000000e+03 8.927968107842585255e+01
5.310000000000000000e+03 8.929287480607882799e+01
5.320000000000000000e+03 8.931749261662793060e+01
5.330000000000000000e+03 8.920112159052204959e+01
5.340000000000000000e+03 8.918190482939125729e+01
5.350000000000000000e+03 8.930149116397032572e+01
5.360000000000000000e+03 8.965211955466459415e+01
5.370000000000000000e+03 8.977493868920674913e+01
5.380000000000000000e+03 9.009693661323584024e+01
5.390000000000000000e+03 8.981571612798126125e+01
5.400000000000000000e+03 9.002306399564309913e+01
5.410000000000000000e+03 8.885605724533715488e+01
5.420000000000000000e+03 8.846781333377307988e+01
5.430000000000000000e+03 8.853013009169109182e+01
5.440000000000000000e+03 8.825717512551705113e+01
5.450000000000000000e+03 8.862729730590429256e+01
5.460000000000000000e+03 8.893144448977578520e+01
5.470000000000000000e+03 8.841275776841285960e+01
5.480000000000000000e+03 8.850843613133233134e+01
5.490000000000000000e+03 8.806723079609440674e+01
5.500000000000000000e+03 8.826476713190410806e+01
5.510000000000000000e+03 8.882474559937944036e+01
5.520000000000000000e+03 8.897563161459746084e+01
5.530000000000000000e+03 8.947413460416515818e+01
5.540000000000000000e+03 8.927528405384862253e+01
5.550000000000000000e+03 8.918246116508245791e+01
5.560000000000000000e+03 8.923612154160289833e+01
5.570000000000000000e+03 8.981095487085063667e+01
5.580000000000000000e+03 8.934668932037499189e+01
5.590000000000000000e+03 8.840643467057896032e+01
5.600000000000000000e+03 8.900369044272417796e+01
5.610000000000000000e+03 8.849497602193945056e+01
5.620000000000000000e+03 8.881718570234453125e+01
5.630000000000000000e+03 8.920061561803298389e+01
5.640000000000000000e+03 8.951080075812751602e+01
5.650000000000000000e+03 8.858351832977103868e+01
5.660000000000000000e+03 8.924490354475106813e+01
5.670000000000000000e+03 8.992893865538574971e+01
5.680000000000000000e+03 8.872457015057544538e+01
5.690000000000000000e+03 8.945277842179118011e+01
5.700000000000000000e+03 8.882766782964159802e+01
5.710000000000000000e+03 8.926360754333106229e+01
5.720000000000000000e+03 8.923445429274094920e+01
5.730000000000000000e+03 8.963743469280305476e+01
5.740000000000000000e+03 9.002841757005253953e+01
5.750000000000000000e+03 8.877399907750138652e+01
5.760000000000000000e+03 8.905230849360364687e+01
5.770000000000000000e+03 8.875350237829438527e+01
5.780000000000000000e+03 8.829037387106313872e+01
5.790000000000000000e+03 8.796567721450698230e+01
5.800000000000000000e+03 8.747508100295225120e+01
5.810000000000000000e+03 8.723566103067220467e+01
5.820000000000000000e+03 8.677177646792709709e+01
5.830000000000000000e+03 8.724492268257574779e+01
5.840000000000000000e+03 8.777034938453088841e+01
5.850000000000000000e+03 8.774545187111007749e+01
5.860000000000000000e+03 8.792503682287605216e+01
5.870000000000000000e+03 8.841865313504904123e+01
5.880000000000000000e+03 8.754422790540392896e+01
5.890000000000000000e+03 8.809090248170942061e+01
5.900000000000000000e+03 8.832015634928026770e+01
5.910000000000000000e+03 8.846492059625539639e+01
5.920000000000000000e+03 8.849589504452795552e+01
5.930000000000000000e+03 8.831209660435831665e+01
5.940000000000000000e+03 8.846375692080781050e+01
5.950000000000000000e+03 8.816601616066769509e+01
5.960000000000000000e+03 8.843861779661921219e+01
5.970000000000000000e+03 8.886293107548085857e+01
5.980000000000000000e+03 8.806670945063547151e+01
5.990000000000000000e+03 8.834802499735923220e+01
6.000000000000000000e+03 8.876069537780234953e+01
6.010000000000000000e+03 8.836114695192118518e+01
6.020000000000000000e+03 8.839198309559139943e+01
6.030000000000000000e+03 8.855318188933269141e+01
6.040000000000000000e+03 8.881697750247123224e+01
6.050000000000000000e+03 8.882655587332486391e+01
6.060000000000000000e+03 8.924377245991922791e+01
6.070000000000000000e+03 8.889455861132061898e+01
6.080000000000000000e+03 8.969648359881762190e+01
6.090000000000000000e+03 8.905239350348995231e+01
6.100000000000000000e+03 8.958905508368290782e+01
6.110000000000000000e+03 8.931127792103796992e+01
6.120000000000000000e+03 8.958976883107658296e+01
6.130000000000000000e+03 8.920438846586192483e+01
6.140000000000000000e+03 9.039063504685289274e+01
6.150000000000000000e+03 8.893774113313051544e+01
6.160000000000000000e+03 8.939157718365466110e+01
6.170000000000000000e+03 8.917464081108758478e+01
6.180000000000000000e+03 8.944483706118236910e+01
6.190000000000000000e+03 8.887213380265384899e+01
6.200000000000000000e+03 8.854416978877570443e+01
6.210000000000000000e+03 8.808615268387767117e+01
6.220000000000000000e+03 8.772626866171390247e+01
6.230000000000000000e+03 8.872350179095388967e+01
6.240000000000000000e+03 8.791237656306635984e+01
6.250000000000000000e+03 8.792788597643279047e+01
6.260000000000000000e+03 8.780935914981398582e+01
6.270000000000000000e+03 8.847666240602308108e+01
6.280000000000000000e+03 8.810913691160956773e+01
6.290000000000000000e+03 8.816324274022332474e+01
6.300000000000000000e+03 8.855733814195868092e+01
6.310000000000000000e+03 8.847302144967540016e+01
6.320000000000000000e+03 8.849218020086024694e+01
6.330000000000000000e+03 8.855005882388218197e+01
6.340000000000000000e+03 8.872214186585230777e+01
6.350000000000000000e+03 8.889045154489099332e+01
6.360000000000000000e+03 8.865499340563663111e+01
6.370000000000000000e+03 8.921000329993883327e+01
6.380000000000000000e+03 8.816845836552928972e+01
6.390000000000000000e+03 8.881361349331270105e+01
6.400000000000000000e+03 8.858114177765999386e+01
6.410000000000000000e+03 8.876667778376045703e+01
6.420000000000000000e+03 8.875585675078339420e+01
6.430000000000000000e+03 8.866546556521710443e+01
6.440000000000000000e+03 8.859667288352814296e+01
6.450000000000000000e+03 8.871775748382786730e+01
6.460000000000000000e+03 8.922686508936855887e+01
6.470000000000000000e+03 8.990735079594482215e+01
6.480000000000000000e+03 8.864499903965500494e+01
6.490000000000000000e+03 8.906141631430620009e+01
6.500000000000000000e+03 8.930667300585480461e+01
6.510000000000000000e+03 8.948802779596528012e+01
6.520000000000000000e+03 9.015314688229001661e+01
6.530000000000000000e+03 9.142626544887784235e+01
6.540000000000000000e+03 9.161050863451021087e+01
6.550000000000000000e+03 9.071488907708129545e+01
6.560000000000000000e+03 9.164558565357522468e+01
6.570000000000000000e+03 9.198676431603240644e+01
6.580000000000000000e+03 9.175334639515942570e+01
6.590000000000000000e+03 9.065901640382455184e+01
6.600000000000000000e+03 9.046611553611613488e+01
6.610000000000000000e+03 9.066963308429326673e+01
6.620000000000000000e+03 9.020158291740737866e+01
6.630000000000000000e+03 9.011424177714833661e+01
6.640000000000000000e+03 8.982125287696366911e+01
6.650000000000000000e+03 8.909628129564963217e+01
6.660000000000000000e+03 8.907576994544056959e+01
6.670000000000000000e+03 8.848679811185787969e+01
6.680000000000000000e+03 9.006964217366456182e+01
6.690000000000000000e+03 8.962737666151417670e+01
6.700000000000000000e+03 8.933152297266347830e+01
6.710000000000000000e+03 8.924327043596844078e+01
6.720000000000000000e+03 8.894456159504154869e+01
6.730000000000000000e+03 8.940698496222880465e+01
6.740000000000000000e+03 8.964712854632234951e+01
6.750000000000000000e+03 8.960729852286895891e+01
6.760000000000000000e+03 8.894039299783136698e+01
6.770000000000000000e+03 8.867987047575624615e+01
6.780000000000000000e+03 8.935497780180985217e+01
6.790000000000000000e+03 8.917711176186702460e+01
6.800000000000000000e+03 8.918937216356485465e+01
6.810000000000000000e+03 8.891668747852293109e+01
6.820000000000000000e+03 8.931444720719817099e+01
6.830000000000000000e+03 8.957929221921692431e+01
6.840000000000000000e+03 9.107216085969531605e+01
6.850000000000000000e+03 9.075436990809167526e+01
6.860000000000000000e+03 8.984966582827756554e+01
6.870000000000000000e+03 9.001673528409972391e+01
6.880000000000000000e+03 9.054958105546855052e+01
6.890000000000000000e+03 9.045013277293293186e+01
6.900000000000000000e+03 9.151693297392633042e+01
6.910000000000000000e+03 9.185729908121943765e+01
6.920000000000000000e+03 9.244056569862881645e+01
6.930000000000000000e+03 9.173505694595044702e+01
6.940000000000000000e+03 9.093704731724163537e+01
6.950000000000000000e+03 9.197337980040931882e+01
6.960000000000000000e+03 9.145703884377664394e+01
6.970000000000000000e+03 9.029019294962222375e+01
6.980000000000000000e+03 9.042433946045386506e+01
6.990000000000000000e+03 9.059161913261613108e+01
7.000000000000000000e+03 9.145617779391446334e+01
7.010000000000000000e+03 9.013330134855294773e+01
7.020000000000000000e+03 8.989117768838904965e+01
7.030000000000000000e+03 8.993103608763441059e+01
7.040000000000000000e+03 8.898526396291200058e+01
7.050000000000000000e+03 8.907124198131613468e+01
7.060000000000000000e+03 8.874201865935413025e+01
7.070000000000000000e+03 8.862040187801285640e+01
7.080000000000000000e+03 8.818594924406116320e+01
7.090000000000000000e+03 8.872775060808898218e+01
7.100000000000000000e+03 8.846773487561567606e+01
7.110000000000000000e+03 8.874229145416163078e+01
7.120000000000000000e+03 8.844744392189356574e+01
7.130000000000000000e+03 8.976508419541299588e+01
7.140000000000000000e+03 8.967402862265443275e+01
7.150000000000000000e+03 9.006889211899738257e+01
7.160000000000000000e+03 8.849812893434778971e+01
7.170000000000000000e+03 8.843522043734058968e+01
7.180000000000000000e+03 8.810154410396121705e+01
7.190000000000000000e+03 8.786183163986339650e+01
7.200000000000000000e+03 8.789234284633909056e+01
7.210000000000000000e+03 8.813487962070206549e+01
7.220000000000000000e+03 8.764799600888416364e+01
7.230000000000000000e+03 8.726071421701234954e+01
7.240000000000000000e+03 8.756353976135682160e+01
7.250000000000000000e+03 8.756343433536288501e+01
7.260000000000000000e+03 8.931409357431371632e+01
7.270000000000000000e+03 8.831812327189285838e+01
7.280000000000000000e+03 8.808819553365258059e+01
7.290000000000000000e+03 8.849585207202379422e+01
7.300000000000000000e+03 8.930431504055792402e+01
7.310000000000000000e+03 9.064924160783522211e+01
7.320000000000000000e+03 8.923353575341943156e+01
7.330000000000000000e+03 8.941044905650252872e+01
7.340000000000000000e+03 8.899427635312767393e+01
7.350000000000000000e+03 8.991650314433043434e+01
7.360000000000000000e+03 8.946973835963849808e+01
7.370000000000000000e+03 8.930343404970557231e+01
7.380000000000000000e+03 8.901413224216727826e+01
7.390000000000000000e+03 8.829321939411482845e+01
7.400000000000000000e+03 8.844248156435710939e+01
7.410000000000000000e+03 8.886915351583445499e+01
7.420000000000000000e+03 8.921569241165364872e+01
7.430000000000000000e+03 8.777551060399589744e+01
7.440000000000000000e+03 8.777176676381719744e+01
7.450000000000000000e+03 8.765481625319308989e+01
7.460000000000000000e+03 8.691764865642738869e+01
7.470000000000000000e+03 8.663617585866133197e+01
7.480000000000000000e+03 8.730381812695678434e+01
7.490000000000000000e+03 8.651663307700005134e+01
7.500000000000000000e+03 8.706223895040214700e+01
7.510000000000000000e+03 8.682121182053258224e+01
7.520000000000000000e+03 8.707531813836763490e+01
7.530000000000000000e+03 8.761977126907362390e+01
7.540000000000000000e+03 8.678458988240457472e+01
7.550000000000000000e+03 8.707953982955756089e+01
7.560000000000000000e+03 8.731843594682686671e+01
7.570000000000000000e+03 8.734166045817781310e+01
7.580000000000000000e+03 8.756776805848886625e+01
7.590000000000000000e+03 8.829102336617368962e+01
7.600000000000000000e+03 8.858438226487578504e+01
7.610000000000000000e+03 8.773889948348215739e+01
7.620000000000000000e+03 8.758018815840898696e+01
7.630000000000000000e+03 8.829453098710359882e+01
7.640000000000000000e+03 8.810050401915732721e+01
7.650000000000000000e+03 8.787534237606926979e+01
7.660000000000000000e+03 8.745987642931849848e+01
7.670000000000000000e+03 8.769945620991731516e+01
7.680000000000000000e+03 8.793435129005827378e+01
7.690000000000000000e+03 8.823460472843122204e+01
7.700000000000000000e+03 8.843935724153301692e+01
7.710000000000000000e+03 8.771392201793818799e+01
7.720000000000000000e+03 8.799977315259090460e+01
7.730000000000000000e+03 8.899431365374526592e+01
7.740000000000000000e+03 8.861490373554140376e+01
7.750000000000000000e+03 8.914866807590922804e+01
7.760000000000000000e+03 8.944344205142630244e+01
7.770000000000000000e+03 8.901231036678787234e+01
7.780000000000000000e+03 8.894410246339243997e+01
7.790000000000000000e+03 8.919519048290371188e+01
7.800000000000000000e+03 8.966169767042200078e+01
7.810000000000000000e+03 8.934072445916100946e+01
7.820000000000000000e+03 8.917571353014402291e+01
7.830000000000000000e+03 8.939413464750968785e+01
7.840000000000000000e+03 8.937547570716407108e+01
7.850000000000000000e+03 8.996228964248012971e+01
7.860000000000000000e+03 8.942137651573291635e+01
7.870000000000000000e+03 8.972431129242606573e+01
7.880000000000000000e+03 9.013272923783031843e+01
7.890000000000000000e+03 8.910374907447695136e+01
7.900000000000000000e+03 8.912188082211301321e+01
7.910000000000000000e+03 8.950810972768520912e+01
7.920000000000000000e+03 9.006128714210494479e+01
7.930000000000000000e+03 8.838185071616625521e+01
7.940000000000000000e+03 8.812917637397620751e+01
7.950000000000000000e+03 8.811427366468183209e+01
7.960000000000000000e+03 8.791117914474783390e+01
7.970000000000000000e+03 8.801262979851445323e+01
7.980000000000000000e+03 8.777923305442433843e+01
7.990000000000000000e+03 8.859631738095815479e+01
8.000000000000000000e+03 8.892471766177830261e+01
8.010000000000000000e+03 8.903650372142662661e+01
8.020000000000000000e+03 8.928048660362819078e+01
8.030000000000000000e+03 8.944049361158484146e+01
8.040000000000000000e+03 8.873438256238640065e+01
8.050000000000000000e+03 8.878524618693137427e+01
8.060000000000000000e+03 9.038997194379747668e+01
8.070000000000000000e+03 8.896772259299520158e+01
8.080000000000000000e+03 8.981916049376860656e+01
8.090000000000000000e+03 8.876351171583978328e+01
8.100000000000000000e+03 8.827624652430756669e+01
8.110000000000000000e+03 8.816502964761232874e+01
8.120000000000000000e+03 8.851373657416984031e+01
8.130000000000000000e+03 8.858592652749709373e+01
8.140000000000000000e+03 8.876057705631411920e+01
8.150000000000000000e+03 8.868139479643953393e+01
8.160000000000000000e+03 8.876248205660496637e+01
8.170000000000000000e+03 8.906345519758885132e+01
8.180000000000000000e+03 8.883298170357876700e+01
8.190000000000000000e+03 8.965032714707606942e+01
8.200000000000000000e+03 8.909552591240489505e+01
8.210000000000000000e+03 8.981804004493538685e+01
8.220000000000000000e+03 8.966751657072543935e+01
8.230000000000000000e+03 8.958584508653082423e+01
8.240000000000000000e+03 8.941520124547888315e+01
8.250000000000000000e+03 8.985768498138138227e+01
8.260000000000000000e+03 9.089001218878622979e+01
8.270000000000000000e+03 8.955226786980259135e+01
8.280000000000000000e+03 8.906251876731425909e+01
8.290000000000000000e+03 8.907755872214846704e+01
8.300000000000000000e+03 8.834054437555461448e+01
8.310000000000000000e+03 8.786995883196672708e+01
8.320000000000000000e+03 8.680159720770784304e+01
8.330000000000000000e+03 8.725612616596406212e+01
8.340000000000000000e+03 8.768055316031191637e+01
8.350000000000000000e+03 8.799861134587906975e+01
8.360000000000000000e+03 8.833589055337407103e+01
8.370000000000000000e+03 8.866060320624295343e+01
8.380000000000000000e+03 8.892549388750255446e+01
8.390000000000000000e+03 8.889124480927831939e+01
8.400000000000000000e+03 8.954266280338642048e+01
8.410000000000000000e+03 8.921014390529136051e+01
8.420000000000000000e+03 8.987076949726321118e+01
8.430000000000000000e+03 9.038030406719562393e+01
8.440000000000000000e+03 8.926579066927291706e+01
8.450000000000000000e+03 8.916667387383361643e+01
8.460000000000000000e+03 8.922975630840451799e+01
8.470000000000000000e+03 8.929956671469294349e+01
8.480000000000000000e+03 8.918301003055113085e+01
8.490000000000000000e+03 8.813831276640385681e+01
8.500000000000000000e+03 8.835399809339898525e+01
8.510000000000000000e+03 8.876882408897338905e+01
8.520000000000000000e+03 8.825503930419156973e+01
8.530000000000000000e+03 8.804236122566587142e+01
8.540000000000000000e+03 8.804891747058493934e+01
8.550000000000000000e+03 8.829367690640908961e+01
8.560000000000000000e+03 8.940449396799051840e+01
8.570000000000000000e+03 8.961088456345771647e+01
8.580000000000000000e+03 8.974741590360932264e+01
8.590000000000000000e+03 8.889840680227047187e+01
8.600000000000000000e+03 8.938452108348248260e+01
8.610000000000000000e+03 8.883875363206674081e+01
8.620000000000000000e+03 8.896139209615448351e+01
8.630000000000000000e+03 8.895588091808099307e+01
8.640000000000000000e+03 8.845217643921003514e+01
8.650000000000000000e+03 8.858650108039552151e+01
8.660000000000000000e+03 8.911142339400414869e+01
8.670000000000000000e+03 8.833575827629587707e+01
8.680000000000000000e+03 8.830525359266407293e+01
8.690000000000000000e+03 8.903265911452814407e+01
8.700000000000000000e+03 8.875227914701225984e+01
8.710000000000000000e+03 8.908224346319978793e+01
8.720000000000000000e+03 8.976413651453758291e+01
8.730000000000000000e+03 8.994485230038212364e+01
8.740000000000000000e+03 8.969601668572478559e+01
8.750000000000000000e+03 8.911386371881346236e+01
8.760000000000000000e+03 8.958242006837126326e+01
8.770000000000000000e+03 8.783489998074857397e+01
8.780000000000000000e+03 8.844930900792036255e+01
8.790000000000000000e+03 8.804997332690106759e+01
8.800000000000000000e+03 8.738346915076904509e+01
8.810000000000000000e+03 8.704229939039188935e+01
8.820000000000000000e+03 8.664309183129834935e+01
8.830000000000000000e+03 8.723415501917357062e+01
8.840000000000000000e+03 8.692184758560406976e+01
8.850000000000000000e+03 8.752720333682948706e+01
8.860000000000000000e+03 8.742112449409005137e+01
8.870000000000000000e+03 8.734903866693890961e+01
8.880000000000000000e+03 8.737836424536553181e+01
8.890000000000000000e+03 8.640541340479556709e+01
8.900000000000000000e+03 8.663911643260553319e+01
8.910000000000000000e+03 8.666619507723490301e+01
8.920000000000000000e+03 8.689665296808554729e+01
8.930000000000000000e+03 8.651859308494928769e+01
8.940000000000000000e+03 8.635332683853738445e+01
8.950000000000000000e+03 8.697055286779729499e+01
8.960000000000000000e+03 8.731609499553790954e+01
8.970000000000000000e+03 8.783480929911875990e+01
8.980000000000000000e+03 8.787948745538677997e+01
8.990000000000000000e+03 8.774485150193208938e+01
9.000000000000000000e+03 8.861566994565737332e+01
