# key height(A)
0.000000000000000000e+00 6.024328192363427092e+01
1.000000000000000000e+01 6.243657314889070875e+01
2.000000000000000000e+01 6.246091781982951119e+01
3.000000000000000000e+01 6.246603429250081518e+01
4.000000000000000000e+01 6.304309403492288055e+01
5.000000000000000000e+01 6.233578822594108004e+01
6.000000000000000000e+01 6.282494549421119956e+01
7.000000000000000000e+01 6.277683509274247342e+01
8.000000000000000000e+01 6.302611679335373651e+01
9.000000000000000000e+01 6.289505461057068203e+01
1.000000000000000000e+02 6.430596340066345817e+01
1.100000000000000000e+02 6.407359795486938481e+01
1.200000000000000000e+02 6.441730427340827703e+01
1.300000000000000000e+02 6.411395877302116730e+01
1.400000000000000000e+02 6.480304392062211605e+01
1.500000000000000000e+02 6.402524741874184144e+01
1.600000000000000000e+02 6.399690133352416410e+01
1.700000000000000000e+02 6.496492266366111323e+01
1.800000000000000000e+02 6.430961528065826371e+01
1.900000000000000000e+02 6.407186748705163382e+01
2.000000000000000000e+02 6.330534670277148734e+01
2.100000000000000000e+02 6.309347722115568047e+01
2.200000000000000000e+02 6.293012317826108415e+01
2.300000000000000000e+02 6.305256149084095796e+01
2.400000000000000000e+02 6.249079692793887375e+01
2.500000000000000000e+02 6.315209503449854367e+01
2.600000000000000000e+02 6.311132909835727389e+01
2.700000000000000000e+02 6.418244734207900137e+01
2.800000000000000000e+02 6.336391633072840079e+01
2.900000000000000000e+02 6.223717423814754568e+01
3.000000000000000000e+02 6.300338926107193060e+01
3.100000000000000000e+02 6.308020196446175021e+01
3.200000000000000000e+02 6.324198036950718915e+01
3.300000000000000000e+02 6.308256849250778941e+01
3.400000000000000000e+02 6.237821512002842894e+01
3.500000000000000000e+02 6.241748682479499166e+01
3.600000000000000000e+02 6.211127205206632595e+01
3.700000000000000000e+02 6.229764507994025280e+01
3.800000000000000000e+02 6.176337796924494228e+01
3.900000000000000000e+02 6.137646759085758674e+01
4.000000000000000000e+02 6.018307942652312192e+01
4.100000000000000000e+02 6.030616620490637558e+01
4.200000000000000000e+02 6.007509090439098998e+01
4.300000000000000000e+02 5.934792448420687094e+01
4.400000000000000000e+02 5.957715772654947273e+01
4.500000000000000000e+02 6.020202214916602657e+01
4.600000000000000000e+02 5.992298099582401960e+01
4.700000000000000000e+02 5.952237677945817040e+01
4.800000000000000000e+02 5.813700861491335559e+01
4.900000000000000000e+02 5.848601793505658009e+01
5.000000000000000000e+02 5.788074820234007234e+01
5.100000000000000000e+02 5.801340632510846262e+01
5.200000000000000000e+02 5.780763044375967752e+01
5.300000000000000000e+02 5.732314851598852101e+01
5.400000000000000000e+02 5.750857011299289923e+01
5.500000000000000000e+02 5.664162666523375833e+01
5.600000000000000000e+02 5.749739824459018678e+01
5.700000000000000000e+02 5.618963446319617105e+01
5.800000000000000000e+02 5.579607934899019028e+01
5.900000000000000000e+02 5.680137899355186448e+01
6.000000000000000000e+02 5.457516116719662591e+01
6.100000000000000000e+02 5.472766437036187881e+01
6.200000000000000000e+02 5.467516168982999147e+01
6.300000000000000000e+02 5.468582062033311786e+01
6.400000000000000000e+02 5.507825331011270009e+01
6.500000000000000000e+02 5.457197193728310936e+01
6.600000000000000000e+02 5.367310704709124991e+01
6.700000000000000000e+02 5.379955250679321921e+01
6.800000000000000000e+02 5.393915548296732254e+01
6.900000000000000000e+02 5.364555179423638265e+01
7.000000000000000000e+02 5.306529785870083060e+01
7.100000000000000000e+02 5.516809249160407091e+01
7.200000000000000000e+02 5.591575350262411348e+01
7.300000000000000000e+02 5.528957402044186153e+01
7.400000000000000000e+02 5.513762360246134620e+01
7.500000000000000000e+02 5.406058634765551574e+01
7.600000000000000000e+02 5.433976490030855189e+01
7.700000000000000000e+02 5.386509857068325857e+01
7.800000000000000000e+02 5.287501040233645710e+01
7.900000000000000000e+02 5.262405206132662272e+01
8.000000000000000000e+02 5.268303997978195241e+01
8.100000000000000000e+02 5.194674501062854688e+01
8.200000000000000000e+02 5.226867269442087149e+01
8.300000000000000000e+02 5.295393249144592573e+01
8.400000000000000000e+02 5.290144299023397423e+01
8.500000000000000000e+02 5.351331482587887933e+01
8.600000000000000000e+02 5.298644248759437403e+01
8.700000000000000000e+02 5.192517310536297259e+01
8.800000000000000000e+02 5.198121554671540423e+01
8.900000000000000000e+02 5.077673126004276583e+01
9.000000000000000000e+02 5.083416426459724846e+01
9.100000000000000000e+02 5.045381133625116377e+01
9.200000000000000000e+02 5.029680852157324011e+01
9.300000000000000000e+02 5.053182653352642717e+01
9.400000000000000000e+02 5.005031126094449689e+01
9.500000000000000000e+02 4.945466739967326930e+01
9.600000000000000000e+02 4.987974262698433847e+01
9.700000000000000000e+02 5.110305412658422597e+01
9.800000000000000000e+02 5.038952222466453179e+01
9.900000000000000000e+02 4.944968899673459362e+01
1.000000000000000000e+03 4.915097774147744758e+01
1.010000000000000000e+03 4.907395170501447978e+01
1.020000000000000000e+03 4.816836563025751161e+01
1.030000000000000000e+03 4.892622398542695805e+01
1.040000000000000000e+03 4.750909631922961296e+01
1.050000000000000000e+03 4.731997498016941961e+01
1.060000000000000000e+03 4.721820101643335477e+01
1.070000000000000000e+03 4.789100526402077662e+01
1.080000000000000000e+03 4.723555301140859797e+01
1.090000000000000000e+03 4.661207344119502238e+01
1.100000000000000000e+03 4.651903000591330795e+01
1.110000000000000000e+03 4.626201077852175558e+01
1.120000000000000000e+03 4.658982156445260614e+01
1.130000000000000000e+03 4.605224215124108866e+01
1.140000000000000000e+03 4.589523764953764839e+01
1.150000000000000000e+03 4.632027236946508708e+01
1.160000000000000000e+03 4.627678903680629219e+01
1.170000000000000000e+03 4.787725183013901642e+01
1.180000000000000000e+03 4.670197123477242940e+01
1.190000000000000000e+03 4.570099595343901910e+01
1.200000000000000000e+03 4.571138754226940648e+01
1.210000000000000000e+03 4.557627649420207661e+01
1.220000000000000000e+03 4.630167872404807383e+01
1.230000000000000000e+03 4.467180883969587057e+01
1.240000000000000000e+03 4.528139523436064451e+01
1.250000000000000000e+03 4.455818360427930713e+01
1.260000000000000000e+03 4.505530911639708336e+01
1.270000000000000000e+03 4.401441549355527627e+01
1.280000000000000000e+03 4.471766724977612739e+01
1.290000000000000000e+03 4.480863777897009470e+01
1.300000000000000000e+03 4.431761153447814650e+01
1.310000000000000000e+03 4.437753563570353776e+01
1.320000000000000000e+03 4.544981659056703904e+01
1.330000000000000000e+03 4.456624868000183426e+01
1.340000000000000000e+03 4.437208708565022164e+01
1.350000000000000000e+03 4.518657366509245321e+01
1.360000000000000000e+03 4.388653918527960229e+01
1.370000000000000000e+03 4.380209533752021400e+01
1.380000000000000000e+03 4.334509847215024081e+01
1.390000000000000000e+03 4.424207363193276876e+01
1.400000000000000000e+03 4.445255263018016478e+01
1.410000000000000000e+03 4.344456939239783821e+01
1.420000000000000000e+03 4.326207190585049034e+01
1.430000000000000000e+03 4.273369763683962219e+01
1.440000000000000000e+03 4.308584235622721792e+01
1.450000000000000000e+03 4.291449383728178191e+01
1.460000000000000000e+03 4.071682020488435683e+01
1.470000000000000000e+03 4.086692131203430733e+01
1.480000000000000000e+03 4.075596929693769255e+01
1.490000000000000000e+03 3.944936487959387250e+01
1.500000000000000000e+03 3.989533164213641214e+01
1.510000000000000000e+03 4.032088578778228793e+01
1.520000000000000000e+03 4.026141025016627850e+01
1.530000000000000000e+03 4.015052171218968624e+01
1.540000000000000000e+03 4.101018852128939329e+01
1.550000000000000000e+03 4.134202944666661494e+01
1.560000000000000000e+03 4.183777110735564975e+01
1.570000000000000000e+03 4.121419579401987221e+01
1.580000000000000000e+03 4.088149615779340706e+01
1.590000000000000000e+03 4.046754658913698677e+01
1.600000000000000000e+03 4.023547313316881002e+01
1.610000000000000000e+03 3.970219600037653152e+01
1.620000000000000000e+03 3.971872864345422727e+01
1.630000000000000000e+03 3.987240836517140963e+01
1.640000000000000000e+03 3.923532164346848106e+01
1.650000000000000000e+03 4.044908731128890622e+01
1.660000000000000000e+03 3.950041623886897924e+01
1.670000000000000000e+03 3.956117939896699909e+01
1.680000000000000000e+03 3.994929898828476666e+01
1.690000000000000000e+03 4.005961659900476945e+01
1.700000000000000000e+03 3.978580212658226856e+01
1.710000000000000000e+03 3.979667652924912602e+01
1.720000000000000000e+03 3.922095482150834300e+01
1.730000000000000000e+03 3.931412242615564878e+01
1.740000000000000000e+03 3.979410281883801304e+01
1.750000000000000000e+03 3.945875219235098541e+01
1.760000000000000000e+03 3.821424714226341735e+01
1.770000000000000000e+03 3.967057975044505724e+01
1.780000000000000000e+03 4.036785127794369998e+01
1.790000000000000000e+03 4.009246440058694816e+01
1.800000000000000000e+03 4.048075264079885471e+01
1.810000000000000000e+03 3.897209799842006817e+01
1.820000000000000000e+03 3.890391525676538720e+01
1.830000000000000000e+03 3.968670142807759760e+01
1.840000000000000000e+03 3.899366913538646884e+01
1.850000000000000000e+03 3.792165244119567546e+01
1.860000000000000000e+03 3.796294051124188229e+01
1.870000000000000000e+03 3.763263476505431981e+01
1.880000000000000000e+03 3.817396176782806094e+01
1.890000000000000000e+03 3.820705924045144286e+01
1.900000000000000000e+03 3.900629296276395053e+01
1.910000000000000000e+03 3.800028560109288378e+01
1.920000000000000000e+03 3.766941882822908383e+01
1.930000000000000000e+03 3.688565834612477090e+01
1.940000000000000000e+03 3.728702855942529482e+01
1.950000000000000000e+03 3.775082849717863098e+01
1.960000000000000000e+03 3.669915907061559324e+01
1.970000000000000000e+03 3.613531401290653378e+01
1.980000000000000000e+03 3.570425848460305929e+01
1.990000000000000000e+03 3.601119720663645296e+01
2.000000000000000000e+03 3.436105999009841128e+01
2.010000000000000000e+03 3.527897118564021639e+01
2.020000000000000000e+03 3.600657679483254014e+01
2.030000000000000000e+03 3.550638910919907687e+01
2.040000000000000000e+03 3.509554279304785496e+01
2.050000000000000000e+03 3.638144965992529478e+01
2.060000000000000000e+03 3.435281500604276061e+01
2.070000000000000000e+03 3.485611000963952222e+01
2.080000000000000000e+03 3.296509181326750593e+01
2.090000000000000000e+03 3.337505772769176815e+01
2.100000000000000000e+03 3.427314235975222800e+01
2.110000000000000000e+03 3.491150292849516745e+01
2.120000000000000000e+03 3.533367022904943155e+01
2.130000000000000000e+03 3.503860329916497562e+01
2.140000000000000000e+03 3.497080338242983544e+01
2.150000000000000000e+03 3.576617904019565231e+01
2.160000000000000000e+03 3.302437389317698546e+01
2.170000000000000000e+03 3.130101864133689560e+01
2.180000000000000000e+03 3.273804493659278592e+01
2.190000000000000000e+03 3.155487590665876496e+01
2.200000000000000000e+03 3.257530939211925158e+01
2.210000000000000000e+03 3.264644295319820344e+01
2.220000000000000000e+03 3.339147574378233685e+01
2.230000000000000000e+03 3.296445744219188612e+01
2.240000000000000000e+03 3.321931255130297700e+01
2.250000000000000000e+03 3.350832453632494889e+01
2.260000000000000000e+03 3.260791954381838309e+01
2.270000000000000000e+03 3.373259994713002641e+01
2.280000000000000000e+03 3.306546186649352137e+01
2.290000000000000000e+03 3.420628161599901773e+01
2.300000000000000000e+03 3.370906949769442917e+01
2.310000000000000000e+03 3.262995268307227548e+01
2.320000000000000000e+03 3.182693333581956097e+01
2.330000000000000000e+03 3.161617775063604086e+01
2.340000000000000000e+03 3.215678038445578579e+01
2.350000000000000000e+03 3.234476820095493110e+01
2.360000000000000000e+03 3.232775609696118124e+01
2.370000000000000000e+03 3.175099794886293125e+01
2.380000000000000000e+03 3.154402448437632245e+01
2.390000000000000000e+03 3.088356816446479058e+01
2.400000000000000000e+03 3.188215666787534985e+01
2.410000000000000000e+03 3.093397126469501757e+01
2.420000000000000000e+03 3.167830358057112505e+01
2.430000000000000000e+03 3.230144339076757376e+01
2.440000000000000000e+03 3.159787650281016624e+01
2.450000000000000000e+03 3.126589247945352668e+01
2.460000000000000000e+03 3.099218074632842956e+01
2.470000000000000000e+03 3.002309740516591319e+01
2.480000000000000000e+03 2.984240542482854153e+01
2.490000000000000000e+03 2.895175677400202119e+01
2.500000000000000000e+03 2.851105228046257878e+01
2.510000000000000000e+03 2.969405527884622131e+01
2.520000000000000000e+03 2.921419112178584498e+01
2.530000000000000000e+03 2.991439954405583990e+01
2.540000000000000000e+03 3.091396381837893159e+01
2.550000000000000000e+03 3.006052880717703601e+01
2.560000000000000000e+03 3.008821181047646576e+01
2.570000000000000000e+03 3.063140911664429211e+01
2.580000000000000000e+03 3.216019422702289887e+01
2.590000000000000000e+03 3.071656212348443660e+01
2.600000000000000000e+03 2.981799790119531224e+01
2.610000000000000000e+03 2.984469061371612497e+01
2.620000000000000000e+03 3.083922616529017091e+01
2.630000000000000000e+03 2.975314893572932817e+01
2.640000000000000000e+03 3.073298133100895768e+01
2.650000000000000000e+03 3.006541997920692211e+01
2.660000000000000000e+03 3.085710109859098793e+01
2.670000000000000000e+03 2.971921437496510521e+01
2.680000000000000000e+03 2.931303325959079586e+01
2.690000000000000000e+03 2.939731283635988746e+01
2.700000000000000000e+03 3.092589475735474025e+01
2.710000000000000000e+03 3.202391865438019636e+01
2.720000000000000000e+03 3.244688039689238224e+01
2.730000000000000000e+03 3.088649996985672885e+01
2.740000000000000000e+03 3.023223761419079381e+01
2.750000000000000000e+03 3.034846157303906011e+01
2.760000000000000000e+03 3.013019528649562062e+01
2.770000000000000000e+03 2.957525935049628174e+01
2.780000000000000000e+03 3.042876633207596626e+01
2.790000000000000000e+03 2.932879060687957917e+01
2.800000000000000000e+03 2.955543993292799598e+01
2.810000000000000000e+03 2.922685634188640336e+01
2.820000000000000000e+03 2.872796885649039211e+01
2.830000000000000000e+03 2.810984240486101271e+01
2.840000000000000000e+03 2.822769658515207425e+01
2.850000000000000000e+03 2.802151099825134395e+01
2.860000000000000000e+03 2.924889149993141757e+01
2.870000000000000000e+03 2.801677595544406074e+01
2.880000000000000000e+03 2.842863851176628032e+01
2.890000000000000000e+03 2.830939153513985218e+01
2.900000000000000000e+03 2.810180051072046581e+01
2.910000000000000000e+03 2.957666981372358350e+01
2.920000000000000000e+03 2.881250422398242961e+01
2.930000000000000000e+03 2.849119643222829268e+01
2.940000000000000000e+03 2.858976232485974833e+01
2.950000000000000000e+03 2.850920650959768921e+01
2.960000000000000000e+03 2.890032121444437507e+01
2.970000000000000000e+03 3.062432936266364436e+01
2.980000000000000000e+03 3.027437477817467482e+01
2.990000000000000000e+03 2.888674389109975493e+01
3.000000000000000000e+03 2.768311239960809189e+01
3.010000000000000000e+03 2.813446327016809789e+01
3.020000000000000000e+03 2.833139472511372503e+01
3.030000000000000000e+03 2.819043925552006158e+01
3.040000000000000000e+03 2.870501633676124698e+01
3.050000000000000000e+03 2.825663825033937826e+01
3.060000000000000000e+03 2.741221516597124719e+01
3.070000000000000000e+03 2.838271190543736111e+01
3.080000000000000000e+03 2.793556858229030126e+01
3.090000000000000000e+03 2.896991972390100045e+01
3.100000000000000000e+03 2.853970214017897433e+01
3.110000000000000000e+03 2.996453779588358657e+01
3.120000000000000000e+03 2.964130475807849052e+01
3.130000000000000000e+03 2.970929136371375989e+01
3.140000000000000000e+03 2.856170254736669278e+01
3.150000000000000000e+03 2.802247424481456051e+01
3.160000000000000000e+03 2.800571631480282520e+01
3.170000000000000000e+03 2.912689736745704749e+01
3.180000000000000000e+03 2.808610323508288786e+01
3.190000000000000000e+03 2.816183266513995420e+01
3.200000000000000000e+03 2.725714642133357302e+01
3.210000000000000000e+03 2.826763436520025152e+01
3.220000000000000000e+03 2.788078920702466235e+01
3.230000000000000000e+03 2.854743689367678883e+01
3.240000000000000000e+03 2.865959780021680103e+01
3.250000000000000000e+03 2.988762432076592290e+01
3.260000000000000000e+03 2.962119098418155261e+01
3.270000000000000000e+03 2.772363264596683052e+01
3.280000000000000000e+03 2.831758760193596913e+01
3.290000000000000000e+03 2.807702642661905656e+01
3.300000000000000000e+03 2.601845090749733913e+01
3.310000000000000000e+03 2.574763536593702895e+01
3.320000000000000000e+03 2.649677906876820543e+01
3.330000000000000000e+03 2.583922431946128029e+01
3.340000000000000000e+03 2.566916863710503094e+01
3.350000000000000000e+03 2.562317944241267753e+01
3.360000000000000000e+03 2.466214685152893082e+01
3.370000000000000000e+03 2.566099569702915062e+01
3.380000000000000000e+03 2.786364173580415127e+01
3.390000000000000000e+03 2.649756387832836424e+01
3.400000000000000000e+03 2.520904776062063490e+01
3.410000000000000000e+03 2.506910254540800054e+01
3.420000000000000000e+03 2.468672522026434990e+01
3.430000000000000000e+03 2.537737037827680808e+01
3.440000000000000000e+03 2.460859310098581432e+01
3.450000000000000000e+03 2.383217563336727096e+01
3.460000000000000000e+03 2.396958803244541514e+01
3.470000000000000000e+03 2.480450066497644457e+01
3.480000000000000000e+03 2.482856225255345350e+01
3.490000000000000000e+03 2.425046462532014857e+01
3.500000000000000000e+03 2.505447908726205242e+01
3.510000000000000000e+03 2.614604157330630585e+01
3.520000000000000000e+03 2.589874535658661614e+01
3.530000000000000000e+03 2.653118617741895946e+01
3.540000000000000000e+03 2.409263915822026547e+01
3.550000000000000000e+03 2.418097380012891051e+01
3.560000000000000000e+03 2.322868735873464630e+01
3.570000000000000000e+03 2.460276773182705767e+01
3.580000000000000000e+03 2.419530980143305499e+01
3.590000000000000000e+03 2.424941449904260082e+01
3.600000000000000000e+03 2.490373030302859547e+01
3.610000000000000000e+03 2.485584499748233611e+01
3.620000000000000000e+03 2.461750065342121729e+01
3.630000000000000000e+03 2.487861476526251181e+01
3.640000000000000000e+03 2.418470946855417480e+01
3.650000000000000000e+03 2.331927586135117281e+01
3.660000000000000000e+03 2.539887605763158263e+01
3.670000000000000000e+03 2.523511321568247467e+01
3.680000000000000000e+03 2.421549742820180029e+01
3.690000000000000000e+03 2.423436485155698961e+01
3.700000000000000000e+03 2.347071350537491696e+01
3.710000000000000000e+03 2.391608114482261271e+01
3.720000000000000000e+03 2.428300176146451861e+01
3.730000000000000000e+03 2.373473246954101512e+01
3.740000000000000000e+03 2.393095943954197935e+01
3.750000000000000000e+03 2.364752537782362651e+01
3.760000000000000000e+03 2.375493531880428577e+01
3.770000000000000000e+03 2.545875443386582049e+01
3.780000000000000000e+03 2.450700393912508446e+01
3.790000000000000000e+03 2.423657821220932362e+01
3.800000000000000000e+03 2.427085515755968004e+01
3.810000000000000000e+03 2.457261462778899386e+01
3.820000000000000000e+03 2.435596054498124374e+01
3.830000000000000000e+03 2.259071905901676303e+01
3.840000000000000000e+03 2.504818195881398424e+01
3.850000000000000000e+03 2.644071558202037409e+01
3.860000000000000000e+03 2.648095283271049993e+01
3.870000000000000000e+03 2.611425482588410318e+01
3.880000000000000000e+03 2.540625072183800626e+01
3.890000000000000000e+03 2.387754961325063618e+01
3.900000000000000000e+03 2.439332249291528854e+01
3.910000000000000000e+03 2.392978926471928958e+01
3.920000000000000000e+03 2.394088217379368189e+01
3.930000000000000000e+03 2.240635412092844092e+01
3.940000000000000000e+03 2.266844214660680734e+01
3.950000000000000000e+03 2.456543843243774461e+01
3.960000000000000000e+03 2.364615401550912566e+01
3.970000000000000000e+03 2.218291352854568288e+01
3.980000000000000000e+03 2.308298045451660130e+01
3.990000000000000000e+03 2.302313853823130785e+01
4.000000000000000000e+03 2.292704164648569076e+01
4.010000000000000000e+03 2.299079671852543072e+01
4.020000000000000000e+03 2.436247189251405132e+01
4.030000000000000000e+03 2.384057763148739184e+01
4.040000000000000000e+03 2.230814471121802001e+01
4.050000000000000000e+03 2.177962742587156697e+01
4.060000000000000000e+03 2.364752732849770211e+01
4.070000000000000000e+03 2.298906783042701818e+01
4.080000000000000000e+03 2.321202813833393463e+01
4.090000000000000000e+03 2.270877349905953224e+01
4.100000000000000000e+03 2.215628598983761322e+01
4.110000000000000000e+03 2.206540727599035279e+01
4.120000000000000000e+03 2.164428364841394625e+01
4.130000000000000000e+03 2.129083667935042001e+01
4.140000000000000000e+03 2.176794343989671177e+01
4.150000000000000000e+03 2.167498534500590779e+01
4.160000000000000000e+03 2.115612196072163442e+01
4.170000000000000000e+03 2.233901276807179670e+01
4.180000000000000000e+03 2.195489887617574709e+01
4.190000000000000000e+03 2.210695691552807318e+01
4.200000000000000000e+03 2.303529944234877291e+01
4.210000000000000000e+03 2.333807045825435011e+01
4.220000000000000000e+03 2.148278519359242011e+01
4.230000000000000000e+03 2.168245488612517136e+01
4.240000000000000000e+03 2.110450937255261294e+01
4.250000000000000000e+03 2.179755135276789701e+01
4.260000000000000000e+03 2.151538379801033329e+01
4.270000000000000000e+03 2.152024655594803448e+01
4.280000000000000000e+03 2.099558483431749778e+01
4.290000000000000000e+03 2.100500515612870345e+01
4.300000000000000000e+03 2.166671716937229064e+01
4.310000000000000000e+03 2.211237247484332613e+01
4.320000000000000000e+03 2.219000050552125458e+01
4.330000000000000000e+03 2.198361801488147194e+01
4.340000000000000000e+03 2.154043019878419329e+01
4.350000000000000000e+03 2.172589629329969796e+01
4.360000000000000000e+03 2.153961263233770751e+01
4.370000000000000000e+03 2.040002024991598262e+01
4.380000000000000000e+03 2.203913551216436417e+01
4.390000000000000000e+03 2.234361926613169658e+01
4.400000000000000000e+03 2.161289117386347414e+01
4.410000000000000000e+03 2.148575827581092312e+01
4.420000000000000000e+03 2.194508882569780894e+01
4.430000000000000000e+03 2.272622295834895567e+01
4.440000000000000000e+03 2.183524717506277568e+01
4.450000000000000000e+03 2.148353468166301639e+01
4.460000000000000000e+03 2.203904542690165158e+01
4.470000000000000000e+03 2.197727124665755127e+01
4.480000000000000000e+03 2.307467425361873836e+01
4.490000000000000000e+03 2.374463526077435915e+01
4.500000000000000000e+03 2.317189073553551282e+01
4.510000000000000000e+03 2.202669819569726428e+01
4.520000000000000000e+03 2.230725218465622106e+01
4.530000000000000000e+03 2.177906880743519480e+01
4.540000000000000000e+03 2.143214973936842682e+01
4.550000000000000000e+03 2.167706366481780833e+01
4.560000000000000000e+03 2.043578209320709504e+01
4.570000000000000000e+03 1.939197550671549664e+01
4.580000000000000000e+03 1.945023614385901567e+01
4.590000000000000000e+03 2.072162729641974011e+01
4.600000000000000000e+03 2.128620662809454700e+01
4.610000000000000000e+03 2.100603020108621877e+01
4.620000000000000000e+03 2.078124008126305000e+01
4.630000000000000000e+03 2.114550907140969116e+01
4.640000000000000000e+03 2.112877403834164625e+01
4.650000000000000000e+03 2.217775506781657668e+01
4.660000000000000000e+03 2.098385189436358189e+01
4.670000000000000000e+03 2.320718253104054440e+01
4.680000000000000000e+03 2.230132379004236043e+01
4.690000000000000000e+03 2.146758288105888823e+01
4.700000000000000000e+03 2.132082462657747612e+01
4.710000000000000000e+03 2.266750138144227833e+01
4.720000000000000000e+03 2.288087775408509117e+01
4.730000000000000000e+03 2.179901111360126720e+01
4.740000000000000000e+03 2.127306098115931832e+01
4.750000000000000000e+03 2.172694596789639832e+01
4.760000000000000000e+03 1.998681518867691409e+01
4.770000000000000000e+03 2.177538339805857959e+01
4.780000000000000000e+03 2.298003115595807344e+01
4.790000000000000000e+03 2.181996259712316544e+01
4.800000000000000000e+03 2.176530386409794460e+01
4.810000000000000000e+03 2.261558388451892654e+01
4.820000000000000000e+03 2.198469214686092243e+01
4.830000000000000000e+03 2.206970518065108422e+01
4.840000000000000000e+03 2.271930712510501849e+01
4.850000000000000000e+03 2.185101014650929585e+01
4.860000000000000000e+03 2.219560617947124115e+01
4.870000000000000000e+03 2.374046035930463461e+01
4.880000000000000000e+03 2.356776812873985705e+01
4.890000000000000000e+03 2.192986081188490743e+01
4.900000000000000000e+03 2.244414689950987452e+01
4.910000000000000000e+03 2.307190559484045878e+01
4.920000000000000000e+03 2.327923489240886568e+01
4.930000000000000000e+03 2.384742255378021980e+01
4.940000000000000000e+03 2.343876721148944853e+01
4.950000000000000000e+03 2.297701080899005888e+01
4.960000000000000000e+03 2.243909791269292953e+01
4.970000000000000000e+03 2.323273320379961149e+01
4.980000000000000000e+03 2.254039909542049713e+01
4.990000000000000000e+03 2.224516112644313637e+01
5.000000000000000000e+03 2.354694971562388162e+01
5.010000000000000000e+03 2.431527540224277573e+01
5.020000000000000000e+03 2.414115232316231641e+01
5.030000000000000000e+03 2.395950384552239143e+01
5.040000000000000000e+03 2.343836332542275613e+01
5.050000000000000000e+03 2.326009891990349843e+01
5.060000000000000000e+03 2.236452213878362727e+01
5.070000000000000000e+03 2.329474693610367808e+01
5.080000000000000000e+03 2.232765613873652910e+01
5.090000000000000000e+03 2.279673343394671292e+01
5.100000000000000000e+03 2.240646638690287773e+01
5.110000000000000000e+03 2.106236034340116703e+01
5.120000000000000000e+03 2.091689890090182757e+01
5.130000000000000000e+03 1.966692165834993489e+01
5.140000000000000000e+03 1.982586043346364590e+01
5.150000000000000000e+03 2.091807717370735986e+01
5.160000000000000000e+03 2.116989777340046430e+01
5.170000000000000000e+03 1.999191698155699726e+01
5.180000000000000000e+03 2.092581275707132704e+01
5.190000000000000000e+03 1.942507981288929386e+01
5.200000000000000000e+03 1.898374523581441053e+01
5.210000000000000000e+03 1.925382618274613833e+01
5.220000000000000000e+03 1.838243166387648841e+01
5.230000000000000000e+03 1.840347301293459736e+01
5.240000000000000000e+03 1.909717269331687817e+01
5.250000000000000000e+03 1.836940589537530855e+01
5.260000000000000000e+03 1.858015561941759586e+01
5.270000000000000000e+03 1.928406807984511317e+01
5.280000000000000000e+03 1.880982990731237692e+01
5.290000000000000000e+03 1.752017156886741134e+01
5.300000000000000000e+03 1.748891867546494439e+01
5.310000000000000000e+03 1.730111818457926631e+01
5.320000000000000000e+03 1.630422042083229428e+01
5.330000000000000000e+03 1.633946272924332277e+01
5.340000000000000000e+03 1.705793982888003768e+01
5.350000000000000000e+03 1.705665756936222976e+01
5.360000000000000000e+03 1.849579381050311611e+01
5.370000000000000000e+03 1.819050048451069301e+01
5.380000000000000000e+03 1.981103219070921284e+01
5.390000000000000000e+03 1.869285944795225873e+01
5.400000000000000000e+03 2.014309960929068666e+01
5.410000000000000000e+03 2.028172490811874695e+01
5.420000000000000000e+03 1.885577897554351523e+01
5.430000000000000000e+03 1.853720584727697940e+01
5.440000000000000000e+03 1.910618347436701470e+01
5.450000000000000000e+03 1.880500374622118898e+01
5.460000000000000000e+03 2.041450682081870127e+01
5.470000000000000000e+03 2.073653809840331519e+01
5.480000000000000000e+03 1.827700951351539516e+01
5.490000000000000000e+03 1.860113196289071880e+01
5.500000000000000000e+03 1.866060243063142821e+01
5.510000000000000000e+03 1.669170521698205789e+01
5.520000000000000000e+03 1.781597474733172248e+01
5.530000000000000000e+03 1.667709467163830084e+01
5.540000000000000000e+03 1.725907838537209216e+01
5.550000000000000000e+03 1.714472877304409337e+01
5.560000000000000000e+03 1.712956733374640805e+01
5.570000000000000000e+03 1.682690101700927698e+01
5.580000000000000000e+03 1.714239038374545032e+01
5.590000000000000000e+03 1.701021973177390123e+01
5.600000000000000000e+03 1.724800999033578819e+01
5.610000000000000000e+03 1.618688833165123242e+01
5.620000000000000000e+03 1.602778489288296271e+01
5.630000000000000000e+03 1.679668514221555142e+01
5.640000000000000000e+03 1.654279076314611530e+01
5.650000000000000000e+03 1.692534010391749177e+01
5.660000000000000000e+03 1.687589211723054916e+01
5.670000000000000000e+03 1.847934147953786521e+01
5.680000000000000000e+03 1.708771639763777728e+01
5.690000000000000000e+03 1.723976143188737353e+01
5.700000000000000000e+03 1.788526976769712462e+01
5.710000000000000000e+03 1.835569061842551264e+01
5.720000000000000000e+03 1.871284174046638782e+01
5.730000000000000000e+03 1.775295780017897584e+01
5.740000000000000000e+03 1.753471684616378923e+01
5.750000000000000000e+03 1.918891815264058209e+01
5.760000000000000000e+03 1.905933686797629889e+01
5.770000000000000000e+03 1.808337269606424513e+01
5.780000000000000000e+03 1.719547760700353933e+01
5.790000000000000000e+03 1.713730256503751548e+01
5.800000000000000000e+03 1.702012892288936996e+01
5.810000000000000000e+03 1.761127488098821914e+01
5.820000000000000000e+03 1.736241103535449781e+01
5.830000000000000000e+03 1.615955837269721940e+01
5.840000000000000000e+03 1.553591851688810266e+01
5.850000000000000000e+03 1.651933326458252793e+01
5.860000000000000000e+03 1.684550640266711241e+01
5.870000000000000000e+03 1.638342847279325554e+01
5.880000000000000000e+03 1.559529840479243035e+01
5.890000000000000000e+03 1.541238127304939098e+01
5.900000000000000000e+03 1.519458586136184408e+01
5.910000000000000000e+03 1.606311005229524369e+01
5.920000000000000000e+03 1.521257805766643401e+01
5.930000000000000000e+03 1.532870077351405769e+01
5.940000000000000000e+03 1.539583557681676496e+01
5.950000000000000000e+03 1.469505217560313781e+01
5.960000000000000000e+03 1.578278913431299202e+01
5.970000000000000000e+03 1.547817272553429291e+01
5.980000000000000000e+03 1.805251925071166852e+01
5.990000000000000000e+03 1.834815127310994853e+01
6.000000000000000000e+03 1.720069279976328858e+01
6.010000000000000000e+03 1.677567562102049692e+01
6.020000000000000000e+03 1.794268055765994063e+01
6.030000000000000000e+03 1.904848840015237954e+01
6.040000000000000000e+03 1.839373406784402221e+01
6.050000000000000000e+03 1.722594063755386173e+01
6.060000000000000000e+03 1.768945228710335016e+01
6.070000000000000000e+03 1.778991243871142558e+01
6.080000000000000000e+03 1.815643629010483551e+01
6.090000000000000000e+03 1.796331781036641928e+01
6.100000000000000000e+03 1.833788132068113441e+01
6.110000000000000000e+03 1.738714828065400297e+01
6.120000000000000000e+03 1.757643999889236852e+01
6.130000000000000000e+03 1.722107089663819579e+01
6.140000000000000000e+03 1.942443476576630701e+01
6.150000000000000000e+03 2.038462529839856074e+01
6.160000000000000000e+03 1.931664777667749888e+01
6.170000000000000000e+03 2.003225620911516103e+01
6.180000000000000000e+03 1.995981539574511032e+01
6.190000000000000000e+03 1.985403801506913624e+01
6.200000000000000000e+03 1.908110342241310775e+01
6.210000000000000000e+03 1.743200778318346522e+01
6.220000000000000000e+03 1.626790434552611941e+01
6.230000000000000000e+03 1.563656291596230119e+01
6.240000000000000000e+03 1.495282437363300687e+01
6.250000000000000000e+03 1.568496102177651608e+01
6.260000000000000000e+03 1.461869652908590922e+01
6.270000000000000000e+03 1.540959604157194462e+01
6.280000000000000000e+03 1.330403372503057824e+01
6.290000000000000000e+03 1.260963215736738618e+01
6.300000000000000000e+03 1.213169830333254140e+01
6.310000000000000000e+03 1.165222737068599201e+01
6.320000000000000000e+03 1.156825787303252184e+01
6.330000000000000000e+03 1.270350093360096366e+01
6.340000000000000000e+03 1.265722392394407336e+01
6.350000000000000000e+03 1.348877139502803857e+01
6.360000000000000000e+03 1.429058977996633928e+01
6.370000000000000000e+03 1.365324885520392684e+01
6.380000000000000000e+03 1.530805850987920280e+01
6.390000000000000000e+03 1.487327845942220961e+01
6.400000000000000000e+03 1.497055714856921327e+01
6.410000000000000000e+03 1.309513524630268932e+01
6.420000000000000000e+03 1.540550788152593498e+01
6.430000000000000000e+03 1.494744674070662427e+01
6.440000000000000000e+03 1.555664589624863936e+01
6.450000000000000000e+03 1.449106179729757571e+01
6.460000000000000000e+03 1.551734696681478454e+01
6.470000000000000000e+03 1.620650604879074308e+01
6.480000000000000000e+03 1.517294092697657959e+01
6.490000000000000000e+03 1.502598566140892444e+01
6.500000000000000000e+03 1.457113691567654712e+01
6.510000000000000000e+03 1.369605666877721717e+01
6.520000000000000000e+03 1.452405319386983251e+01
6.530000000000000000e+03 1.365464484745122320e+01
6.540000000000000000e+03 1.465979846207392256e+01
6.550000000000000000e+03 1.546263119191195301e+01
6.560000000000000000e+03 1.587971233514055314e+01
6.570000000000000000e+03 1.822768654964974644e+01
6.580000000000000000e+03 1.758792015517731500e+01
6.590000000000000000e+03 1.766612546362590308e+01
6.600000000000000000e+03 1.829864843299658617e+01
6.610000000000000000e+03 1.844915274587981457e+01
6.620000000000000000e+03 1.958363529950989346e+01
6.630000000000000000e+03 1.837399336151352713e+01
6.640000000000000000e+03 1.991416103974552243e+01
6.650000000000000000e+03 1.880261214644265522e+01
6.660000000000000000e+03 1.805629678259892046e+01
6.670000000000000000e+03 1.801197267765631693e+01
6.680000000000000000e+03 1.676190086867121920e+01
6.690000000000000000e+03 1.802236151419047872e+01
6.700000000000000000e+03 1.743476148410427129e+01
6.710000000000000000e+03 1.928377285954961451e+01
6.720000000000000000e+03 1.996959472108922284e+01
6.730000000000000000e+03 1.964428622800120650e+01
6.740000000000000000e+03 2.021155442357178345e+01
6.750000000000000000e+03 1.881675950813594511e+01
6.760000000000000000e+03 2.050194273053654115e+01
6.770000000000000000e+03 1.910224444364787644e+01
6.780000000000000000e+03 1.875435024567086373e+01
6.790000000000000000e+03 1.827192304957547719e+01
6.800000000000000000e+03 1.827269674494243645e+01
6.810000000000000000e+03 1.856654441358821828e+01
6.820000000000000000e+03 1.960965678218877883e+01
6.830000000000000000e+03 2.058590295567969974e+01
6.840000000000000000e+03 1.921147335788492683e+01
6.850000000000000000e+03 1.863007049080717081e+01
6.860000000000000000e+03 1.838702478066156232e+01
6.870000000000000000e+03 1.848545906069766431e+01
6.880000000000000000e+03 1.851646583420837544e+01
6.890000000000000000e+03 1.887688417841735600e+01
6.900000000000000000e+03 1.743507735415253990e+01
6.910000000000000000e+03 1.875890044921915489e+01
6.920000000000000000e+03 1.828620702520768759e+01
6.930000000000000000e+03 1.791126419219123989e+01
6.940000000000000000e+03 1.806280794983393889e+01
6.950000000000000000e+03 1.742980475441952137e+01
6.960000000000000000e+03 1.741782030381639856e+01
6.970000000000000000e+03 1.816032127774394667e+01
6.980000000000000000e+03 1.934172660089650719e+01
6.990000000000000000e+03 2.019977271748985004e+01
7.000000000000000000e+03 2.151425215788040646e+01
7.010000000000000000e+03 2.159738274267252223e+01
7.020000000000000000e+03 2.132540058279698769e+01
7.030000000000000000e+03 2.123982080814653273e+01
7.040000000000000000e+03 2.284592590667867285e+01
7.050000000000000000e+03 2.287652057035009534e+01
7.060000000000000000e+03 2.059613370546486522e+01
7.070000000000000000e+03 2.081009052662457748e+01
7.080000000000000000e+03 2.045390074264565783e+01
7.090000000000000000e+03 1.992933022321319925e+01
7.100000000000000000e+03 2.113369854137079074e+01
7.110000000000000000e+03 1.993413921109655007e+01
7.120000000000000000e+03 2.144760146560884095e+01
7.130000000000000000e+03 2.171191556946899937e+01
7.140000000000000000e+03 1.975104923098311360e+01
7.150000000000000000e+03 1.899748286179072920e+01
7.160000000000000000e+03 1.796473173477397722e+01
7.170000000000000000e+03 1.639442660637324423e+01
7.180000000000000000e+03 1.736246974337285565e+01
7.190000000000000000e+03 1.875024857491922603e+01
7.200000000000000000e+03 1.894349711024662497e+01
7.210000000000000000e+03 2.048218535191043088e+01
7.220000000000000000e+03 1.897200155383013964e+01
7.230000000000000000e+03 1.986686037707283958e+01
7.240000000000000000e+03 1.881584040566562521e+01
7.250000000000000000e+03 1.828227012819964159e+01
7.260000000000000000e+03 1.934508663231729031e+01
7.270000000000000000e+03 1.851878153898188373e+01
7.280000000000000000e+03 2.030548612657483432e+01
7.290000000000000000e+03 1.969247814879206260e+01
7.300000000000000000e+03 1.912266916695926966e+01
7.310000000000000000e+03 1.861808442914288264e+01
7.320000000000000000e+03 1.709467865528873176e+01
7.330000000000000000e+03 1.586545843503689923e+01
7.340000000000000000e+03 1.602198718577669467e+01
7.350000000000000000e+03 1.597876789038227230e+01
7.360000000000000000e+03 1.625167553476069315e+01
7.370000000000000000e+03 1.563297097178295303e+01
7.380000000000000000e+03 1.612507711760784446e+01
7.390000000000000000e+03 1.606551210733552182e+01
7.400000000000000000e+03 1.675415913775454158e+01
7.410000000000000000e+03 1.870436582919745661e+01
7.420000000000000000e+03 1.827052520768461363e+01
7.430000000000000000e+03 1.881745120873313226e+01
7.440000000000000000e+03 1.777052165587744526e+01
7.450000000000000000e+03 1.817992383674531709e+01
7.460000000000000000e+03 1.763029039109238738e+01
7.470000000000000000e+03 1.871484115244027180e+01
7.480000000000000000e+03 1.930701150575393399e+01
7.490000000000000000e+03 2.008808006524296275e+01
7.500000000000000000e+03 1.975468290610514543e+01
7.510000000000000000e+03 1.762120529978334105e+01
7.520000000000000000e+03 1.890742919052085824e+01
7.530000000000000000e+03 1.792717261576775911e+01
7.540000000000000000e+03 1.911876641609451610e+01
7.550000000000000000e+03 1.888665757784482935e+01
7.560000000000000000e+03 2.228202834736995896e+01
7.570000000000000000e+03 2.068000006810436275e+01
7.580000000000000000e+03 2.067399660717768484e+01
7.590000000000000000e+03 2.040662689495852078e+01
7.600000000000000000e+03 2.057128027061565945e+01
7.610000000000000000e+03 2.156113354733304277e+01
7.620000000000000000e+03 2.158248089988344987e+01
7.630000000000000000e+03 2.071619563275041287e+01
7.640000000000000000e+03 1.987596727233594152e+01
7.650000000000000000e+03 2.060135950607195809e+01
7.660000000000000000e+03 1.963631310621819637e+01
7.670000000000000000e+03 1.845425440257194794e+01
7.680000000000000000e+03 1.930401273541799867e+01
7.690000000000000000e+03 1.858142761253000685e+01
7.700000000000000000e+03 1.869109604283103465e+01
7.710000000000000000e+03 1.914273890732880545e+01
7.720000000000000000e+03 1.921692950719122450e+01
7.730000000000000000e+03 1.905698544300243213e+01
7.740000000000000000e+03 1.791928539480980476e+01
7.750000000000000000e+03 1.769533451708626615e+01
7.760000000000000000e+03 1.950835443080592313e+01
7.770000000000000000e+03 1.927523525972732443e+01
7.780000000000000000e+03 1.807674549148667609e+01
7.790000000000000000e+03 1.805240602988929766e+01
7.800000000000000000e+03 1.758363290934030942e+01
7.810000000000000000e+03 1.782544948132962759e+01
7.820000000000000000e+03 1.672643421747314108e+01
7.830000000000000000e+03 1.764652389562192525e+01
7.840000000000000000e+03 1.719893959548703322e+01
7.850000000000000000e+03 1.747716818712541453e+01
7.860000000000000000e+03 1.814008428188451205e+01
7.870000000000000000e+03 1.875502048502094965e+01
7.880000000000000000e+03 1.889455955548886834e+01
7.890000000000000000e+03 1.982887061647784321e+01
7.900000000000000000e+03 1.835731945753862249e+01
7.910000000000000000e+03 1.815846079639280219e+01
7.920000000000000000e+03 1.877896748768849022e+01
7.930000000000000000e+03 1.705334737998413175e+01
7.940000000000000000e+03 1.771802368930298144e+01
7.950000000000000000e+03 1.820083784571627916e+01
7.960000000000000000e+03 1.727477168707463306e+01
7.970000000000000000e+03 1.626591995028380211e+01
7.980000000000000000e+03 1.527145849234781849e+01
7.990000000000000000e+03 1.712677769720878018e+01
8.000000000000000000e+03 1.706743352436386374e+01
8.010000000000000000e+03 1.640379559739739079e+01
8.020000000000000000e+03 1.558650450261094988e+01
8.030000000000000000e+03 1.556525508060130392e+01
8.040000000000000000e+03 1.683467437423699664e+01
8.050000000000000000e+03 1.418698750920957252e+01
8.060000000000000000e+03 1.395038141724398884e+01
8.070000000000000000e+03 1.366539771087090571e+01
8.080000000000000000e+03 1.320313462114995673e+01
8.090000000000000000e+03 1.407839214170606112e+01
8.100000000000000000e+03 1.569277319844654528e+01
8.110000000000000000e+03 1.581188417451120642e+01
8.120000000000000000e+03 1.568762382676626999e+01
8.130000000000000000e+03 1.686199275105821016e+01
8.140000000000000000e+03 1.661113513664095365e+01
8.150000000000000000e+03 1.657749339655175902e+01
8.160000000000000000e+03 1.610576266760780584e+01
8.170000000000000000e+03 1.660645107921368435e+01
8.180000000000000000e+03 1.637278700364116446e+01
8.190000000000000000e+03 1.690580691422702841e+01
8.200000000000000000e+03 1.701982197029975907e+01
8.210000000000000000e+03 1.627319967055677807e+01
8.220000000000000000e+03 1.375409226365630388e+01
8.230000000000000000e+03 1.328420473260497658e+01
8.240000000000000000e+03 1.454113614695279466e+01
8.250000000000000000e+03 1.528422612544424908e+01
8.260000000000000000e+03 1.400792743152216246e+01
8.270000000000000000e+03 1.271020901205726261e+01
8.280000000000000000e+03 1.219489221176499427e+01
8.290000000000000000e+03 1.222748249507822038e+01
8.300000000000000000e+03 1.365840794560335780e+01
8.310000000000000000e+03 1.431141170519799743e+01
8.320000000000000000e+03 1.599885758100379007e+01
8.330000000000000000e+03 1.761153753732995142e+01
8.340000000000000000e+03 1.638031868921028433e+01
8.350000000000000000e+03 1.560066517516376905e+01
8.360000000000000000e+03 1.561980962275575280e+01
8.370000000000000000e+03 1.532934232104366856e+01
8.380000000000000000e+03 1.489297720457027197e+01
8.390000000000000000e+03 1.426099824206410460e+01
8.400000000000000000e+03 1.274154318279427400e+01
8.410000000000000000e+03 1.294913490107907705e+01
8.420000000000000000e+03 1.335874910781394931e+01
8.430000000000000000e+03 1.357548974903002659e+01
8.440000000000000000e+03 1.416619557909332627e+01
8.450000000000000000e+03 1.315579055779816997e+01
8.460000000000000000e+03 1.287160367665275373e+01
8.470000000000000000e+03 1.249939381217799905e+01
8.480000000000000000e+03 1.187214891282079066e+01
8.490000000000000000e+03 1.297773864020678047e+01
8.500000000000000000e+03 1.295382307226172713e+01
8.510000000000000000e+03 1.416132016484002065e+01
8.520000000000000000e+03 1.292106058845152461e+01
8.530000000000000000e+03 1.252873910121711276e+01
8.540000000000000000e+03 1.111778985498908412e+01
8.550000000000000000e+03 1.038242458623278708e+01
8.560000000000000000e+03 1.059141649977654254e+01
8.570000000000000000e+03 1.027027166182703866e+01
8.580000000000000000e+03 1.130944216902219068e+01
8.590000000000000000e+03 1.050722673773934446e+01
8.600000000000000000e+03 1.038456329289124369e+01
8.610000000000000000e+03 1.018247383325942224e+01
8.620000000000000000e+03 8.987311042218308899e+00
8.630000000000000000e+03 1.009257035963396731e+01
8.640000000000000000e+03 8.993129966409341591e+00
8.650000000000000000e+03 9.509778703123345167e+00
8.660000000000000000e+03 1.080933364579534839e+01
8.670000000000000000e+03 1.185283240113960801e+01
8.680000000000000000e+03 1.077334593225545234e+01
8.690000000000000000e+03 1.116581752991035614e+01
8.700000000000000000e+03 1.196693014898963270e+01
8.710000000000000000e+03 1.178888530208894281e+01
8.720000000000000000e+03 1.099318750541655731e+01
8.730000000000000000e+03 1.153190215658153761e+01
8.740000000000000000e+03 1.150258710341377366e+01
8.750000000000000000e+03 1.154216104608916282e+01
8.760000000000000000e+03 1.138213671650932213e+01
8.770000000000000000e+03 1.025706019362220900e+01
8.780000000000000000e+03 1.019028110283933586e+01
8.790000000000000000e+03 9.088132636388309038e+00
8.800000000000000000e+03 1.029772087089372690e+01
8.810000000000000000e+03 9.535947653266475754e+00
8.820000000000000000e+03 1.012122428123937823e+01
8.830000000000000000e+03 1.061295154580498945e+01
8.840000000000000000e+03 1.100346905884238424e+01
8.850000000000000000e+03 1.071726907010945240e+01
8.860000000000000000e+03 9.730576468848525451e+00
8.870000000000000000e+03 1.179129505562329427e+01
8.880000000000000000e+03 1.194011751199724358e+01
8.890000000000000000e+03 1.251806260601303222e+01
8.900000000000000000e+03 1.250603298359192195e+01
8.910000000000000000e+03 1.231560363159751148e+01
8.920000000000000000e+03 1.120750731453721016e+01
8.930000000000000000e+03 1.016373264811932131e+01
8.940000000000000000e+03 1.223247309089968837e+01
8.950000000000000000e+03 1.006039560586657444e+01
8.960000000000000000e+03 1.048449542552302205e+01
8.970000000000000000e+03 9.763676239963288594e+00
8.980000000000000000e+03 1.002591650577583948e+01
8.990000000000000000e+03 1.042645262526205840e+01
9.000000000000000000e+03 9.481651479053667231e+00
