# key height(A)
0.000000000000000000e+00 6.024328192363427092e+01
1.000000000000000000e+01 6.178062648121260736e+01
2.000000000000000000e+01 6.220455982154935981e+01
3.000000000000000000e+01 6.246459731641346025e+01
4.000000000000000000e+01 6.245443204205852084e+01
5.000000000000000000e+01 6.264152071619859896e+01
6.000000000000000000e+01 6.329039064829774475e+01
7.000000000000000000e+01 6.324020407758320061e+01
8.000000000000000000e+01 6.389536108228445954e+01
9.000000000000000000e+01 6.419144506603832667e+01
1.000000000000000000e+02 6.453192891154154154e+01
1.100000000000000000e+02 6.468987418598189265e+01
1.200000000000000000e+02 6.506060238565164866e+01
1.300000000000000000e+02 6.557687199746480644e+01
1.400000000000000000e+02 6.572636804865001636e+01
1.500000000000000000e+02 6.668831189650553881e+01
1.600000000000000000e+02 6.661696829221502014e+01
1.700000000000000000e+02 6.698466490213370150e+01
1.800000000000000000e+02 6.791581069020614336e+01
1.900000000000000000e+02 6.825656224351465085e+01
2.000000000000000000e+02 6.870067939838205007e+01
2.100000000000000000e+02 6.911712685227350050e+01
2.200000000000000000e+02 6.909814569740082391e+01
2.300000000000000000e+02 6.999132027204942119e+01
2.400000000000000000e+02 7.005017044360467082e+01
2.500000000000000000e+02 7.111911814739229953e+01
2.600000000000000000e+02 7.135585191619236411e+01
2.700000000000000000e+02 7.148172528186147190e+01
2.800000000000000000e+02 7.181038292265677114e+01
2.900000000000000000e+02 7.172369469273527898e+01
3.000000000000000000e+02 7.174205909930729774e+01
3.100000000000000000e+02 7.260803275408424895e+01
3.200000000000000000e+02 7.368900579703594644e+01
3.300000000000000000e+02 7.358268759521861568e+01
3.400000000000000000e+02 7.404721538684822235e+01
3.500000000000000000e+02 7.307956086177176758e+01
3.600000000000000000e+02 7.263517296613615315e+01
3.700000000000000000e+02 7.310483474688651029e+01
3.800000000000000000e+02 7.248625435712781950e+01
3.900000000000000000e+02 7.210055290795854432e+01
4.000000000000000000e+02 7.215776654020352510e+01
4.100000000000000000e+02 7.164273318691050463e+01
4.200000000000000000e+02 7.169233409953753267e+01
4.300000000000000000e+02 7.060469096390919219e+01
4.400000000000000000e+02 7.070775825234439083e+01
4.500000000000000000e+02 7.112093805874008012e+01
4.600000000000000000e+02 7.181287690222578135e+01
4.700000000000000000e+02 7.284810730120965161e+01
4.800000000000000000e+02 7.337433298968787199e+01
4.900000000000000000e+02 7.178805576133073885e+01
5.000000000000000000e+02 7.261129574497043393e+01
5.100000000000000000e+02 7.272347939843312759e+01
5.200000000000000000e+02 7.366512395145180392e+01
5.300000000000000000e+02 7.349246296612895435e+01
5.400000000000000000e+02 7.210504508601643181e+01
5.500000000000000000e+02 7.133119927672407812e+01
5.600000000000000000e+02 7.117867793826336253e+01
5.700000000000000000e+02 7.242312725367013115e+01
5.800000000000000000e+02 7.209100822696348132e+01
5.900000000000000000e+02 7.240457439007808205e+01
6.000000000000000000e+02 7.132714863251175075e+01
6.100000000000000000e+02 7.094679190839443095e+01
6.200000000000000000e+02 7.155041178449495476e+01
6.300000000000000000e+02 7.089196536651367353e+01
6.400000000000000000e+02 7.271651884223729212e+01
6.500000000000000000e+02 7.359092892068424874e+01
6.600000000000000000e+02 7.465365954084980160e+01
6.700000000000000000e+02 7.209612912020416786e+01
6.800000000000000000e+02 7.104881501905649088e+01
6.900000000000000000e+02 7.050018980946002500e+01
7.000000000000000000e+02 7.048284024556815552e+01
7.100000000000000000e+02 7.117655968740875494e+01
7.200000000000000000e+02 7.126652753984991762e+01
7.300000000000000000e+02 7.114544364813028210e+01
7.400000000000000000e+02 6.931105911786052332e+01
7.500000000000000000e+02 6.833124261819162371e+01
7.600000000000000000e+02 6.877365892758297150e+01
7.700000000000000000e+02 6.935739646456534047e+01
7.800000000000000000e+02 6.919023870470637405e+01
7.900000000000000000e+02 6.963517568276692771e+01
8.000000000000000000e+02 6.846321196601661541e+01
8.100000000000000000e+02 6.879763546688147358e+01
8.200000000000000000e+02 6.609844679273514600e+01
8.300000000000000000e+02 6.641878008556115276e+01
8.400000000000000000e+02 6.730709758108163498e+01
8.500000000000000000e+02 6.698026720519816024e+01
8.600000000000000000e+02 6.643852312871673860e+01
8.700000000000000000e+02 6.508941441675531792e+01
8.800000000000000000e+02 6.456356708257617072e+01
8.900000000000000000e+02 6.424862166450560608e+01
9.000000000000000000e+02 6.459473904116998710e+01
9.100000000000000000e+02 6.559563116754020484e+01
9.200000000000000000e+02 6.641603414651633841e+01
9.300000000000000000e+02 6.607515612781620007e+01
9.400000000000000000e+02 6.730245945989966572e+01
9.500000000000000000e+02 6.767811670988254491e+01
9.600000000000000000e+02 6.770594837379675823e+01
9.700000000000000000e+02 6.829616272914631736e+01
9.800000000000000000e+02 6.855407452550868186e+01
9.900000000000000000e+02 6.930361306792644882e+01
1.000000000000000000e+03 6.847313798995533318e+01
1.010000000000000000e+03 6.968801455395411892e+01
1.020000000000000000e+03 6.683385751262146357e+01
1.030000000000000000e+03 6.635112302208543156e+01
1.040000000000000000e+03 6.682116552720619040e+01
1.050000000000000000e+03 6.618742406597645811e+01
1.060000000000000000e+03 6.597872473184460773e+01
1.070000000000000000e+03 6.505950394725576302e+01
1.080000000000000000e+03 6.473737366458901477e+01
1.090000000000000000e+03 6.651551907574646805e+01
1.100000000000000000e+03 6.512461399484314484e+01
1.110000000000000000e+03 6.513065540647895091e+01
1.120000000000000000e+03 6.690090128345956089e+01
1.130000000000000000e+03 6.622907016921276124e+01
1.140000000000000000e+03 6.425263329597041206e+01
1.150000000000000000e+03 6.384754382773301273e+01
1.160000000000000000e+03 6.377107556047881332e+01
1.170000000000000000e+03 6.351496050352876210e+01
1.180000000000000000e+03 6.339211357925751855e+01
1.190000000000000000e+03 6.374839236284959298e+01
1.200000000000000000e+03 6.352306060654849063e+01
1.210000000000000000e+03 6.359191705819034723e+01
1.220000000000000000e+03 6.416123955096338705e+01
1.230000000000000000e+03 6.462764465897660671e+01
1.240000000000000000e+03 6.454535800792113776e+01
1.250000000000000000e+03 6.440092437199483300e+01
1.260000000000000000e+03 6.455522752772596107e+01
1.270000000000000000e+03 6.518086802775901845e+01
1.280000000000000000e+03 6.648071863987912877e+01
1.290000000000000000e+03 6.765940389839336433e+01
1.300000000000000000e+03 6.467329178217046604e+01
1.310000000000000000e+03 6.372632437682705842e+01
1.320000000000000000e+03 6.367892941610905666e+01
1.330000000000000000e+03 6.414290506129725600e+01
1.340000000000000000e+03 6.439045465291066250e+01
1.350000000000000000e+03 6.514058315845699099e+01
1.360000000000000000e+03 6.423756700532548791e+01
1.370000000000000000e+03 6.402511906367126926e+01
1.380000000000000000e+03 6.144431307388252606e+01
1.390000000000000000e+03 6.209725465986849713e+01
1.400000000000000000e+03 6.313154924106284227e+01
1.410000000000000000e+03 6.198689276086936673e+01
1.420000000000000000e+03 6.222782838157345253e+01
1.430000000000000000e+03 6.280451833383312987e+01
1.440000000000000000e+03 6.284716593522202999e+01
1.450000000000000000e+03 6.319645866685211644e+01
1.460000000000000000e+03 6.446519658580686496e+01
1.470000000000000000e+03 6.370974407374146864e+01
1.480000000000000000e+03 6.519931452147751827e+01
1.490000000000000000e+03 6.581799067872030662e+01
1.500000000000000000e+03 6.397140500167103028e+01
1.510000000000000000e+03 6.519074002950820557e+01
1.520000000000000000e+03 6.297024251107161774e+01
1.530000000000000000e+03 6.326665171543731248e+01
1.540000000000000000e+03 6.309189942555717323e+01
1.550000000000000000e+03 6.368255888177344559e+01
1.560000000000000000e+03 6.263014826914346145e+01
1.570000000000000000e+03 6.320248899925694275e+01
1.580000000000000000e+03 6.287360819040703319e+01
1.590000000000000000e+03 6.406576041343822681e+01
1.600000000000000000e+03 6.253308061276514707e+01
1.610000000000000000e+03 6.213141764139032119e+01
1.620000000000000000e+03 6.291436578636644583e+01
1.630000000000000000e+03 6.463376173011327808e+01
1.640000000000000000e+03 6.254891894877136593e+01
1.650000000000000000e+03 6.257431576849963051e+01
1.660000000000000000e+03 6.296508005742940384e+01
1.670000000000000000e+03 6.285299087438244214e+01
1.680000000000000000e+03 6.395340968535922599e+01
1.690000000000000000e+03 6.193790992026401909e+01
1.700000000000000000e+03 6.178080435927676461e+01
1.710000000000000000e+03 6.165539308684418529e+01
1.720000000000000000e+03 6.231477995972314687e+01
1.730000000000000000e+03 6.201217324976540368e+01
1.740000000000000000e+03 6.124554740990373602e+01
1.750000000000000000e+03 6.072832931536346024e+01
1.760000000000000000e+03 6.028140759671629922e+01
1.770000000000000000e+03 6.038396114622325683e+01
1.780000000000000000e+03 6.029024255473847660e+01
1.790000000000000000e+03 6.081717994195037846e+01
1.800000000000000000e+03 6.017597133634350115e+01
1.810000000000000000e+03 6.058253299714010609e+01
1.820000000000000000e+03 6.092287348306815886e+01
1.830000000000000000e+03 6.065142513220655474e+01
1.840000000000000000e+03 6.161116250743375389e+01
1.850000000000000000e+03 6.189543272922146144e+01
1.860000000000000000e+03 6.257951535263862297e+01
1.870000000000000000e+03 6.276204582593741321e+01
1.880000000000000000e+03 6.309630819939355462e+01
1.890000000000000000e+03 6.060002261046211913e+01
1.900000000000000000e+03 6.099437079630452274e+01
1.910000000000000000e+03 6.068340481835417677e+01
1.920000000000000000e+03 5.977357789800576882e+01
1.930000000000000000e+03 5.962334518441249998e+01
1.940000000000000000e+03 5.937568226379303837e+01
1.950000000000000000e+03 6.021401209970461821e+01
1.960000000000000000e+03 6.020480013123334118e+01
1.970000000000000000e+03 5.972761522234246456e+01
1.980000000000000000e+03 6.002929034345542902e+01
1.990000000000000000e+03 6.078712468449083417e+01
2.000000000000000000e+03 6.145110893818153386e+01
2.010000000000000000e+03 6.020239290164339252e+01
2.020000000000000000e+03 6.028349526417062521e+01
2.030000000000000000e+03 5.992245835008489507e+01
2.040000000000000000e+03 5.936157562458339498e+01
2.050000000000000000e+03 6.149515752083212305e+01
2.060000000000000000e+03 6.105110837850206451e+01
2.070000000000000000e+03 6.249249004290624043e+01
2.080000000000000000e+03 6.141719004753596778e+01
2.090000000000000000e+03 6.168892276641153671e+01
2.100000000000000000e+03 5.999895939431951319e+01
2.110000000000000000e+03 6.004612357027036751e+01
2.120000000000000000e+03 6.108128545619818794e+01
2.130000000000000000e+03 5.954188086504184696e+01
2.140000000000000000e+03 6.014087717019758372e+01
2.150000000000000000e+03 6.120889975029977847e+01
2.160000000000000000e+03 6.107269396911213732e+01
2.170000000000000000e+03 6.074393475390576214e+01
2.180000000000000000e+03 6.169301744967215484e+01
2.190000000000000000e+03 6.078227882886011457e+01
2.200000000000000000e+03 6.170475515536777777e+01
2.210000000000000000e+03 6.062811267880658761e+01
2.220000000000000000e+03 6.116702524929618789e+01
2.230000000000000000e+03 6.046874918682595990e+01
2.240000000000000000e+03 5.991989192282294141e+01
2.250000000000000000e+03 6.124521487045606705e+01
2.260000000000000000e+03 6.062603854970532780e+01
2.270000000000000000e+03 5.980634499150336580e+01
2.280000000000000000e+03 5.997800046068364566e+01
2.290000000000000000e+03 5.966964369997927520e+01
2.300000000000000000e+03 6.145954492161874327e+01
2.310000000000000000e+03 6.259343858785555881e+01
2.320000000000000000e+03 6.138078169819027607e+01
2.330000000000000000e+03 6.033517837283672236e+01
2.340000000000000000e+03 5.999659395444322740e+01
2.350000000000000000e+03 6.053382094010314063e+01
2.360000000000000000e+03 6.148552226359410611e+01
2.370000000000000000e+03 6.058573221740614656e+01
2.380000000000000000e+03 5.955260936457121090e+01
2.390000000000000000e+03 5.913556912547434763e+01
2.400000000000000000e+03 5.895847207763793563e+01
2.410000000000000000e+03 5.863575382267345049e+01
2.420000000000000000e+03 6.035061888603785007e+01
2.430000000000000000e+03 5.953734742422564352e+01
2.440000000000000000e+03 6.047447515587877831e+01
2.450000000000000000e+03 5.854600872377162091e+01
2.460000000000000000e+03 5.790881656218306262e+01
2.470000000000000000e+03 5.821783982674853064e+01
2.480000000000000000e+03 5.907548522818439096e+01
2.490000000000000000e+03 5.841777452428310369e+01
2.500000000000000000e+03 5.966364009894250842e+01
2.510000000000000000e+03 5.950786416449929561e+01
2.520000000000000000e+03 5.945391570563735684e+01
2.530000000000000000e+03 5.894670628564597337e+01
2.540000000000000000e+03 5.977022240945316867e+01
2.550000000000000000e+03 5.874982403662326647e+01
2.560000000000000000e+03 5.949863207681885058e+01
2.570000000000000000e+03 6.030175968104835249e+01
2.580000000000000000e+03 6.082662975514456605e+01
2.590000000000000000e+03 5.983466437409788341e+01
2.600000000000000000e+03 5.984504903780465668e+01
2.610000000000000000e+03 5.918659601933245540e+01
2.620000000000000000e+03 5.966777377721591336e+01
2.630000000000000000e+03 5.890851637741624813e+01
2.640000000000000000e+03 6.004747233880615909e+01
2.650000000000000000e+03 5.936052451059718749e+01
2.660000000000000000e+03 5.923499977764318203e+01
2.670000000000000000e+03 5.781329206213747796e+01
2.680000000000000000e+03 5.779965260260857463e+01
2.690000000000000000e+03 5.828720523741547765e+01
2.700000000000000000e+03 5.834856722972813259e+01
2.710000000000000000e+03 5.896497695569632924e+01
2.720000000000000000e+03 5.851431272302971820e+01
2.730000000000000000e+03 5.865032206098426570e+01
2.740000000000000000e+03 5.822949548446914037e+01
2.750000000000000000e+03 5.700216460394554474e+01
2.760000000000000000e+03 5.643782953519753676e+01
2.770000000000000000e+03 5.763209294878505773e+01
2.780000000000000000e+03 5.782452304720966652e+01
2.790000000000000000e+03 5.700207165538728304e+01
2.800000000000000000e+03 5.720545865369254557e+01
2.810000000000000000e+03 5.754768580763952457e+01
2.820000000000000000e+03 5.674890112258030683e+01
2.830000000000000000e+03 5.651973750026462540e+01
2.840000000000000000e+03 5.550272361161601964e+01
2.850000000000000000e+03 5.671444106661431306e+01
2.860000000000000000e+03 5.626574713293018704e+01
2.870000000000000000e+03 5.646057169762036665e+01
2.880000000000000000e+03 5.686285330296725249e+01
2.890000000000000000e+03 5.696145955334829125e+01
2.900000000000000000e+03 5.698002964562556372e+01
2.910000000000000000e+03 5.709958395374424356e+01
2.920000000000000000e+03 5.734472718619049658e+01
2.930000000000000000e+03 5.688629449429201657e+01
2.940000000000000000e+03 5.671162588378984992e+01
2.950000000000000000e+03 5.672671675224886201e+01
2.960000000000000000e+03 5.803037290773757206e+01
2.970000000000000000e+03 5.801252129862020013e+01
2.980000000000000000e+03 5.930512027899591487e+01
2.990000000000000000e+03 5.721644791306015065e+01
3.000000000000000000e+03 5.843997854502238454e+01
3.010000000000000000e+03 5.766405961377586209e+01
3.020000000000000000e+03 5.677079664074621235e+01
3.030000000000000000e+03 5.769547471986538767e+01
3.040000000000000000e+03 5.680035663937627533e+01
3.050000000000000000e+03 5.515443127978721805e+01
3.060000000000000000e+03 5.658534503848424890e+01
3.070000000000000000e+03 5.711836449826714102e+01
3.080000000000000000e+03 5.718413319824929886e+01
3.090000000000000000e+03 5.811403249294092177e+01
3.100000000000000000e+03 5.749165869158798614e+01
3.110000000000000000e+03 5.894518219951422111e+01
3.120000000000000000e+03 5.705553378990163083e+01
3.130000000000000000e+03 5.698889152665330471e+01
3.140000000000000000e+03 5.545402669873217860e+01
3.150000000000000000e+03 5.527737866573164638e+01
3.160000000000000000e+03 5.650657370529607704e+01
3.170000000000000000e+03 5.508356879597316436e+01
3.180000000000000000e+03 5.563369351732016810e+01
3.190000000000000000e+03 5.602779823575308171e+01
3.200000000000000000e+03 5.645210863886919128e+01
3.210000000000000000e+03 5.454848480350896978e+01
3.220000000000000000e+03 5.375061796493349675e+01
3.230000000000000000e+03 5.500050129008609190e+01
3.240000000000000000e+03 5.510962078942139897e+01
3.250000000000000000e+03 5.636877432709849245e+01
3.260000000000000000e+03 5.606078142414006038e+01
3.270000000000000000e+03 5.648007997715865258e+01
3.280000000000000000e+03 5.550006841721688033e+01
3.290000000000000000e+03 5.476085030328995629e+01
3.300000000000000000e+03 5.449280385397058524e+01
3.310000000000000000e+03 5.535351645049523484e+01
3.320000000000000000e+03 5.502900070602559879e+01
3.330000000000000000e+03 5.596473405837653559e+01
3.340000000000000000e+03 5.565123306025645888e+01
3.350000000000000000e+03 5.580008004711443448e+01
3.360000000000000000e+03 5.675548015559014914e+01
3.370000000000000000e+03 5.528882738406038300e+01
3.380000000000000000e+03 5.583223514868599580e+01
3.390000000000000000e+03 5.501272278426368700e+01
3.400000000000000000e+03 5.426500954575031699e+01
3.410000000000000000e+03 5.406887676204618742e+01
3.420000000000000000e+03 5.332190915682301124e+01
3.430000000000000000e+03 5.522250199523249137e+01
3.440000000000000000e+03 5.477232767281770975e+01
3.450000000000000000e+03 5.475901993415074287e+01
3.460000000000000000e+03 5.454117738167886387e+01
3.470000000000000000e+03 5.419149885173190739e+01
3.480000000000000000e+03 5.393668830194604880e+01
3.490000000000000000e+03 5.383332905390935252e+01
3.500000000000000000e+03 5.389252092233330416e+01
3.510000000000000000e+03 5.514549280101883255e+01
3.520000000000000000e+03 5.401543688106747254e+01
3.530000000000000000e+03 5.403248686267136236e+01
3.540000000000000000e+03 5.533538154403244391e+01
3.550000000000000000e+03 5.431210401656448994e+01
3.560000000000000000e+03 5.426578322927593945e+01
3.570000000000000000e+03 5.335318994797584935e+01
3.580000000000000000e+03 5.492467420286040181e+01
3.590000000000000000e+03 5.419296361487792524e+01
3.600000000000000000e+03 5.425897029942589711e+01
3.610000000000000000e+03 5.432437700646389089e+01
3.620000000000000000e+03 5.505223010031886588e+01
3.630000000000000000e+03 5.539011814260028643e+01
3.640000000000000000e+03 5.541899749202211467e+01
3.650000000000000000e+03 5.481614575957320312e+01
3.660000000000000000e+03 5.361954625469807922e+01
3.670000000000000000e+03 5.420977003432201968e+01
3.680000000000000000e+03 5.389721342367911916e+01
3.690000000000000000e+03 5.364076646910326929e+01
3.700000000000000000e+03 5.479454698414124891e+01
3.710000000000000000e+03 5.370290445332669549e+01
3.720000000000000000e+03 5.396961598392559267e+01
3.730000000000000000e+03 5.388825594210413783e+01
3.740000000000000000e+03 5.337077000276828187e+01
3.750000000000000000e+03 5.358890399302151764e+01
3.760000000000000000e+03 5.290454983033608016e+01
3.770000000000000000e+03 5.373055317360210381e+01
3.780000000000000000e+03 5.313523219263900899e+01
3.790000000000000000e+03 5.336875537592354135e+01
3.800000000000000000e+03 5.379790841224904341e+01
3.810000000000000000e+03 5.360923511903467897e+01
3.820000000000000000e+03 5.409178339107948830e+01
3.830000000000000000e+03 5.323195956682201313e+01
3.840000000000000000e+03 5.228254016420804362e+01
3.850000000000000000e+03 5.180898648175976007e+01
3.860000000000000000e+03 5.209078914723755815e+01
3.870000000000000000e+03 5.231001620501852756e+01
3.880000000000000000e+03 5.303691087458466313e+01
3.890000000000000000e+03 5.250227957523472355e+01
3.900000000000000000e+03 5.326376499226067551e+01
3.910000000000000000e+03 5.371467971323149015e+01
3.920000000000000000e+03 5.416788867216550329e+01
3.930000000000000000e+03 5.310758462573701877e+01
3.940000000000000000e+03 5.328465171276624801e+01
3.950000000000000000e+03 5.284710831714149037e+01
3.960000000000000000e+03 5.416952716805296575e+01
3.970000000000000000e+03 5.270507734159392044e+01
3.980000000000000000e+03 5.238037306763116874e+01
3.990000000000000000e+03 5.213139172685136202e+01
4.000000000000000000e+03 5.146124234987733814e+01
4.010000000000000000e+03 5.184816040268847814e+01
4.020000000000000000e+03 5.249801247594054132e+01
4.030000000000000000e+03 5.258532440305759792e+01
4.040000000000000000e+03 5.079962989223355407e+01
4.050000000000000000e+03 5.097060596797493304e+01
4.060000000000000000e+03 4.991615871441644003e+01
4.070000000000000000e+03 4.971472526484230059e+01
4.080000000000000000e+03 4.944062126907859067e+01
4.090000000000000000e+03 4.959691991823432033e+01
4.100000000000000000e+03 5.034714345250368694e+01
4.110000000000000000e+03 5.003117800784532676e+01
4.120000000000000000e+03 5.063146286840586185e+01
4.130000000000000000e+03 5.085561966909357068e+01
4.140000000000000000e+03 5.110159029048215018e+01
4.150000000000000000e+03 5.099540837987348141e+01
4.160000000000000000e+03 5.035371164171411351e+01
4.170000000000000000e+03 4.986709783427218667e+01
4.180000000000000000e+03 5.046138299967003604e+01
4.190000000000000000e+03 5.196808142537338426e+01
4.200000000000000000e+03 5.210633281574622799e+01
4.210000000000000000e+03 5.199127286548777249e+01
4.220000000000000000e+03 5.264763414472261616e+01
4.230000000000000000e+03 5.260212678552746013e+01
4.240000000000000000e+03 5.430277875350157046e+01
4.250000000000000000e+03 5.170413447673357155e+01
4.260000000000000000e+03 4.939689041823559990e+01
4.270000000000000000e+03 4.984669270524750573e+01
4.280000000000000000e+03 5.054974892089546756e+01
4.290000000000000000e+03 5.041184212600633430e+01
4.300000000000000000e+03 4.842342756442057805e+01
4.310000000000000000e+03 5.000137424873518910e+01
4.320000000000000000e+03 5.088851479164115688e+01
4.330000000000000000e+03 5.058752955239118876e+01
4.340000000000000000e+03 4.903304451699104050e+01
4.350000000000000000e+03 4.935647823150102909e+01
4.360000000000000000e+03 4.988979578728815056e+01
4.370000000000000000e+03 5.010774958898453235e+01
4.380000000000000000e+03 5.010144885382287328e+01
4.390000000000000000e+03 4.972179566386715521e+01
4.400000000000000000e+03 5.004987726606864840e+01
4.410000000000000000e+03 5.264629423557575194e+01
4.420000000000000000e+03 5.069018430111962914e+01
4.430000000000000000e+03 5.110167204621978954e+01
4.440000000000000000e+03 5.196289872364017981e+01
4.450000000000000000e+03 5.118698767983261178e+01
4.460000000000000000e+03 5.010858459939970544e+01
4.470000000000000000e+03 5.085641074372662729e+01
4.480000000000000000e+03 4.984171506874255897e+01
4.490000000000000000e+03 4.982436552846043298e+01
4.500000000000000000e+03 4.973888826271691244e+01
4.510000000000000000e+03 5.137046493601015129e+01
4.520000000000000000e+03 5.089165592043256936e+01
4.530000000000000000e+03 5.260363481338573877e+01
4.540000000000000000e+03 5.125419176474173355e+01
4.550000000000000000e+03 5.107093097236860046e+01
4.560000000000000000e+03 5.142696556379894446e+01
4.570000000000000000e+03 5.046345652035135743e+01
4.580000000000000000e+03 4.987271706428552420e+01
4.590000000000000000e+03 5.196106967187135695e+01
4.600000000000000000e+03 5.025873990536653935e+01
4.610000000000000000e+03 5.044852358743086995e+01
4.620000000000000000e+03 5.035929121087795579e+01
4.630000000000000000e+03 5.188066685743534379e+01
4.640000000000000000e+03 5.132364681650103932e+01
4.650000000000000000e+03 5.215326474746117924e+01
4.660000000000000000e+03 5.221343146423997439e+01
4.670000000000000000e+03 5.130288430295436797e+01
4.680000000000000000e+03 5.124705417672326746e+01
4.690000000000000000e+03 5.040338461141092807e+01
4.700000000000000000e+03 5.123950472782912868e+01
4.710000000000000000e+03 5.055002953875968785e+01
4.720000000000000000e+03 5.059323792860233482e+01
4.730000000000000000e+03 5.014336783468424130e+01
4.740000000000000000e+03 4.996665427168086637e+01
4.750000000000000000e+03 4.891325335665229090e+01
4.760000000000000000e+03 4.991864085006695007e+01
4.770000000000000000e+03 4.891033750448663397e+01
4.780000000000000000e+03 4.923579444237449820e+01
4.790000000000000000e+03 4.865921094031467931e+01
4.800000000000000000e+03 4.928521598165430362e+01
4.810000000000000000e+03 5.032787239116856881e+01
4.820000000000000000e+03 4.981713061612138915e+01
4.830000000000000000e+03 5.035415624100819798e+01
4.840000000000000000e+03 5.088228953739567828e+01
4.850000000000000000e+03 4.932741165855669863e+01
4.860000000000000000e+03 4.977905803312478383e+01
4.870000000000000000e+03 4.779650839834386034e+01
4.880000000000000000e+03 4.812886678891150893e+01
4.890000000000000000e+03 4.788781431800384780e+01
4.900000000000000000e+03 4.916329353885780051e+01
4.910000000000000000e+03 4.925240185138179072e+01
4.920000000000000000e+03 4.953398139212691831e+01
4.930000000000000000e+03 4.919629602343576380e+01
4.940000000000000000e+03 4.936740510105930468e+01
4.950000000000000000e+03 4.935662563873120234e+01
4.960000000000000000e+03 5.000012843837937737e+01
4.970000000000000000e+03 4.946969274291903673e+01
4.980000000000000000e+03 5.047308744644755052e+01
4.990000000000000000e+03 4.930591863701582156e+01
5.000000000000000000e+03 4.860297607782270290e+01
5.010000000000000000e+03 4.764915585187424085e+01
5.020000000000000000e+03 4.726499288543405441e+01
5.030000000000000000e+03 4.871428856059992540e+01
5.040000000000000000e+03 4.871171432994056261e+01
5.050000000000000000e+03 4.869703352564060594e+01
5.060000000000000000e+03 4.830853823980822881e+01
5.070000000000000000e+03 4.789232418224790422e+01
5.080000000000000000e+03 4.772681288667443766e+01
5.090000000000000000e+03 4.715100706001717867e+01
5.100000000000000000e+03 4.817694414277225690e+01
5.110000000000000000e+03 4.740941469173807832e+01
5.120000000000000000e+03 4.708980362326077795e+01
5.130000000000000000e+03 4.675198983813787379e+01
5.140000000000000000e+03 4.770096689833448522e+01
5.150000000000000000e+03 4.785931114801580577e+01
5.160000000000000000e+03 4.747268482928804190e+01
5.170000000000000000e+03 4.744717534326012753e+01
5.180000000000000000e+03 4.812176897997680669e+01
5.190000000000000000e+03 4.826275993649620943e+01
5.200000000000000000e+03 4.892774415865582682e+01
5.210000000000000000e+03 4.899691417038678765e+01
5.220000000000000000e+03 4.727198151578585339e+01
5.230000000000000000e+03 4.660083893964510082e+01
5.240000000000000000e+03 4.829287260906890822e+01
5.250000000000000000e+03 4.703134301307210308e+01
5.260000000000000000e+03 4.680743511776098842e+01
5.270000000000000000e+03 4.714504421971655290e+01
5.280000000000000000e+03 4.703382111218594730e+01
5.290000000000000000e+03 4.737913581263646279e+01
5.300000000000000000e+03 4.696007286018225102e+01
5.310000000000000000e+03 4.834341953196128827e+01
5.320000000000000000e+03 4.795464280813894220e+01
5.330000000000000000e+03 4.727677449911026031e+01
5.340000000000000000e+03 4.613561834329991029e+01
5.350000000000000000e+03 4.742199921386452388e+01
5.360000000000000000e+03 4.724855245278730820e+01
5.370000000000000000e+03 4.776032522312034700e+01
5.380000000000000000e+03 4.616131102173117995e+01
5.390000000000000000e+03 4.595877492756135041e+01
5.400000000000000000e+03 4.613429265038915617e+01
5.410000000000000000e+03 4.655239550615759470e+01
5.420000000000000000e+03 4.577782963867192478e+01
5.430000000000000000e+03 4.620240407103986513e+01
5.440000000000000000e+03 4.597700650354897078e+01
5.450000000000000000e+03 4.632573349331674706e+01
5.460000000000000000e+03 4.587595196104211226e+01
5.470000000000000000e+03 4.619605715146884961e+01
5.480000000000000000e+03 4.701117162729934762e+01
5.490000000000000000e+03 4.694102879478620594e+01
5.500000000000000000e+03 4.747477373166016434e+01
5.510000000000000000e+03 4.801204092235094834e+01
5.520000000000000000e+03 4.776494570858670841e+01
5.530000000000000000e+03 4.810402874175358079e+01
5.540000000000000000e+03 4.901150112643531997e+01
5.550000000000000000e+03 4.891603216600324799e+01
5.560000000000000000e+03 4.825288743071685360e+01
5.570000000000000000e+03 4.834414273549084839e+01
5.580000000000000000e+03 4.946083281393715936e+01
5.590000000000000000e+03 4.815213974227377491e+01
5.600000000000000000e+03 4.670054131997122226e+01
5.610000000000000000e+03 4.702103490574363320e+01
5.620000000000000000e+03 4.793313079249236353e+01
5.630000000000000000e+03 4.693675736315148583e+01
5.640000000000000000e+03 4.653038298710848153e+01
5.650000000000000000e+03 4.719525046175751015e+01
5.660000000000000000e+03 4.733159240657809619e+01
5.670000000000000000e+03 4.804048607974974061e+01
5.680000000000000000e+03 4.796272889875736212e+01
5.690000000000000000e+03 4.697331837144788835e+01
5.700000000000000000e+03 4.670985584895359466e+01
5.710000000000000000e+03 4.805312519750171418e+01
5.720000000000000000e+03 4.872551307569598578e+01
5.730000000000000000e+03 4.763514326607422333e+01
5.740000000000000000e+03 4.836204785472106948e+01
5.750000000000000000e+03 4.860868061454476674e+01
5.760000000000000000e+03 4.889155304275827518e+01
5.770000000000000000e+03 4.974135419774596301e+01
5.780000000000000000e+03 4.838272566346525139e+01
5.790000000000000000e+03 5.105567568432734049e+01
5.800000000000000000e+03 4.897221099854807846e+01
5.810000000000000000e+03 4.854527474942307208e+01
5.820000000000000000e+03 4.807563945822205653e+01
5.830000000000000000e+03 4.785425537524757544e+01
5.840000000000000000e+03 4.729362648180594420e+01
5.850000000000000000e+03 4.580151669712827101e+01
5.860000000000000000e+03 4.668512847337248672e+01
5.870000000000000000e+03 4.738197569001708587e+01
5.880000000000000000e+03 4.626140712946275357e+01
5.890000000000000000e+03 4.676257637373636555e+01
5.900000000000000000e+03 4.571506480285596297e+01
5.910000000000000000e+03 4.759006165640660413e+01
5.920000000000000000e+03 4.743023612145229606e+01
5.930000000000000000e+03 4.719954502351340864e+01
5.940000000000000000e+03 4.651184869213717832e+01
5.950000000000000000e+03 4.859008379325037197e+01
5.960000000000000000e+03 4.684184856731123148e+01
5.970000000000000000e+03 4.544689096420818686e+01
5.980000000000000000e+03 4.622940066739592169e+01
5.990000000000000000e+03 4.662150579287860808e+01
6.000000000000000000e+03 4.503945023129578829e+01
6.010000000000000000e+03 4.569146473029340427e+01
6.020000000000000000e+03 4.384938606880246681e+01
6.030000000000000000e+03 4.506403344911750253e+01
6.040000000000000000e+03 4.502950624278173564e+01
6.050000000000000000e+03 4.436234644192614951e+01
6.060000000000000000e+03 4.529305040191201215e+01
6.070000000000000000e+03 4.426042819778895421e+01
6.080000000000000000e+03 4.472273226220549702e+01
6.090000000000000000e+03 4.347782535249825742e+01
6.100000000000000000e+03 4.279434242919907661e+01
6.110000000000000000e+03 4.273301181811659433e+01
6.120000000000000000e+03 4.310033465648915296e+01
6.130000000000000000e+03 4.313115157318387816e+01
6.140000000000000000e+03 4.416406763294659754e+01
6.150000000000000000e+03 4.427658029476582868e+01
6.160000000000000000e+03 4.568754726184506154e+01
6.170000000000000000e+03 4.415586979158945979e+01
6.180000000000000000e+03 4.340365072015299575e+01
6.190000000000000000e+03 4.321655079790076570e+01
6.200000000000000000e+03 4.290474889431676786e+01
6.210000000000000000e+03 4.296354298693930218e+01
6.220000000000000000e+03 4.304319625789074877e+01
6.230000000000000000e+03 4.320232963598461851e+01
6.240000000000000000e+03 4.291182479490178991e+01
6.250000000000000000e+03 4.350572386229319477e+01
6.260000000000000000e+03 4.485269762460122678e+01
6.270000000000000000e+03 4.457980609219851686e+01
6.280000000000000000e+03 4.374661679480873744e+01
6.290000000000000000e+03 4.472107544928852718e+01
6.300000000000000000e+03 4.366252149568224183e+01
6.310000000000000000e+03 4.478300507843326272e+01
6.320000000000000000e+03 4.313059947780587322e+01
6.330000000000000000e+03 4.162392340892982645e+01
6.340000000000000000e+03 4.179881218597323311e+01
6.350000000000000000e+03 4.093364861859478765e+01
6.360000000000000000e+03 3.962556107832939745e+01
6.370000000000000000e+03 4.096770899385023768e+01
6.380000000000000000e+03 3.999081653800778469e+01
6.390000000000000000e+03 4.173803415852515286e+01
6.400000000000000000e+03 4.026768378231018630e+01
6.410000000000000000e+03 4.028381301044764484e+01
6.420000000000000000e+03 3.965874859597268198e+01
6.430000000000000000e+03 4.005412025988756852e+01
6.440000000000000000e+03 3.875797366738571981e+01
6.450000000000000000e+03 3.944390397144395877e+01
6.460000000000000000e+03 3.976935413855802892e+01
6.470000000000000000e+03 3.889079067630783015e+01
6.480000000000000000e+03 3.885129338915849218e+01
6.490000000000000000e+03 3.953702996728272723e+01
6.500000000000000000e+03 3.840010023221440605e+01
6.510000000000000000e+03 3.769201195005412330e+01
6.520000000000000000e+03 3.922787284851496992e+01
6.530000000000000000e+03 3.891308096256877747e+01
6.540000000000000000e+03 4.036055292633514568e+01
6.550000000000000000e+03 4.058753060266725754e+01
6.560000000000000000e+03 3.994012154577702489e+01
6.570000000000000000e+03 4.004353505998292917e+01
6.580000000000000000e+03 4.005632618932233413e+01
6.590000000000000000e+03 3.980685024266847449e+01
6.600000000000000000e+03 4.052181611182119525e+01
6.610000000000000000e+03 4.002831463375804333e+01
6.620000000000000000e+03 4.027880520170381828e+01
6.630000000000000000e+03 4.087030312687829792e+01
6.640000000000000000e+03 3.886759411237844830e+01
6.650000000000000000e+03 3.999067789183333588e+01
6.660000000000000000e+03 4.009557513816822905e+01
6.670000000000000000e+03 4.020410781208707363e+01
6.680000000000000000e+03 3.960788009496148732e+01
6.690000000000000000e+03 4.051977809565835287e+01
6.700000000000000000e+03 3.957095488641679992e+01
6.710000000000000000e+03 4.051259259523783385e+01
6.720000000000000000e+03 3.826116798116613893e+01
6.730000000000000000e+03 3.924999817456270534e+01
6.740000000000000000e+03 3.870030654032150608e+01
6.750000000000000000e+03 3.870196200129369402e+01
6.760000000000000000e+03 3.739014531905969108e+01
6.770000000000000000e+03 3.746901599182103837e+01
6.780000000000000000e+03 3.767062962907869661e+01
6.790000000000000000e+03 3.719223911972240160e+01
6.800000000000000000e+03 3.651016459859310004e+01
6.810000000000000000e+03 3.802091866711326418e+01
6.820000000000000000e+03 3.693122601857822929e+01
6.830000000000000000e+03 3.697338137328232222e+01
6.840000000000000000e+03 3.613848705342227419e+01
6.850000000000000000e+03 3.642278532652963463e+01
6.860000000000000000e+03 3.709669586350372583e+01
6.870000000000000000e+03 3.782839911675780087e+01
6.880000000000000000e+03 3.806336804756638514e+01
6.890000000000000000e+03 3.876462852308566909e+01
6.900000000000000000e+03 3.829848253439354266e+01
6.910000000000000000e+03 3.684596688718696100e+01
6.920000000000000000e+03 3.744560813983184744e+01
6.930000000000000000e+03 3.721263243524559527e+01
6.940000000000000000e+03 3.827681949751115553e+01
6.950000000000000000e+03 3.773645135807626616e+01
6.960000000000000000e+03 3.683826475250448595e+01
6.970000000000000000e+03 3.781049531707432720e+01
6.980000000000000000e+03 3.756389279924611913e+01
6.990000000000000000e+03 3.795239528693326747e+01
7.000000000000000000e+03 3.819140897086990094e+01
7.010000000000000000e+03 3.892345741245584634e+01
7.020000000000000000e+03 3.752254264470111877e+01
7.030000000000000000e+03 3.782505431926880135e+01
7.040000000000000000e+03 3.655773042857562416e+01
7.050000000000000000e+03 3.635424062950463053e+01
7.060000000000000000e+03 3.641772261451539805e+01
7.070000000000000000e+03 3.637017467337697951e+01
7.080000000000000000e+03 3.530523236371726625e+01
7.090000000000000000e+03 3.537814302993636772e+01
7.100000000000000000e+03 3.716199441951646065e+01
7.110000000000000000e+03 3.634116617247717329e+01
7.120000000000000000e+03 3.626451832972956879e+01
7.130000000000000000e+03 3.613094312470906289e+01
7.140000000000000000e+03 3.599420319016958558e+01
7.150000000000000000e+03 3.602549676963792535e+01
7.160000000000000000e+03 3.652497031854986176e+01
7.170000000000000000e+03 3.678825847783197389e+01
7.180000000000000000e+03 3.641078040047833042e+01
7.190000000000000000e+03 3.604453868630811542e+01
7.200000000000000000e+03 3.530370590420666588e+01
7.210000000000000000e+03 3.582847219354593449e+01
7.220000000000000000e+03 3.634097089406195380e+01
7.230000000000000000e+03 3.454804266221785269e+01
7.240000000000000000e+03 3.765010867968830155e+01
7.250000000000000000e+03 3.601804282713167993e+01
7.260000000000000000e+03 3.549600487342401323e+01
7.270000000000000000e+03 3.419847367080673450e+01
7.280000000000000000e+03 3.473631938271918784e+01
7.290000000000000000e+03 3.454018587180458155e+01
7.300000000000000000e+03 3.416762124199989614e+01
7.310000000000000000e+03 3.382523177371669476e+01
7.320000000000000000e+03 3.359764303547049735e+01
7.330000000000000000e+03 3.358668202264802005e+01
7.340000000000000000e+03 3.482952208648227099e+01
7.350000000000000000e+03 3.464271546924753409e+01
7.360000000000000000e+03 3.444970652237317665e+01
7.370000000000000000e+03 3.364673879979847015e+01
7.380000000000000000e+03 3.277769901101079597e+01
7.390000000000000000e+03 3.372549218530147641e+01
7.400000000000000000e+03 3.432110071287044661e+01
7.410000000000000000e+03 3.362770738527366632e+01
7.420000000000000000e+03 3.404619499369609059e+01
7.430000000000000000e+03 3.478081875624411623e+01
7.440000000000000000e+03 3.535161738631900619e+01
7.450000000000000000e+03 3.473102341478184485e+01
7.460000000000000000e+03 3.611615903440649333e+01
7.470000000000000000e+03 3.535167769131280124e+01
7.480000000000000000e+03 3.472897024944030875e+01
7.490000000000000000e+03 3.507444241231168292e+01
7.500000000000000000e+03 3.391092315371403743e+01
7.510000000000000000e+03 3.383476325926268657e+01
7.520000000000000000e+03 3.409287211575086474e+01
7.530000000000000000e+03 3.353006630645120367e+01
7.540000000000000000e+03 3.502201723268331079e+01
7.550000000000000000e+03 3.388680824511871492e+01
7.560000000000000000e+03 3.453265503516011847e+01
7.570000000000000000e+03 3.334910368029785843e+01
7.580000000000000000e+03 3.284569102209326275e+01
7.590000000000000000e+03 3.322687674018999360e+01
7.600000000000000000e+03 3.271925403190310533e+01
7.610000000000000000e+03 3.272286020224964886e+01
7.620000000000000000e+03 3.213450357486988196e+01
7.630000000000000000e+03 3.196259719403485633e+01
7.640000000000000000e+03 3.354584487803428772e+01
7.650000000000000000e+03 3.253178582285055143e+01
7.660000000000000000e+03 3.172768226569398564e+01
7.670000000000000000e+03 3.337649753565079891e+01
7.680000000000000000e+03 3.274154787429768021e+01
7.690000000000000000e+03 3.425965611489534979e+01
7.700000000000000000e+03 3.339402517406733750e+01
7.710000000000000000e+03 3.336039571470263354e+01
7.720000000000000000e+03 3.550049578014296969e+01
7.730000000000000000e+03 3.369354078545654829e+01
7.740000000000000000e+03 3.359426362464422766e+01
7.750000000000000000e+03 3.505799106003075849e+01
7.760000000000000000e+03 3.434619215390512181e+01
7.770000000000000000e+03 3.494197715836472184e+01
7.780000000000000000e+03 3.608682526022062120e+01
7.790000000000000000e+03 3.578476054284598717e+01
7.800000000000000000e+03 3.438918784774193682e+01
7.810000000000000000e+03 3.475518349098460646e+01
7.820000000000000000e+03 3.392600794430674682e+01
7.830000000000000000e+03 3.445626489812670457e+01
7.840000000000000000e+03 3.549687990111830516e+01
7.850000000000000000e+03 3.563648938872397309e+01
7.860000000000000000e+03 3.497880236380646579e+01
7.870000000000000000e+03 3.408161031485894910e+01
7.880000000000000000e+03 3.522643107600036672e+01
7.890000000000000000e+03 3.469554762013045490e+01
7.900000000000000000e+03 3.403469077609352667e+01
7.910000000000000000e+03 3.331904163355575577e+01
7.920000000000000000e+03 3.437556867855600728e+01
7.930000000000000000e+03 3.486900402920602460e+01
7.940000000000000000e+03 3.465211940587992956e+01
7.950000000000000000e+03 3.461717790723429289e+01
7.960000000000000000e+03 3.302656535256166137e+01
7.970000000000000000e+03 3.382525571000866194e+01
7.980000000000000000e+03 3.379174406216236548e+01
7.990000000000000000e+03 3.312583543920426621e+01
8.000000000000000000e+03 3.348091363691207789e+01
8.010000000000000000e+03 3.226160800017250097e+01
8.020000000000000000e+03 3.263929355421346656e+01
8.030000000000000000e+03 3.309943343646173730e+01
8.040000000000000000e+03 3.217850856071213173e+01
8.050000000000000000e+03 3.216390645607336296e+01
8.060000000000000000e+03 3.087200375454817447e+01
8.070000000000000000e+03 3.171181634079499645e+01
8.080000000000000000e+03 3.257547456949451714e+01
8.090000000000000000e+03 3.305111189506341418e+01
8.100000000000000000e+03 3.288686523898078917e+01
8.110000000000000000e+03 3.165629497151869032e+01
8.120000000000000000e+03 3.091081027486701771e+01
8.130000000000000000e+03 3.152696597808757417e+01
8.140000000000000000e+03 3.262394436314572488e+01
8.150000000000000000e+03 3.331203687584489614e+01
8.160000000000000000e+03 3.255398789860574027e+01
8.170000000000000000e+03 3.142899047213218466e+01
8.180000000000000000e+03 3.293186882986461228e+01
8.190000000000000000e+03 3.203671539539338653e+01
8.200000000000000000e+03 3.134894990913626600e+01
8.210000000000000000e+03 3.118961541204956234e+01
8.220000000000000000e+03 3.101328141718897768e+01
8.230000000000000000e+03 3.280191333051293157e+01
8.240000000000000000e+03 3.107101397026112011e+01
8.250000000000000000e+03 3.050466657925247205e+01
8.260000000000000000e+03 3.021267091534222970e+01
8.270000000000000000e+03 2.994778317309857130e+01
8.280000000000000000e+03 3.025073491383760427e+01
8.290000000000000000e+03 3.122138651073301219e+01
8.300000000000000000e+03 3.096268543180397614e+01
8.310000000000000000e+03 3.149719803867817802e+01
8.320000000000000000e+03 3.155492480888430862e+01
8.330000000000000000e+03 3.092742157470939901e+01
8.340000000000000000e+03 3.173188279559145997e+01
8.350000000000000000e+03 3.121086989434554937e+01
8.360000000000000000e+03 3.144044102821176523e+01
8.370000000000000000e+03 3.167056023763032613e+01
8.380000000000000000e+03 3.026786241806857447e+01
8.390000000000000000e+03 3.033008842108068848e+01
8.400000000000000000e+03 3.095724168595259584e+01
8.410000000000000000e+03 3.066638804471203628e+01
8.420000000000000000e+03 3.034841981920280318e+01
8.430000000000000000e+03 3.054031692389561670e+01
8.440000000000000000e+03 2.989486054779827384e+01
8.450000000000000000e+03 3.040844529717574574e+01
8.460000000000000000e+03 2.896554592035512599e+01
8.470000000000000000e+03 2.989552680152772268e+01
8.480000000000000000e+03 2.957872099426623436e+01
8.490000000000000000e+03 2.943041592972473097e+01
8.500000000000000000e+03 2.936210746352833212e+01
8.510000000000000000e+03 2.932193101905718891e+01
8.520000000000000000e+03 2.899337157348311678e+01
8.530000000000000000e+03 3.009589568159715611e+01
8.540000000000000000e+03 2.944323649562763023e+01
8.550000000000000000e+03 2.855902761950132174e+01
8.560000000000000000e+03 2.973404991461296731e+01
8.570000000000000000e+03 3.000799359846912751e+01
8.580000000000000000e+03 3.024645035241542246e+01
8.590000000000000000e+03 2.954909160826449011e+01
8.600000000000000000e+03 2.879932249566309110e+01
8.610000000000000000e+03 2.969741632406525866e+01
8.620000000000000000e+03 2.854932987993744575e+01
8.630000000000000000e+03 2.793833496415267348e+01
8.640000000000000000e+03 2.681050882086714182e+01
8.650000000000000000e+03 2.651702790125917630e+01
8.660000000000000000e+03 2.616818561112511787e+01
8.670000000000000000e+03 2.905207739339800810e+01
8.680000000000000000e+03 2.952451919606286879e+01
8.690000000000000000e+03 2.933889850749781658e+01
8.700000000000000000e+03 2.992007632945446005e+01
8.710000000000000000e+03 2.847305388012748040e+01
8.720000000000000000e+03 2.805488880701270205e+01
8.730000000000000000e+03 2.783399243082573804e+01
8.740000000000000000e+03 2.832523553885062029e+01
8.750000000000000000e+03 2.880712502363302008e+01
8.760000000000000000e+03 2.881050035768309669e+01
8.770000000000000000e+03 2.939135595537834433e+01
8.780000000000000000e+03 3.089399024936825811e+01
8.790000000000000000e+03 2.916225070000346875e+01
8.800000000000000000e+03 2.947392857686119783e+01
8.810000000000000000e+03 2.901923033605055480e+01
8.820000000000000000e+03 2.915542253073770951e+01
8.830000000000000000e+03 2.828707936222410524e+01
8.840000000000000000e+03 2.898470315859259472e+01
8.850000000000000000e+03 2.906277000725719972e+01
8.860000000000000000e+03 2.949878933185442520e+01
8.870000000000000000e+03 2.898573774537395309e+01
8.880000000000000000e+03 2.888389722998249454e+01
8.890000000000000000e+03 3.010919609857566570e+01
8.900000000000000000e+03 2.891888365790612170e+01
8.910000000000000000e+03 3.076402269187802574e+01
8.920000000000000000e+03 3.008484680866779115e+01
8.930000000000000000e+03 3.001417973319243515e+01
8.940000000000000000e+03 2.880605426098674116e+01
8.950000000000000000e+03 2.971061329126143846e+01
8.960000000000000000e+03 2.830417159800330751e+01
8.970000000000000000e+03 2.831831915950643008e+01
8.980000000000000000e+03 2.804789098301125705e+01
8.990000000000000000e+03 2.839215477806486376e+01
9.000000000000000000e+03 2.828694875179320434e+01
