# key height(A)
0.000000000000000000e+00 6.024328192363427092e+01
1.000000000000000000e+01 6.284121919323617078e+01
2.000000000000000000e+01 6.354268161513351032e+01
3.000000000000000000e+01 6.265630469458738361e+01
4.000000000000000000e+01 6.261241189320827516e+01
5.000000000000000000e+01 6.313710811277451285e+01
6.000000000000000000e+01 6.463171358444752457e+01
7.000000000000000000e+01 6.460233516059042813e+01
8.000000000000000000e+01 6.555792540229116128e+01
9.000000000000000000e+01 6.484261184653742305e+01
1.000000000000000000e+02 6.401578770705110344e+01
1.100000000000000000e+02 6.345577049634790257e+01
1.200000000000000000e+02 6.294729506419860598e+01
1.300000000000000000e+02 6.335580954800305165e+01
1.400000000000000000e+02 6.357803208638185311e+01
1.500000000000000000e+02 6.455075333900114742e+01
1.600000000000000000e+02 6.325023739056050687e+01
1.700000000000000000e+02 6.353727237923153837e+01
1.800000000000000000e+02 6.215024653309373548e+01
1.900000000000000000e+02 6.186402739867963874e+01
2.000000000000000000e+02 6.253708235953948247e+01
2.100000000000000000e+02 6.178569714223181109e+01
2.200000000000000000e+02 6.223726421984237334e+01
2.300000000000000000e+02 6.261889859132060110e+01
2.400000000000000000e+02 6.274202089296105100e+01
2.500000000000000000e+02 6.177126801135644030e+01
2.600000000000000000e+02 6.067143842235323348e+01
2.700000000000000000e+02 6.004837698108781296e+01
2.800000000000000000e+02 6.043365203000000463e+01
2.900000000000000000e+02 5.975093763372214539e+01
3.000000000000000000e+02 5.719677986978750539e+01
3.100000000000000000e+02 5.778705049020722129e+01
3.200000000000000000e+02 5.778626616596591248e+01
3.300000000000000000e+02 5.703988377937717758e+01
3.400000000000000000e+02 5.686979509611889227e+01
3.500000000000000000e+02 5.604741814402652267e+01
3.600000000000000000e+02 5.427997902953643461e+01
3.700000000000000000e+02 5.568470747793297448e+01
3.800000000000000000e+02 5.509352617043472833e+01
3.900000000000000000e+02 5.495829312871755690e+01
4.000000000000000000e+02 5.445237441244958632e+01
4.100000000000000000e+02 5.314532944975076134e+01
4.200000000000000000e+02 5.372617199731836024e+01
4.300000000000000000e+02 5.298424269483612647e+01
4.400000000000000000e+02 5.374020563608321766e+01
4.500000000000000000e+02 5.356057158244907157e+01
4.600000000000000000e+02 5.266992606959441048e+01
4.700000000000000000e+02 5.352224937195323662e+01
4.800000000000000000e+02 5.220883599032838163e+01
4.900000000000000000e+02 5.154291923056032942e+01
5.000000000000000000e+02 5.121887677172329489e+01
5.100000000000000000e+02 4.995405438348514338e+01
5.200000000000000000e+02 5.017033877336177738e+01
5.300000000000000000e+02 4.947830044516935288e+01
5.400000000000000000e+02 4.958082888028847179e+01
5.500000000000000000e+02 4.897712584237473266e+01
5.600000000000000000e+02 4.922726253309329536e+01
5.700000000000000000e+02 4.899032114803788573e+01
5.800000000000000000e+02 4.915057602558881911e+01
5.900000000000000000e+02 4.854312451381277072e+01
6.000000000000000000e+02 4.785734723806173463e+01
6.100000000000000000e+02 4.735210454059685503e+01
6.200000000000000000e+02 4.697075974148553712e+01
6.300000000000000000e+02 4.643371334136443807e+01
6.400000000000000000e+02 4.731238389334127703e+01
6.500000000000000000e+02 4.743323786975827261e+01
6.600000000000000000e+02 4.679486201934390976e+01
6.700000000000000000e+02 4.816023880545570535e+01
6.800000000000000000e+02 4.667080105687088576e+01
6.900000000000000000e+02 4.605351667942883864e+01
7.000000000000000000e+02 4.673709306836997257e+01
7.100000000000000000e+02 4.615185323946683127e+01
7.200000000000000000e+02 4.443477219674224443e+01
7.300000000000000000e+02 4.447588093497307682e+01
7.400000000000000000e+02 4.418330012487956537e+01
7.500000000000000000e+02 4.447759545886886201e+01
7.600000000000000000e+02 4.515072871175996738e+01
7.700000000000000000e+02 4.216911042392041509e+01
7.800000000000000000e+02 4.412978782010779355e+01
7.900000000000000000e+02 4.399274283857756984e+01
8.000000000000000000e+02 4.347233336498227629e+01
8.100000000000000000e+02 4.264269875730497006e+01
8.200000000000000000e+02 4.221370588722014361e+01
8.300000000000000000e+02 4.126053987102393705e+01
8.400000000000000000e+02 4.160593043242505473e+01
8.500000000000000000e+02 4.145342094906365560e+01
8.600000000000000000e+02 4.053887896134673952e+01
8.700000000000000000e+02 4.022390155254068134e+01
8.800000000000000000e+02 4.070688244549394597e+01
8.900000000000000000e+02 4.042686538405202157e+01
9.000000000000000000e+02 4.019884424083787167e+01
9.100000000000000000e+02 3.897642849633781736e+01
9.200000000000000000e+02 3.724758866351371012e+01
9.300000000000000000e+02 3.776565540809683341e+01
9.400000000000000000e+02 3.847408154877574304e+01
9.500000000000000000e+02 3.722891174904682998e+01
9.600000000000000000e+02 3.683796663975722652e+01
9.700000000000000000e+02 3.609635063258535581e+01
9.800000000000000000e+02 3.565462783882632891e+01
9.900000000000000000e+02 3.479365934117096515e+01
1.000000000000000000e+03 3.498502700658339393e+01
1.010000000000000000e+03 3.564373612706191352e+01
1.020000000000000000e+03 3.485177077736797457e+01
1.030000000000000000e+03 3.483180470614802005e+01
1.040000000000000000e+03 3.503234365774356718e+01
1.050000000000000000e+03 3.435429871977882499e+01
1.060000000000000000e+03 3.325671874113274384e+01
1.070000000000000000e+03 3.301281130673326913e+01
1.080000000000000000e+03 3.335153712987705887e+01
1.090000000000000000e+03 3.297589526734455490e+01
1.100000000000000000e+03 3.181178915828292020e+01
1.110000000000000000e+03 3.183960700652704645e+01
1.120000000000000000e+03 3.065107847949350628e+01
1.130000000000000000e+03 3.036736887468399004e+01
1.140000000000000000e+03 3.021676027599552583e+01
1.150000000000000000e+03 2.910519474861133915e+01
1.160000000000000000e+03 3.005009359911370836e+01
1.170000000000000000e+03 2.918557203568309433e+01
1.180000000000000000e+03 2.867334235141987619e+01
1.190000000000000000e+03 2.820666617711809465e+01
1.200000000000000000e+03 2.832829436517985755e+01
1.210000000000000000e+03 2.752326090373760792e+01
1.220000000000000000e+03 2.725235412990114980e+01
1.230000000000000000e+03 2.729963697863138350e+01
1.240000000000000000e+03 2.816393129112302063e+01
1.250000000000000000e+03 2.646457689761720644e+01
1.260000000000000000e+03 2.624652848848228359e+01
1.270000000000000000e+03 2.577836479891895749e+01
1.280000000000000000e+03 2.551565588420132258e+01
1.290000000000000000e+03 2.635065853386539914e+01
1.300000000000000000e+03 2.594133279019253280e+01
1.310000000000000000e+03 2.462192794291814835e+01
1.320000000000000000e+03 2.426031959372691915e+01
1.330000000000000000e+03 2.419917522498450069e+01
1.340000000000000000e+03 2.380119837069325683e+01
1.350000000000000000e+03 2.309869131342389892e+01
1.360000000000000000e+03 2.288637842597441363e+01
1.370000000000000000e+03 2.273040811197111566e+01
1.380000000000000000e+03 2.295238222173662734e+01
1.390000000000000000e+03 2.231917263633783932e+01
1.400000000000000000e+03 2.299712003001990013e+01
1.410000000000000000e+03 2.387908320679568419e+01
1.420000000000000000e+03 2.339564371509311513e+01
1.430000000000000000e+03 2.353342655603570677e+01
1.440000000000000000e+03 2.349321203985975615e+01
1.450000000000000000e+03 2.218520921327478845e+01
1.460000000000000000e+03 2.266292171702744440e+01
1.470000000000000000e+03 2.230766849588225398e+01
1.480000000000000000e+03 2.325674076788098432e+01
1.490000000000000000e+03 2.298421831359095791e+01
1.500000000000000000e+03 2.351118186409684085e+01
1.510000000000000000e+03 2.154170624780206822e+01
1.520000000000000000e+03 2.184295696946723808e+01
1.530000000000000000e+03 2.129092348321817951e+01
1.540000000000000000e+03 2.003177204141211121e+01
1.550000000000000000e+03 1.944385645542351426e+01
1.560000000000000000e+03 1.979698213710678090e+01
1.570000000000000000e+03 2.100444487741255273e+01
1.580000000000000000e+03 1.920761777420297278e+01
1.590000000000000000e+03 1.904027180147629394e+01
1.600000000000000000e+03 1.830169554869601711e+01
1.610000000000000000e+03 1.790797431455099797e+01
1.620000000000000000e+03 1.813729170914268707e+01
1.630000000000000000e+03 1.732459928999973897e+01
1.640000000000000000e+03 1.745469937752335454e+01
1.650000000000000000e+03 1.709493177957885734e+01
1.660000000000000000e+03 1.739621840698329436e+01
1.670000000000000000e+03 1.656563235608201978e+01
1.680000000000000000e+03 1.646380964250062107e+01
1.690000000000000000e+03 1.566334435042672624e+01
1.700000000000000000e+03 1.371302123552091246e+01
1.710000000000000000e+03 1.352987588744663583e+01
1.720000000000000000e+03 1.323402041504981241e+01
1.730000000000000000e+03 1.548759104180724933e+01
1.740000000000000000e+03 1.345481994704623219e+01
1.750000000000000000e+03 1.329427088933940126e+01
1.760000000000000000e+03 1.508700126567940458e+01
1.770000000000000000e+03 1.435997443164262677e+01
1.780000000000000000e+03 1.347107898571654516e+01
1.790000000000000000e+03 1.467932975312774602e+01
1.800000000000000000e+03 1.371581792295019397e+01
1.810000000000000000e+03 1.399428563711389017e+01
1.820000000000000000e+03 1.251821321606560389e+01
1.830000000000000000e+03 1.436439724537420659e+01
1.840000000000000000e+03 1.230741279262609567e+01
1.850000000000000000e+03 1.140640106527440878e+01
1.860000000000000000e+03 1.067643780476402071e+01
1.870000000000000000e+03 1.026326627074205078e+01
1.880000000000000000e+03 1.015965112609691801e+01
1.890000000000000000e+03 9.232187697764018708e+00
1.900000000000000000e+03 9.533980353317275558e+00
1.910000000000000000e+03 9.719143626939612091e+00
1.920000000000000000e+03 9.497401448483230979e+00
1.930000000000000000e+03 1.067303682170981460e+01
1.940000000000000000e+03 1.041030530266192500e+01
1.950000000000000000e+03 9.077344094760405824e+00
1.960000000000000000e+03 8.355664928960834459e+00
1.970000000000000000e+03 7.274601864290985986e+00
1.980000000000000000e+03 6.247744487467286945e+00
1.990000000000000000e+03 7.437485013968924363e+00
2.000000000000000000e+03 6.906246614249155868e+00
2.010000000000000000e+03 6.648399577743504096e+00
2.020000000000000000e+03 7.106692964077311103e+00
2.030000000000000000e+03 7.225857581769346893e+00
2.040000000000000000e+03 6.278538461835552198e+00
2.050000000000000000e+03 6.998216735502396091e+00
2.060000000000000000e+03 6.210189181412246739e+00
2.070000000000000000e+03 6.998042625995864796e+00
2.080000000000000000e+03 5.926845010944788328e+00
2.090000000000000000e+03 5.845048026820393261e+00
2.100000000000000000e+03 5.602018459342474443e+00
2.110000000000000000e+03 6.458152095143560700e+00
2.120000000000000000e+03 5.011147429920200125e+00
2.130000000000000000e+03 5.055961456434687307e+00
2.140000000000000000e+03 5.192546027866129066e+00
2.150000000000000000e+03 3.297876369839542576e+00
2.160000000000000000e+03 3.363595975355437417e+00
2.170000000000000000e+03 1.049850209808880663e+00
2.180000000000000000e+03 2.338893799788507977e+00
2.190000000000000000e+03 2.574948648523800898e+00
2.200000000000000000e+03 2.447636012968899877e+00
2.210000000000000000e+03 2.909304461913407636e+00
2.220000000000000000e+03 2.543808239399751869e+00
2.230000000000000000e+03 1.237018763316953596e+00
2.240000000000000000e+03 8.170549708280105961e-01
2.250000000000000000e+03 2.352022850547967892e-01
2.260000000000000000e+03 9.979615202553304698e-02
2.270000000000000000e+03 -1.349069052562583693e-01
2.280000000000000000e+03 -7.674879088228294677e-01
2.290000000000000000e+03 1.145704896438260789e+00
2.300000000000000000e+03 2.538787401028457680e+00
2.310000000000000000e+03 2.559020502035593836e-01
2.320000000000000000e+03 -6.332186623847348983e-01
2.330000000000000000e+03 -1.031368528733366929e+00
2.340000000000000000e+03 -1.977595052544089071e+00
2.350000000000000000e+03 -1.899800881221338500e+00
2.360000000000000000e+03 -4.029887080649672271e-01
2.370000000000000000e+03 2.941393716934044278e-01
2.380000000000000000e+03 -4.295030826809380642e-01
2.390000000000000000e+03 -1.020749747798674889e-01
2.400000000000000000e+03 -6.339576383318643593e-01
2.410000000000000000e+03 -1.518256323021205390e-01
2.420000000000000000e+03 -6.149652913816083810e-01
2.430000000000000000e+03 -1.625508222231744071e+00
2.440000000000000000e+03 -3.078385572620447874e-01
2.450000000000000000e+03 -1.843263934886039124e-01
2.460000000000000000e+03 -3.712809763785458017e+00
2.470000000000000000e+03 -4.455913679390562265e+00
2.480000000000000000e+03 -4.011343150276232450e+00
2.490000000000000000e+03 -4.364737820879312835e+00
2.500000000000000000e+03 -3.957425200186847292e+00
2.510000000000000000e+03 -4.132678246020375923e+00
2.520000000000000000e+03 -3.745049428682548864e+00
2.530000000000000000e+03 -3.062332174547293562e+00
2.540000000000000000e+03 -4.089282103429823678e+00
2.550000000000000000e+03 -4.205350967908103144e+00
2.560000000000000000e+03 -5.087556448647248430e+00
2.570000000000000000e+03 -6.562882302049388272e+00
2.580000000000000000e+03 -8.042035997964404714e+00
2.590000000000000000e+03 -8.123732025346228625e+00
2.600000000000000000e+03 -8.310548172848982063e+00
2.610000000000000000e+03 -9.251665841289437253e+00
2.620000000000000000e+03 -9.108448231501483860e+00
2.630000000000000000e+03 -8.816780917293044695e+00
2.640000000000000000e+03 -9.098294514742306660e+00
2.650000000000000000e+03 -9.986788835371214645e+00
2.660000000000000000e+03 -9.775259780980519508e+00
2.670000000000000000e+03 -9.836593819006921535e+00
2.680000000000000000e+03 -1.036332262217688083e+01
2.690000000000000000e+03 -1.023006188151515516e+01
2.700000000000000000e+03 -1.056427722972031802e+01
2.710000000000000000e+03 -9.922801691778232680e+00
2.720000000000000000e+03 -1.141412089460959578e+01
2.730000000000000000e+03 -1.226229312117662573e+01
2.740000000000000000e+03 -1.278853061105638744e+01
2.750000000000000000e+03 -1.211251854221247015e+01
2.760000000000000000e+03 -1.252064298918260477e+01
2.770000000000000000e+03 -1.224697714410091010e+01
2.780000000000000000e+03 -1.373277519756716458e+01
2.790000000000000000e+03 -1.274776427425534564e+01
2.800000000000000000e+03 -1.316288901395559208e+01
2.810000000000000000e+03 -1.256767813278769097e+01
2.820000000000000000e+03 -1.309571120479107265e+01
2.830000000000000000e+03 -1.458891331152918269e+01
2.840000000000000000e+03 -1.407048755088048608e+01
2.850000000000000000e+03 -1.315155988864970027e+01
2.860000000000000000e+03 -1.479081046972039815e+01
2.870000000000000000e+03 -1.376659493168342863e+01
2.880000000000000000e+03 -1.467404994704762089e+01
2.890000000000000000e+03 -1.439117876271259888e+01
2.900000000000000000e+03 -1.349914754762043856e+01
2.910000000000000000e+03 -1.414041774440688926e+01
2.920000000000000000e+03 -1.501680745753249369e+01
2.930000000000000000e+03 -1.602073432074104176e+01
2.940000000000000000e+03 -1.795968720847372424e+01
2.950000000000000000e+03 -1.811481240265763404e+01
2.960000000000000000e+03 -1.821361279372160880e+01
2.970000000000000000e+03 -1.697728324281746382e+01
2.980000000000000000e+03 -1.667378052051313375e+01
2.990000000000000000e+03 -1.687353732110035764e+01
3.000000000000000000e+03 -1.763788216000915554e+01
3.010000000000000000e+03 -1.558459188864179623e+01
3.020000000000000000e+03 -1.683661761183589078e+01
3.030000000000000000e+03 -1.674339205309465228e+01
3.040000000000000000e+03 -1.725277745624008219e+01
3.050000000000000000e+03 -1.695380697494771027e+01
3.060000000000000000e+03 -1.776472330154055612e+01
3.070000000000000000e+03 -1.778419200602385786e+01
3.080000000000000000e+03 -2.017426284362505839e+01
3.090000000000000000e+03 -2.005870375201256195e+01
3.100000000000000000e+03 -1.966639886966896711e+01
3.110000000000000000e+03 -1.931680116195860819e+01
3.120000000000000000e+03 -1.899172005161976529e+01
3.130000000000000000e+03 -1.808636007453138461e+01
3.140000000000000000e+03 -1.983782894908135574e+01
3.150000000000000000e+03 -1.891713888324676418e+01
3.160000000000000000e+03 -1.869390436054183624e+01
3.170000000000000000e+03 -1.941824526566108489e+01
3.180000000000000000e+03 -1.962129853301310334e+01
3.190000000000000000e+03 -1.906504653443849406e+01
3.200000000000000000e+03 -1.972861074876215071e+01
3.210000000000000000e+03 -2.091613905190759226e+01
3.220000000000000000e+03 -2.185579533937320207e+01
3.230000000000000000e+03 -1.991732682347993943e+01
3.240000000000000000e+03 -2.058107378176993052e+01
3.250000000000000000e+03 -2.064727427790651859e+01
3.260000000000000000e+03 -2.187176970887445293e+01
3.270000000000000000e+03 -2.090073414340147906e+01
3.280000000000000000e+03 -2.172369059317905737e+01
3.290000000000000000e+03 -2.384507107536110482e+01
3.300000000000000000e+03 -2.098963179287883918e+01
3.310000000000000000e+03 -2.136468870053384705e+01
3.320000000000000000e+03 -2.015466762871957940e+01
3.330000000000000000e+03 -2.078780451964823328e+01
3.340000000000000000e+03 -2.236641811155296011e+01
3.350000000000000000e+03 -2.279647670901523782e+01
3.360000000000000000e+03 -2.396706249217226059e+01
3.370000000000000000e+03 -2.328881431180968775e+01
3.380000000000000000e+03 -2.210295913884129959e+01
3.390000000000000000e+03 -2.323752414451425352e+01
3.400000000000000000e+03 -2.572353293971454491e+01
3.410000000000000000e+03 -2.509379146834361052e+01
3.420000000000000000e+03 -2.611415365118158149e+01
3.430000000000000000e+03 -2.564913789745492068e+01
3.440000000000000000e+03 -2.483907744780951532e+01
3.450000000000000000e+03 -2.440925634645884656e+01
3.460000000000000000e+03 -2.484874513565699772e+01
3.470000000000000000e+03 -2.430891193229868463e+01
3.480000000000000000e+03 -2.546303985605931075e+01
3.490000000000000000e+03 -2.740722240934324816e+01
3.500000000000000000e+03 -2.526230774895240927e+01
3.510000000000000000e+03 -2.638912826121455169e+01
3.520000000000000000e+03 -2.618604447723284068e+01
3.530000000000000000e+03 -2.492096190857758131e+01
3.540000000000000000e+03 -2.561601366156568815e+01
3.550000000000000000e+03 -2.690975392706614855e+01
3.560000000000000000e+03 -2.582629699427116066e+01
3.570000000000000000e+03 -2.725146824585796423e+01
3.580000000000000000e+03 -2.599958230682639737e+01
3.590000000000000000e+03 -2.736772146110035919e+01
3.600000000000000000e+03 -2.669016476379161418e+01
3.610000000000000000e+03 -2.742854370155957611e+01
3.620000000000000000e+03 -2.752878274075719389e+01
3.630000000000000000e+03 -2.798170970783161238e+01
3.640000000000000000e+03 -2.649061678430047095e+01
3.650000000000000000e+03 -2.564477858422483791e+01
3.660000000000000000e+03 -2.554850344266515094e+01
3.670000000000000000e+03 -2.723396021422904312e+01
3.680000000000000000e+03 -2.839732815496819285e+01
3.690000000000000000e+03 -2.956901980459889501e+01
3.700000000000000000e+03 -2.978732715893909244e+01
3.710000000000000000e+03 -3.091889362178538647e+01
3.720000000000000000e+03 -2.916843790081269105e+01
3.730000000000000000e+03 -2.979529373656012581e+01
3.740000000000000000e+03 -3.061169685569851140e+01
3.750000000000000000e+03 -3.167660876592715624e+01
3.760000000000000000e+03 -3.087803375502147674e+01
3.770000000000000000e+03 -3.158360703601559294e+01
3.780000000000000000e+03 -3.248720970835297805e+01
3.790000000000000000e+03 -3.276733590386599815e+01
3.800000000000000000e+03 -3.247974794929629638e+01
3.810000000000000000e+03 -3.226078369638111099e+01
3.820000000000000000e+03 -3.152402553669539031e+01
3.830000000000000000e+03 -3.072642284557191772e+01
3.840000000000000000e+03 -3.264837862367488697e+01
3.850000000000000000e+03 -3.354075267380272862e+01
3.860000000000000000e+03 -3.155399620444700304e+01
3.870000000000000000e+03 -3.054610714165221452e+01
3.880000000000000000e+03 -3.139243491785968843e+01
3.890000000000000000e+03 -3.362923997960568556e+01
3.900000000000000000e+03 -3.423134293328348576e+01
3.910000000000000000e+03 -3.361595438947577463e+01
3.920000000000000000e+03 -3.458834542614704333e+01
3.930000000000000000e+03 -3.444273886477218127e+01
3.940000000000000000e+03 -3.462505713654999795e+01
3.950000000000000000e+03 -3.523536709898547770e+01
3.960000000000000000e+03 -3.470674175273583728e+01
3.970000000000000000e+03 -3.698545860239239857e+01
3.980000000000000000e+03 -3.603882679844161885e+01
3.990000000000000000e+03 -3.696649271514928614e+01
4.000000000000000000e+03 -3.910517978963454766e+01
4.010000000000000000e+03 -3.678315146976046890e+01
4.020000000000000000e+03 -3.514048221414694240e+01
4.030000000000000000e+03 -3.524612860481511234e+01
4.040000000000000000e+03 -3.645626811887804308e+01
4.050000000000000000e+03 -3.687215696678286747e+01
4.060000000000000000e+03 -3.759836750078346768e+01
4.070000000000000000e+03 -3.764654506016481150e+01
4.080000000000000000e+03 -3.551348904068260026e+01
4.090000000000000000e+03 -3.683311819949389587e+01
4.100000000000000000e+03 -3.618965529486816024e+01
4.110000000000000000e+03 -3.715384259839366621e+01
4.120000000000000000e+03 -3.919308990268527282e+01
4.130000000000000000e+03 -3.920993656183539144e+01
4.140000000000000000e+03 -4.048064472982694895e+01
4.150000000000000000e+03 -4.075593922329457541e+01
4.160000000000000000e+03 -4.087769290327774740e+01
4.170000000000000000e+03 -4.208121182408638106e+01
4.180000000000000000e+03 -4.170217670268836230e+01
4.190000000000000000e+03 -4.065780244077299699e+01
4.200000000000000000e+03 -4.031892924729120864e+01
4.210000000000000000e+03 -4.036101549357820772e+01
4.220000000000000000e+03 -3.934822770555754801e+01
4.230000000000000000e+03 -4.113782083263478739e+01
4.240000000000000000e+03 -4.080277938927594050e+01
4.250000000000000000e+03 -4.088307767274730509e+01
4.260000000000000000e+03 -4.322091722412280035e+01
4.270000000000000000e+03 -4.295057952993943218e+01
4.280000000000000000e+03 -4.209323951426378585e+01
4.290000000000000000e+03 -4.197087164453192543e+01
4.300000000000000000e+03 -4.180720053144486315e+01
4.310000000000000000e+03 -4.280674150970916969e+01
4.320000000000000000e+03 -4.124532264060093212e+01
4.330000000000000000e+03 -4.141066408280219946e+01
4.340000000000000000e+03 -4.121015020471980961e+01
4.350000000000000000e+03 -4.276344717663252482e+01
4.360000000000000000e+03 -4.236168091630017329e+01
4.370000000000000000e+03 -4.241323247632388416e+01
4.380000000000000000e+03 -4.152869876572381713e+01
4.390000000000000000e+03 -3.932868873302447810e+01
4.400000000000000000e+03 -3.892463305935454798e+01
4.410000000000000000e+03 -3.855021565218693524e+01
4.420000000000000000e+03 -4.072532938772206990e+01
4.430000000000000000e+03 -4.142571084417967597e+01
4.440000000000000000e+03 -4.286176079243021775e+01
4.450000000000000000e+03 -4.334230151992483115e+01
4.460000000000000000e+03 -4.234880273912777682e+01
4.470000000000000000e+03 -4.317622458258983897e+01
4.480000000000000000e+03 -4.324642163752619695e+01
4.490000000000000000e+03 -4.377337298287334022e+01
4.500000000000000000e+03 -4.301401191977456051e+01
4.510000000000000000e+03 -4.405671541751731013e+01
4.520000000000000000e+03 -4.354922179878036559e+01
4.530000000000000000e+03 -4.316592648576701663e+01
4.540000000000000000e+03 -4.416557907062627919e+01
4.550000000000000000e+03 -4.406859352271939656e+01
4.560000000000000000e+03 -4.241268220426579205e+01
4.570000000000000000e+03 -4.431044821035966663e+01
4.580000000000000000e+03 -4.432206639905152201e+01
4.590000000000000000e+03 -4.457568541842499599e+01
4.600000000000000000e+03 -4.449420230498252238e+01
4.610000000000000000e+03 -4.512863233821700248e+01
4.620000000000000000e+03 -4.445603155220379676e+01
4.630000000000000000e+03 -4.592120633526467088e+01
4.640000000000000000e+03 -4.623062336268745298e+01
4.650000000000000000e+03 -4.624507813008425217e+01
4.660000000000000000e+03 -4.678666414075912883e+01
4.670000000000000000e+03 -4.569830448313886961e+01
4.680000000000000000e+03 -4.733191168070453614e+01
4.690000000000000000e+03 -4.781019197141048949e+01
4.700000000000000000e+03 -4.833459863581394700e+01
4.710000000000000000e+03 -4.772309244783059512e+01
4.720000000000000000e+03 -4.789483611387564110e+01
4.730000000000000000e+03 -4.610226570975569871e+01
4.740000000000000000e+03 -4.695997643749015538e+01
4.750000000000000000e+03 -4.574306666965401291e+01
4.760000000000000000e+03 -4.577264216538102914e+01
4.770000000000000000e+03 -4.705266199818272810e+01
4.780000000000000000e+03 -4.931087210906831331e+01
4.790000000000000000e+03 -4.918506536215922154e+01
4.800000000000000000e+03 -4.787797023785385875e+01
4.810000000000000000e+03 -4.854273716974647357e+01
4.820000000000000000e+03 -4.871822352734641015e+01
4.830000000000000000e+03 -4.962733959872176115e+01
4.840000000000000000e+03 -5.077635914772815795e+01
4.850000000000000000e+03 -5.132571793351435474e+01
4.860000000000000000e+03 -4.988555036331180759e+01
4.870000000000000000e+03 -5.103602295578026826e+01
4.880000000000000000e+03 -5.009312876599494757e+01
4.890000000000000000e+03 -5.167555455368079720e+01
4.900000000000000000e+03 -5.008155038587285901e+01
4.910000000000000000e+03 -4.871898778972111188e+01
4.920000000000000000e+03 -4.974573182195085508e+01
4.930000000000000000e+03 -4.916760415805217121e+01
4.940000000000000000e+03 -4.994406665494878439e+01
4.950000000000000000e+03 -4.990898979031479143e+01
4.960000000000000000e+03 -5.013280863355953443e+01
4.970000000000000000e+03 -5.242789314122398991e+01
4.980000000000000000e+03 -5.474854589147540196e+01
4.990000000000000000e+03 -5.383372296574519567e+01
5.000000000000000000e+03 -5.373527357388294945e+01
5.010000000000000000e+03 -5.402795030978198554e+01
5.020000000000000000e+03 -5.407656529087833519e+01
5.030000000000000000e+03 -5.272679500157816790e+01
5.040000000000000000e+03 -5.495381284384896503e+01
5.050000000000000000e+03 -5.460899931275012875e+01
5.060000000000000000e+03 -5.396767362664131440e+01
5.070000000000000000e+03 -5.459871941402269613e+01
5.080000000000000000e+03 -5.557408480816101815e+01
5.090000000000000000e+03 -5.525336341056298295e+01
5.100000000000000000e+03 -5.480182471409483469e+01
5.110000000000000000e+03 -5.448177276268017977e+01
5.120000000000000000e+03 -5.449851010372861992e+01
5.130000000000000000e+03 -5.430147599082378918e+01
5.140000000000000000e+03 -5.579631315435136685e+01
5.150000000000000000e+03 -5.586779441406532953e+01
5.160000000000000000e+03 -5.524474590012034980e+01
5.170000000000000000e+03 -5.427878479437156045e+01
5.180000000000000000e+03 -5.633591667824970273e+01
5.190000000000000000e+03 -5.491412303357851954e+01
5.200000000000000000e+03 -5.587156688909777813e+01
5.210000000000000000e+03 -5.580505389003562300e+01
5.220000000000000000e+03 -5.501132152850760804e+01
5.230000000000000000e+03 -5.325945166326368962e+01
5.240000000000000000e+03 -5.483367987184277581e+01
5.250000000000000000e+03 -5.444355232584466364e+01
5.260000000000000000e+03 -5.512857304218260879e+01
5.270000000000000000e+03 -5.666882864928199126e+01
5.280000000000000000e+03 -5.809680136336673684e+01
5.290000000000000000e+03 -5.726649164243819712e+01
5.300000000000000000e+03 -5.751240790856952856e+01
5.310000000000000000e+03 -5.729475860124865960e+01
5.320000000000000000e+03 -5.725301545263364744e+01
5.330000000000000000e+03 -5.693702285074766678e+01
5.340000000000000000e+03 -5.597626198593536628e+01
5.350000000000000000e+03 -5.736320760532159113e+01
5.360000000000000000e+03 -5.691920811961375648e+01
5.370000000000000000e+03 -5.646235707859680986e+01
5.380000000000000000e+03 -5.550276632221290640e+01
5.390000000000000000e+03 -5.440014584952376708e+01
5.400000000000000000e+03 -5.661770105592061952e+01
5.410000000000000000e+03 -5.768252552385280296e+01
5.420000000000000000e+03 -5.758900341243588628e+01
5.430000000000000000e+03 -5.844321820968967529e+01
5.440000000000000000e+03 -5.802663536310737413e+01
5.450000000000000000e+03 -5.622618251899557151e+01
5.460000000000000000e+03 -5.790600660215369544e+01
5.470000000000000000e+03 -5.767417024023002625e+01
5.480000000000000000e+03 -5.690291919183762559e+01
5.490000000000000000e+03 -5.756591060443143704e+01
5.500000000000000000e+03 -5.640511140907055676e+01
5.510000000000000000e+03 -5.614238478414466726e+01
5.520000000000000000e+03 -5.641290802183958419e+01
5.530000000000000000e+03 -5.846502332228779153e+01
5.540000000000000000e+03 -5.856420292976895325e+01
5.550000000000000000e+03 -5.997033604769048054e+01
5.560000000000000000e+03 -5.821865014101491909e+01
5.570000000000000000e+03 -5.851510366448809464e+01
5.580000000000000000e+03 -5.690564185381269624e+01
5.590000000000000000e+03 -5.900233426631238842e+01
5.600000000000000000e+03 -5.980261044469099829e+01
5.610000000000000000e+03 -5.973429542283078320e+01
5.620000000000000000e+03 -6.055729296110855842e+01
5.630000000000000000e+03 -6.096037294389088856e+01
5.640000000000000000e+03 -6.132060425067119525e+01
5.650000000000000000e+03 -6.135051650957076674e+01
5.660000000000000000e+03 -6.167822450054462990e+01
5.670000000000000000e+03 -6.281777277034704809e+01
5.680000000000000000e+03 -6.446977059134853505e+01
5.690000000000000000e+03 -6.293757809845607198e+01
5.700000000000000000e+03 -6.432695540315006610e+01
5.710000000000000000e+03 -6.278898690497504731e+01
5.720000000000000000e+03 -6.252145739819762582e+01
5.730000000000000000e+03 -6.160932040060177428e+01
5.740000000000000000e+03 -6.376141249548095402e+01
5.750000000000000000e+03 -6.438356762416935908e+01
5.760000000000000000e+03 -6.388647248911405541e+01
5.770000000000000000e+03 -6.135643645278152292e+01
5.780000000000000000e+03 -6.152128697036749827e+01
5.790000000000000000e+03 -6.313056954055413428e+01
5.800000000000000000e+03 -6.385131581527527089e+01
5.810000000000000000e+03 -6.357585999821976941e+01
5.820000000000000000e+03 -6.271881296147232376e+01
5.830000000000000000e+03 -6.206972115632149212e+01
5.840000000000000000e+03 -6.213325380739752291e+01
5.850000000000000000e+03 -6.120623281605965360e+01
5.860000000000000000e+03 -6.217403260775226670e+01
5.870000000000000000e+03 -6.075318994946213991e+01
5.880000000000000000e+03 -6.067211396268619694e+01
5.890000000000000000e+03 -6.130130906389845791e+01
5.900000000000000000e+03 -6.182702448111999161e+01
5.910000000000000000e+03 -6.288248372429390542e+01
5.920000000000000000e+03 -6.262642021050761798e+01
5.930000000000000000e+03 -6.421503966776869277e+01
5.940000000000000000e+03 -6.579567107562610317e+01
5.950000000000000000e+03 -6.489042485933246951e+01
5.960000000000000000e+03 -6.551553059674107260e+01
5.970000000000000000e+03 -6.620480847577464090e+01
5.980000000000000000e+03 -6.653720477014228152e+01
5.990000000000000000e+03 -6.614613017540990825e+01
6.000000000000000000e+03 -6.541522430624388562e+01
6.010000000000000000e+03 -6.552912760391879488e+01
6.020000000000000000e+03 -6.199546268821178785e+01
6.030000000000000000e+03 -6.424715072079192169e+01
6.040000000000000000e+03 -6.258127967242424461e+01
6.050000000000000000e+03 -6.271083739348802055e+01
6.060000000000000000e+03 -6.495130499662511170e+01
6.070000000000000000e+03 -6.391584727968881907e+01
6.080000000000000000e+03 -6.342838183219451764e+01
6.090000000000000000e+03 -6.468502889187494986e+01
6.100000000000000000e+03 -6.433289317741606794e+01
6.110000000000000000e+03 -6.543303325687278971e+01
6.120000000000000000e+03 -6.743605536156718472e+01
6.130000000000000000e+03 -6.765442236398496334e+01
6.140000000000000000e+03 -6.691865245687881725e+01
6.150000000000000000e+03 -6.614532568189869721e+01
6.160000000000000000e+03 -6.771251776653576826e+01
6.170000000000000000e+03 -6.684661097018134512e+01
6.180000000000000000e+03 -6.546392304908538051e+01
6.190000000000000000e+03 -6.673074004171827767e+01
6.200000000000000000e+03 -6.723626048980203507e+01
6.210000000000000000e+03 -6.631975978589039755e+01
6.220000000000000000e+03 -6.821287226112440294e+01
6.230000000000000000e+03 -6.824612829241661416e+01
6.240000000000000000e+03 -6.786681146199138936e+01
6.250000000000000000e+03 -6.932477301072387377e+01
6.260000000000000000e+03 -6.701185857916487976e+01
6.270000000000000000e+03 -6.865206493511003316e+01
6.280000000000000000e+03 -7.124073277982355989e+01
6.290000000000000000e+03 -7.208737963479150324e+01
6.300000000000000000e+03 -7.121637643530945638e+01
6.310000000000000000e+03 -7.240099255594188321e+01
6.320000000000000000e+03 -7.089214677861288294e+01
6.330000000000000000e+03 -7.117971026646553412e+01
6.340000000000000000e+03 -7.094395176502300160e+01
6.350000000000000000e+03 -6.979388914559871182e+01
6.360000000000000000e+03 -6.927531904702937027e+01
6.370000000000000000e+03 -6.938178587322765623e+01
6.380000000000000000e+03 -7.032030296959956672e+01
6.390000000000000000e+03 -6.880649956205175499e+01
6.400000000000000000e+03 -6.958955840021809536e+01
6.410000000000000000e+03 -6.988759279186243134e+01
6.420000000000000000e+03 -7.201775788263594791e+01
6.430000000000000000e+03 -7.134406950329767483e+01
6.440000000000000000e+03 -7.076731281170162902e+01
6.450000000000000000e+03 -7.047409168029787452e+01
6.460000000000000000e+03 -7.108872326602845249e+01
6.470000000000000000e+03 -7.129631812027835736e+01
6.480000000000000000e+03 -7.119901783778962567e+01
6.490000000000000000e+03 -7.181703810275875810e+01
6.500000000000000000e+03 -7.253599448679986494e+01
6.510000000000000000e+03 -7.347068139463455339e+01
6.520000000000000000e+03 -7.476762593259388723e+01
6.530000000000000000e+03 -7.467688460616594170e+01
6.540000000000000000e+03 -7.274824591443817212e+01
6.550000000000000000e+03 -7.169832792044951475e+01
6.560000000000000000e+03 -7.154049103559354705e+01
6.570000000000000000e+03 -6.865752286564450912e+01
6.580000000000000000e+03 -7.187869467028859560e+01
6.590000000000000000e+03 -7.242789013975317403e+01
6.600000000000000000e+03 -7.182320762980100426e+01
6.610000000000000000e+03 -7.388652140587373651e+01
6.620000000000000000e+03 -7.379170100531339926e+01
6.630000000000000000e+03 -7.201882567590830320e+01
6.640000000000000000e+03 -7.206830735770905960e+01
6.650000000000000000e+03 -7.443490134191142715e+01
6.660000000000000000e+03 -7.250783068874186199e+01
6.670000000000000000e+03 -7.128048105277876800e+01
6.680000000000000000e+03 -7.198123835172852125e+01
6.690000000000000000e+03 -7.215308823743824007e+01
6.700000000000000000e+03 -7.007313094599149395e+01
6.710000000000000000e+03 -7.203529409904453473e+01
6.720000000000000000e+03 -7.241912196136182445e+01
6.730000000000000000e+03 -7.364624831858914433e+01
6.740000000000000000e+03 -7.307384992369475185e+01
6.750000000000000000e+03 -7.394271805564017086e+01
6.760000000000000000e+03 -7.399873984781771696e+01
6.770000000000000000e+03 -7.354640211523361870e+01
6.780000000000000000e+03 -7.296352029079895374e+01
6.790000000000000000e+03 -7.388935145882946642e+01
6.800000000000000000e+03 -7.562873760931145739e+01
6.810000000000000000e+03 -7.596538154400998621e+01
6.820000000000000000e+03 -7.385928768739093186e+01
6.830000000000000000e+03 -7.304002281123435125e+01
6.840000000000000000e+03 -7.250385876858005929e+01
6.850000000000000000e+03 -7.454384996295831911e+01
6.860000000000000000e+03 -7.445781551584556723e+01
6.870000000000000000e+03 -7.391091507742932265e+01
6.880000000000000000e+03 -7.411357011371731573e+01
6.890000000000000000e+03 -7.399797605705771275e+01
6.900000000000000000e+03 -7.223041934263190456e+01
6.910000000000000000e+03 -7.021945973489341952e+01
6.920000000000000000e+03 -6.932800424802690031e+01
6.930000000000000000e+03 -6.822546141149081222e+01
6.940000000000000000e+03 -6.862682859882828268e+01
6.950000000000000000e+03 -6.994355767618114328e+01
6.960000000000000000e+03 -7.163284645986280452e+01
6.970000000000000000e+03 -7.319934096441362215e+01
6.980000000000000000e+03 -7.112856895217724684e+01
6.990000000000000000e+03 -7.444289143937704978e+01
7.000000000000000000e+03 -7.273036561557678681e+01
7.010000000000000000e+03 -7.350034830048529955e+01
7.020000000000000000e+03 -7.363993119474925209e+01
7.030000000000000000e+03 -7.418019499946690587e+01
7.040000000000000000e+03 -7.565453328002629974e+01
7.050000000000000000e+03 -7.804181460136427972e+01
7.060000000000000000e+03 -7.850357215689329848e+01
7.070000000000000000e+03 -7.675402302677827038e+01
7.080000000000000000e+03 -7.920946736506996899e+01
7.090000000000000000e+03 -7.720689556334616555e+01
7.100000000000000000e+03 -7.788009750223216088e+01
7.110000000000000000e+03 -7.638105517325277560e+01
7.120000000000000000e+03 -7.689767728221156062e+01
7.130000000000000000e+03 -7.599370571165816557e+01
7.140000000000000000e+03 -7.673575698152596658e+01
7.150000000000000000e+03 -7.564460852407084701e+01
7.160000000000000000e+03 -7.461767247650234935e+01
7.170000000000000000e+03 -7.438857467481230401e+01
7.180000000000000000e+03 -7.338637942054471353e+01
7.190000000000000000e+03 -7.442287469248167042e+01
7.200000000000000000e+03 -7.506716658385148833e+01
7.210000000000000000e+03 -7.675683157519424071e+01
7.220000000000000000e+03 -7.803287474090099352e+01
7.230000000000000000e+03 -7.652240630098548024e+01
7.240000000000000000e+03 -7.668100186502203996e+01
7.250000000000000000e+03 -7.663305063133999795e+01
7.260000000000000000e+03 -7.669331953980021410e+01
7.270000000000000000e+03 -7.684363724679654695e+01
7.280000000000000000e+03 -7.681462384190231774e+01
7.290000000000000000e+03 -7.684472686552643950e+01
7.300000000000000000e+03 -7.686244513300249537e+01
7.310000000000000000e+03 -7.690019657226309846e+01
7.320000000000000000e+03 -7.694636970119671560e+01
7.330000000000000000e+03 -7.703398329700836200e+01
7.340000000000000000e+03 -7.771093513071232906e+01
7.350000000000000000e+03 -7.837470960859286606e+01
7.360000000000000000e+03 -7.828952930465706572e+01
7.370000000000000000e+03 -7.937256374090254951e+01
7.380000000000000000e+03 -7.864921453609323976e+01
7.390000000000000000e+03 -7.901460003108194030e+01
7.400000000000000000e+03 -7.560925659786744291e+01
7.410000000000000000e+03 -7.562379919604242673e+01
7.420000000000000000e+03 -7.759168221396559773e+01
7.430000000000000000e+03 -7.801372610383405970e+01
7.440000000000000000e+03 -7.860170210701943461e+01
7.450000000000000000e+03 -7.719346042647150341e+01
7.460000000000000000e+03 -7.924251108737176708e+01
7.470000000000000000e+03 -7.941157904859322514e+01
7.480000000000000000e+03 -8.164616773870200461e+01
7.490000000000000000e+03 -8.158664983214384847e+01
7.500000000000000000e+03 -8.057365385882283704e+01
7.510000000000000000e+03 -8.095486331068036634e+01
7.520000000000000000e+03 -8.108106661248936575e+01
7.530000000000000000e+03 -8.016854025426039243e+01
7.540000000000000000e+03 -7.871085699273679381e+01
7.550000000000000000e+03 -7.923911494117180609e+01
7.560000000000000000e+03 -7.991853408057110641e+01
7.570000000000000000e+03 -7.996367088214823582e+01
7.580000000000000000e+03 -7.940069374819618986e+01
7.590000000000000000e+03 -7.963774118851921457e+01
7.600000000000000000e+03 -7.909414448809236831e+01
7.610000000000000000e+03 -7.826610985384597541e+01
7.620000000000000000e+03 -7.852077857792485815e+01
7.630000000000000000e+03 -7.800670214020608739e+01
7.640000000000000000e+03 -7.995156522361970985e+01
7.650000000000000000e+03 -8.052729182304449296e+01
7.660000000000000000e+03 -7.899317660091227822e+01
7.670000000000000000e+03 -7.973578451335089312e+01
7.680000000000000000e+03 -7.991392089414715372e+01
7.690000000000000000e+03 -7.907096222555811948e+01
7.700000000000000000e+03 -7.945210251372563448e+01
7.710000000000000000e+03 -7.864980966605584456e+01
7.720000000000000000e+03 -7.893994744296617228e+01
7.730000000000000000e+03 -7.995219166627025231e+01
7.740000000000000000e+03 -7.994239063872123552e+01
7.750000000000000000e+03 -7.969519320454375588e+01
7.760000000000000000e+03 -7.707885595080968244e+01
7.770000000000000000e+03 -7.768726164523049249e+01
7.780000000000000000e+03 -7.739214350254431452e+01
7.790000000000000000e+03 -7.847838142574101994e+01
7.800000000000000000e+03 -7.840545969730335685e+01
7.810000000000000000e+03 -7.663657191602149510e+01
7.820000000000000000e+03 -7.799442720449988542e+01
7.830000000000000000e+03 -7.890634387264461225e+01
7.840000000000000000e+03 -8.054629356489184033e+01
7.850000000000000000e+03 -8.006446478708092229e+01
7.860000000000000000e+03 -8.006827275907642161e+01
7.870000000000000000e+03 -8.088742808797131545e+01
7.880000000000000000e+03 -8.023714833000980207e+01
7.890000000000000000e+03 -8.101364272090133056e+01
7.900000000000000000e+03 -8.154206584259259216e+01
7.910000000000000000e+03 -8.191140190585119285e+01
7.920000000000000000e+03 -8.129139111693547193e+01
7.930000000000000000e+03 -8.213076386213745650e+01
7.940000000000000000e+03 -8.128859705734106456e+01
7.950000000000000000e+03 -8.268289236913884110e+01
7.960000000000000000e+03 -8.049020839889801948e+01
7.970000000000000000e+03 -8.028041489681636733e+01
7.980000000000000000e+03 -7.966126541526584504e+01
7.990000000000000000e+03 -7.874243034525744633e+01
8.000000000000000000e+03 -7.877366867403397066e+01
8.010000000000000000e+03 -7.897029619765685027e+01
8.020000000000000000e+03 -8.011333583703783745e+01
8.030000000000000000e+03 -7.951707350129676399e+01
8.040000000000000000e+03 -7.922512633972097262e+01
8.050000000000000000e+03 -7.933705188262348429e+01
8.060000000000000000e+03 -7.947862302984988503e+01
8.070000000000000000e+03 -8.011612452078240665e+01
8.080000000000000000e+03 -8.060502165031144273e+01
8.090000000000000000e+03 -8.099457381392556954e+01
8.100000000000000000e+03 -8.064846185345061258e+01
8.110000000000000000e+03 -8.170255576041691370e+01
8.120000000000000000e+03 -8.383116710687156115e+01
8.130000000000000000e+03 -8.485470875863319407e+01
8.140000000000000000e+03 -8.447861366298100450e+01
8.150000000000000000e+03 -8.509280739976395580e+01
8.160000000000000000e+03 -8.572766270972179825e+01
8.170000000000000000e+03 -8.733617327169555722e+01
8.180000000000000000e+03 -8.633736831518734789e+01
8.190000000000000000e+03 -8.514041612241656765e+01
8.200000000000000000e+03 -8.438658617803369566e+01
8.210000000000000000e+03 -8.489188770614036628e+01
8.220000000000000000e+03 -8.611558360209420471e+01
8.230000000000000000e+03 -8.628324907071471728e+01
8.240000000000000000e+03 -8.561044735192933786e+01
8.250000000000000000e+03 -8.463039661642997658e+01
8.260000000000000000e+03 -8.514397089787404127e+01
8.270000000000000000e+03 -8.507642849167166332e+01
8.280000000000000000e+03 -8.234518921753850407e+01
8.290000000000000000e+03 -8.419940662793894148e+01
8.300000000000000000e+03 -8.381698248034516041e+01
8.310000000000000000e+03 -8.530170220179209650e+01
8.320000000000000000e+03 -8.445018587967581425e+01
8.330000000000000000e+03 -8.374164778502857587e+01
8.340000000000000000e+03 -8.449397868475712414e+01
8.350000000000000000e+03 -8.491727057446030358e+01
8.360000000000000000e+03 -8.538318292957858091e+01
8.370000000000000000e+03 -8.457335674793007740e+01
8.380000000000000000e+03 -8.537421732881060166e+01
8.390000000000000000e+03 -8.342435720580596126e+01
8.400000000000000000e+03 -8.419169905705369672e+01
8.410000000000000000e+03 -8.573223546936921480e+01
8.420000000000000000e+03 -8.553034799419478418e+01
8.430000000000000000e+03 -8.545925069445455335e+01
8.440000000000000000e+03 -8.549347144682937483e+01
8.450000000000000000e+03 -8.554384306350347345e+01
8.460000000000000000e+03 -8.548395534246508021e+01
8.470000000000000000e+03 -8.541972183904752569e+01
8.480000000000000000e+03 -8.545680969956114836e+01
8.490000000000000000e+03 -8.570677971120466054e+01
8.500000000000000000e+03 -8.322031678731258353e+01
8.510000000000000000e+03 -8.325194248465881230e+01
8.520000000000000000e+03 -8.278756575409835250e+01
8.530000000000000000e+03 -8.397917446526831498e+01
8.540000000000000000e+03 -8.177109221391184235e+01
8.550000000000000000e+03 -8.250332133497664699e+01
8.560000000000000000e+03 -8.239903332551406834e+01
8.570000000000000000e+03 -8.192636003928780042e+01
8.580000000000000000e+03 -8.060689577615923440e+01
8.590000000000000000e+03 -8.125758037693641711e+01
8.600000000000000000e+03 -7.973533743870962098e+01
8.610000000000000000e+03 -8.154493235180189004e+01
8.620000000000000000e+03 -8.208289562407588846e+01
8.630000000000000000e+03 -8.387461406852733603e+01
8.640000000000000000e+03 -8.388645313177677565e+01
8.650000000000000000e+03 -8.399287842393459869e+01
8.660000000000000000e+03 -8.391570475154075837e+01
8.670000000000000000e+03 -8.425070875249954838e+01
8.680000000000000000e+03 -8.390617639929864424e+01
8.690000000000000000e+03 -8.147666961234260441e+01
8.700000000000000000e+03 -8.118282058022559511e+01
8.710000000000000000e+03 -8.290359064976188108e+01
8.720000000000000000e+03 -8.441001635241021006e+01
8.730000000000000000e+03 -8.432992201666547771e+01
8.740000000000000000e+03 -8.454028557447610126e+01
8.750000000000000000e+03 -8.626675227388831502e+01
8.760000000000000000e+03 -8.652093577984055628e+01
8.770000000000000000e+03 -8.662011629531362189e+01
8.780000000000000000e+03 -8.736276834199901486e+01
8.790000000000000000e+03 -8.950339006053219748e+01
8.800000000000000000e+03 -9.031493913078092817e+01
8.810000000000000000e+03 -8.966479577161209136e+01
8.820000000000000000e+03 -8.850830284608461795e+01
8.830000000000000000e+03 -8.720157192999842266e+01
8.840000000000000000e+03 -8.620773345703094037e+01
8.850000000000000000e+03 -8.728475983165127161e+01
8.860000000000000000e+03 -8.628455694707022872e+01
8.870000000000000000e+03 -8.670332555588284151e+01
8.880000000000000000e+03 -8.787720575799988865e+01
8.890000000000000000e+03 -8.800876522499542887e+01
8.900000000000000000e+03 -8.921987974931498400e+01
8.910000000000000000e+03 -8.791646738030976849e+01
8.920000000000000000e+03 -8.890565065299591652e+01
8.930000000000000000e+03 -8.972584532078472819e+01
8.940000000000000000e+03 -8.906551435285187779e+01
8.950000000000000000e+03 -9.015604690200399318e+01
8.960000000000000000e+03 -8.958090753603187295e+01
8.970000000000000000e+03 -8.887804218798235922e+01
8.980000000000000000e+03 -8.905319796747298255e+01
8.990000000000000000e+03 -8.704260506101387307e+01
9.000000000000000000e+03 -8.594002965263644001e+01
9.010000000000000000e+03 -8.956091473568751837e+01
9.020000000000000000e+03 -9.125363391004930236e+01
9.030000000000000000e+03 -9.186479431026938869e+01
9.040000000000000000e+03 -9.054559642283670939e+01
9.050000000000000000e+03 -9.121758560383510428e+01
9.060000000000000000e+03 -9.103650222692087368e+01
9.070000000000000000e+03 -9.047829646812917304e+01
9.080000000000000000e+03 -9.162729648307727359e+01
9.090000000000000000e+03 -9.127531257664014674e+01
9.100000000000000000e+03 -9.224479451066747515e+01
9.110000000000000000e+03 -9.143832051047503739e+01
9.120000000000000000e+03 -9.085482188954098604e+01
9.130000000000000000e+03 -9.050409739281491284e+01
9.140000000000000000e+03 -9.290291479581819090e+01
9.150000000000000000e+03 -9.246826960217515534e+01
9.160000000000000000e+03 -9.163357910893036262e+01
9.170000000000000000e+03 -9.109397400994033944e+01
9.180000000000000000e+03 -9.184658916041796317e+01
9.190000000000000000e+03 -9.135276958856742624e+01
9.200000000000000000e+03 -9.243608399091718297e+01
9.210000000000000000e+03 -9.333970186605479569e+01
9.220000000000000000e+03 -9.201433657237780039e+01
9.230000000000000000e+03 -9.159131838026704031e+01
9.240000000000000000e+03 -9.192563259500464312e+01
9.250000000000000000e+03 -9.172621033687413217e+01
9.260000000000000000e+03 -9.083500727328276980e+01
9.270000000000000000e+03 -9.040208983564518519e+01
9.280000000000000000e+03 -8.879807390155565372e+01
9.290000000000000000e+03 -8.677603278717019464e+01
9.300000000000000000e+03 -8.836322187814923268e+01
9.310000000000000000e+03 -8.863168156050555524e+01
9.320000000000000000e+03 -8.799574210370630567e+01
9.330000000000000000e+03 -8.706381727452152575e+01
9.340000000000000000e+03 -8.931880355072901523e+01
9.350000000000000000e+03 -8.841209938974023430e+01
9.360000000000000000e+03 -8.831245545895545490e+01
9.370000000000000000e+03 -8.881313672324566255e+01
9.380000000000000000e+03 -8.781416592230816320e+01
9.390000000000000000e+03 -8.703733440886364292e+01
9.400000000000000000e+03 -8.798141154502332029e+01
9.410000000000000000e+03 -8.862466397463056467e+01
9.420000000000000000e+03 -8.729835998540612252e+01
9.430000000000000000e+03 -8.724160692272889150e+01
9.440000000000000000e+03 -8.760260593063004819e+01
9.450000000000000000e+03 -8.761185533934795444e+01
9.460000000000000000e+03 -8.912634792186133836e+01
9.470000000000000000e+03 -9.003072390667537661e+01
9.480000000000000000e+03 -8.988284242226001197e+01
9.490000000000000000e+03 -9.055607511453695224e+01
9.500000000000000000e+03 -9.131914759111617741e+01
9.510000000000000000e+03 -9.065849009255531143e+01
9.520000000000000000e+03 -9.241575854162272208e+01
9.530000000000000000e+03 -9.102846863833126179e+01
9.540000000000000000e+03 -9.275800005757024280e+01
9.550000000000000000e+03 -9.278940763527285185e+01
9.560000000000000000e+03 -9.207868143767504421e+01
9.570000000000000000e+03 -9.132905311433648876e+01
9.580000000000000000e+03 -9.098551247897164274e+01
9.590000000000000000e+03 -9.184643001306531573e+01
9.600000000000000000e+03 -9.186365330199586765e+01
9.610000000000000000e+03 -9.228149641501246947e+01
9.620000000000000000e+03 -9.247869946199804758e+01
9.630000000000000000e+03 -9.192440663192013517e+01
9.640000000000000000e+03 -9.127902714670723583e+01
9.650000000000000000e+03 -9.139202795108370481e+01
9.660000000000000000e+03 -8.904272690098024157e+01
9.670000000000000000e+03 -8.651539655466400802e+01
9.680000000000000000e+03 -8.526101906445707357e+01
9.690000000000000000e+03 -8.676644497535862399e+01
9.700000000000000000e+03 -8.623542485023692450e+01
9.710000000000000000e+03 -8.661477895704949503e+01
9.720000000000000000e+03 -8.651019055616104936e+01
9.730000000000000000e+03 -8.839785034021029730e+01
9.740000000000000000e+03 -9.083122741540843492e+01
9.750000000000000000e+03 -9.193882189745838218e+01
9.760000000000000000e+03 -9.186151555328333984e+01
9.770000000000000000e+03 -9.104998104340053544e+01
9.780000000000000000e+03 -9.059041402943356047e+01
9.790000000000000000e+03 -8.814623054008282566e+01
9.800000000000000000e+03 -8.717435696741971185e+01
9.810000000000000000e+03 -8.395902942283063908e+01
9.820000000000000000e+03 -8.382478114619557630e+01
9.830000000000000000e+03 -8.362480109952296914e+01
9.840000000000000000e+03 -8.599111629851852001e+01
9.850000000000000000e+03 -8.852352943077049474e+01
9.860000000000000000e+03 -9.040100248633711999e+01
9.870000000000000000e+03 -8.999665937560915552e+01
9.880000000000000000e+03 -8.973151625511930263e+01
9.890000000000000000e+03 -8.927335063840243379e+01
9.900000000000000000e+03 -8.920674948760772338e+01
9.910000000000000000e+03 -8.953467125262953630e+01
9.920000000000000000e+03 -9.006441451503633289e+01
9.930000000000000000e+03 -9.203541717089234453e+01
9.940000000000000000e+03 -9.354864764446691083e+01
9.950000000000000000e+03 -9.383200469189395676e+01
9.960000000000000000e+03 -9.298870909350436875e+01
9.970000000000000000e+03 -9.190684824657745366e+01
9.980000000000000000e+03 -9.111067223051274766e+01
9.990000000000000000e+03 -9.021685617356962439e+01
1.000000000000000000e+04 -9.268474693887132787e+01
1.001000000000000000e+04 -9.191335206535124769e+01
1.002000000000000000e+04 -9.142605541124139279e+01
1.003000000000000000e+04 -9.268357406414453692e+01
1.004000000000000000e+04 -9.264261637129985161e+01
1.005000000000000000e+04 -9.170414870533591056e+01
1.006000000000000000e+04 -8.958316436254396820e+01
1.007000000000000000e+04 -9.068144839072890306e+01
1.008000000000000000e+04 -9.153121453707973387e+01
1.009000000000000000e+04 -9.413480504742132382e+01
1.010000000000000000e+04 -9.613799436387171227e+01
1.011000000000000000e+04 -9.682221177043874150e+01
1.012000000000000000e+04 -9.702092658315348217e+01
1.013000000000000000e+04 -9.710901123084897790e+01
1.014000000000000000e+04 -9.582657838943710260e+01
1.015000000000000000e+04 -9.523501146726026434e+01
1.016000000000000000e+04 -9.608246013991882251e+01
1.017000000000000000e+04 -9.698470302644051344e+01
1.018000000000000000e+04 -9.888758447103303695e+01
1.019000000000000000e+04 -9.877545641491967388e+01
1.020000000000000000e+04 -9.934768008094206948e+01
1.021000000000000000e+04 -9.923467901376304212e+01
1.022000000000000000e+04 -9.877320445290088458e+01
1.023000000000000000e+04 -9.616241034909452878e+01
1.024000000000000000e+04 -9.596916715659527597e+01
1.025000000000000000e+04 -9.505624262411753023e+01
1.026000000000000000e+04 -9.631443021646661862e+01
1.027000000000000000e+04 -9.702255828477721877e+01
1.028000000000000000e+04 -9.482384482795005454e+01
1.029000000000000000e+04 -9.624495423875802658e+01
1.030000000000000000e+04 -9.608823178659639552e+01
1.031000000000000000e+04 -9.679923003940784554e+01
1.032000000000000000e+04 -9.510451682714005983e+01
1.033000000000000000e+04 -9.679640888171967106e+01
1.034000000000000000e+04 -9.630904167767141644e+01
1.035000000000000000e+04 -9.498584383996349345e+01
1.036000000000000000e+04 -9.471349391135660767e+01
1.037000000000000000e+04 -9.355675160125629475e+01
1.038000000000000000e+04 -9.431553613768681998e+01
1.039000000000000000e+04 -9.527645044442694200e+01
1.040000000000000000e+04 -9.540141177642500736e+01
1.041000000000000000e+04 -9.504571336672795212e+01
1.042000000000000000e+04 -9.676983461080315863e+01
1.043000000000000000e+04 -9.622947082281901032e+01
1.044000000000000000e+04 -9.778495222441817702e+01
1.045000000000000000e+04 -9.629172775161735842e+01
1.046000000000000000e+04 -9.893557385459206444e+01
1.047000000000000000e+04 -9.975648043549048793e+01
1.048000000000000000e+04 -1.010311907124630721e+02
1.049000000000000000e+04 -1.002038308447133232e+02
1.050000000000000000e+04 -1.009649977310115645e+02
1.051000000000000000e+04 -1.008899854716270426e+02
1.052000000000000000e+04 -9.979448704150073013e+01
1.053000000000000000e+04 -9.767678750975223068e+01
1.054000000000000000e+04 -9.831423503559857124e+01
1.055000000000000000e+04 -9.863266546566092074e+01
1.056000000000000000e+04 -9.738445111249257025e+01
1.057000000000000000e+04 -9.791691760862612171e+01
1.058000000000000000e+04 -9.933712277137598790e+01
1.059000000000000000e+04 -9.680219544372897644e+01
1.060000000000000000e+04 -9.557495439432047135e+01
1.061000000000000000e+04 -9.554053167237900368e+01
1.062000000000000000e+04 -9.674545047438671475e+01
1.063000000000000000e+04 -9.643778997490046834e+01
1.064000000000000000e+04 -9.648440271004162128e+01
1.065000000000000000e+04 -9.840502301639268978e+01
1.066000000000000000e+04 -9.856345182477400613e+01
1.067000000000000000e+04 -9.875876196615168112e+01
1.068000000000000000e+04 -9.726679358067184467e+01
1.069000000000000000e+04 -9.736570250682289895e+01
1.070000000000000000e+04 -9.639962009184846181e+01
1.071000000000000000e+04 -9.665299682418596205e+01
1.072000000000000000e+04 -9.718657259125647840e+01
1.073000000000000000e+04 -9.667636278692202723e+01
1.074000000000000000e+04 -9.624409312099064095e+01
1.075000000000000000e+04 -9.895910913031460154e+01
1.076000000000000000e+04 -9.966011785265033041e+01
1.077000000000000000e+04 -1.001147933113265793e+02
1.078000000000000000e+04 -1.013060877705665348e+02
1.079000000000000000e+04 -1.016998166019109533e+02
1.080000000000000000e+04 -1.009310412618567909e+02
1.081000000000000000e+04 -1.017251060450203255e+02
1.082000000000000000e+04 -1.019369066270692201e+02
1.083000000000000000e+04 -1.001721718379547497e+02
1.084000000000000000e+04 -1.006421315704639596e+02
1.085000000000000000e+04 -1.010438146454715707e+02
1.086000000000000000e+04 -1.012442130089103216e+02
1.087000000000000000e+04 -1.031987212286127829e+02
1.088000000000000000e+04 -1.046194129929214256e+02
1.089000000000000000e+04 -1.043800064618229868e+02
1.090000000000000000e+04 -1.030463679750246087e+02
1.091000000000000000e+04 -1.036046383202424153e+02
1.092000000000000000e+04 -1.041184706263443616e+02
1.093000000000000000e+04 -1.044439672245437833e+02
1.094000000000000000e+04 -1.045326910894693668e+02
1.095000000000000000e+04 -1.056476722539007227e+02
1.096000000000000000e+04 -1.051038855632440630e+02
1.097000000000000000e+04 -1.057476764586096323e+02
1.098000000000000000e+04 -1.041985208942294605e+02
1.099000000000000000e+04 -1.048122568339551606e+02
1.100000000000000000e+04 -1.053138201132265408e+02
1.101000000000000000e+04 -1.055170728335861412e+02
1.102000000000000000e+04 -1.038672852001686806e+02
1.103000000000000000e+04 -1.023728362735816688e+02
1.104000000000000000e+04 -1.033532083270508792e+02
1.105000000000000000e+04 -1.023711358147734813e+02
1.106000000000000000e+04 -1.028221537882595555e+02
1.107000000000000000e+04 -1.045740807064767637e+02
1.108000000000000000e+04 -1.038146323721248621e+02
1.109000000000000000e+04 -1.027982938340820880e+02
1.110000000000000000e+04 -1.038259822273209920e+02
1.111000000000000000e+04 -1.032329495068418055e+02
1.112000000000000000e+04 -1.042436890587333522e+02
1.113000000000000000e+04 -1.042720809321082243e+02
1.114000000000000000e+04 -1.056651710499931909e+02
1.115000000000000000e+04 -1.047710970512739408e+02
1.116000000000000000e+04 -1.041981544645502709e+02
1.117000000000000000e+04 -1.052359888989583112e+02
1.118000000000000000e+04 -1.055156055573146432e+02
1.119000000000000000e+04 -1.045384542647768313e+02
1.120000000000000000e+04 -1.050828477148490379e+02
1.121000000000000000e+04 -1.058627276718659971e+02
1.122000000000000000e+04 -1.054724279720472140e+02
1.123000000000000000e+04 -1.055199002587542623e+02
1.124000000000000000e+04 -1.043161817447088850e+02
1.125000000000000000e+04 -1.034390579992459749e+02
1.126000000000000000e+04 -1.024477307250757292e+02
1.127000000000000000e+04 -1.022721583366900688e+02
1.128000000000000000e+04 -1.025621376062373997e+02
1.129000000000000000e+04 -1.024462677459737421e+02
1.130000000000000000e+04 -1.011672692221006429e+02
1.131000000000000000e+04 -1.005442420469325668e+02
1.132000000000000000e+04 -1.007210787494407072e+02
1.133000000000000000e+04 -1.037927681871376251e+02
1.134000000000000000e+04 -1.044450017819479086e+02
1.135000000000000000e+04 -1.035838567897635016e+02
1.136000000000000000e+04 -1.038020638625114742e+02
1.137000000000000000e+04 -1.055853033172710980e+02
1.138000000000000000e+04 -1.031843903236828055e+02
1.139000000000000000e+04 -1.050811085053327787e+02
1.140000000000000000e+04 -1.060204709825696625e+02
1.141000000000000000e+04 -1.064734848692900755e+02
1.142000000000000000e+04 -1.055523757010760164e+02
1.143000000000000000e+04 -1.056487655473262635e+02
1.144000000000000000e+04 -1.057275817688569504e+02
1.145000000000000000e+04 -1.047792176090598275e+02
1.146000000000000000e+04 -1.044046416832379691e+02
1.147000000000000000e+04 -1.049642568315287434e+02
1.148000000000000000e+04 -1.045739937765820429e+02
1.149000000000000000e+04 -1.050562038253517869e+02
1.150000000000000000e+04 -1.048281858194632861e+02
1.151000000000000000e+04 -1.065815055255933430e+02
1.152000000000000000e+04 -1.074579898217073293e+02
1.153000000000000000e+04 -1.073579895395804442e+02
1.154000000000000000e+04 -1.080146971485286684e+02
1.155000000000000000e+04 -1.075003136244355773e+02
1.156000000000000000e+04 -1.076612481078560535e+02
1.157000000000000000e+04 -1.086549525717872768e+02
1.158000000000000000e+04 -1.069714092005232544e+02
1.159000000000000000e+04 -1.062940147243983517e+02
1.160000000000000000e+04 -1.068590492547956501e+02
1.161000000000000000e+04 -1.077125616498492491e+02
1.162000000000000000e+04 -1.059882384710526679e+02
1.163000000000000000e+04 -1.060874748293207688e+02
1.164000000000000000e+04 -1.063601292440695119e+02
1.165000000000000000e+04 -1.050871251926780019e+02
1.166000000000000000e+04 -1.052832234163162752e+02
1.167000000000000000e+04 -1.049087093387662293e+02
1.168000000000000000e+04 -1.060988330597101736e+02
1.169000000000000000e+04 -1.064637301901911002e+02
1.170000000000000000e+04 -1.073271929374942744e+02
1.171000000000000000e+04 -1.087150866731338681e+02
1.172000000000000000e+04 -1.101281042756100135e+02
1.173000000000000000e+04 -1.107990712181124735e+02
1.174000000000000000e+04 -1.099959171362726664e+02
1.175000000000000000e+04 -1.105520477866243283e+02
1.176000000000000000e+04 -1.096699180969274039e+02
1.177000000000000000e+04 -1.089228161286698509e+02
1.178000000000000000e+04 -1.103086772533464597e+02
1.179000000000000000e+04 -1.104046398098356008e+02
1.180000000000000000e+04 -1.103401274081537622e+02
1.181000000000000000e+04 -1.120479908119647945e+02
1.182000000000000000e+04 -1.106508160011697157e+02
1.183000000000000000e+04 -1.096956861900762021e+02
1.184000000000000000e+04 -1.102912457007975604e+02
1.185000000000000000e+04 -1.107111308361947692e+02
1.186000000000000000e+04 -1.090858280302481660e+02
1.187000000000000000e+04 -1.106523858464264549e+02
1.188000000000000000e+04 -1.111157843683446060e+02
1.189000000000000000e+04 -1.117597991805009769e+02
1.190000000000000000e+04 -1.112485276076287590e+02
1.191000000000000000e+04 -1.107501792723436012e+02
1.192000000000000000e+04 -1.120216135270645168e+02
1.193000000000000000e+04 -1.120606214550731750e+02
1.194000000000000000e+04 -1.119948813033108337e+02
1.195000000000000000e+04 -1.118999908468358200e+02
1.196000000000000000e+04 -1.119456537760334385e+02
1.197000000000000000e+04 -1.115458766648212787e+02
1.198000000000000000e+04 -1.121096097763821291e+02
1.199000000000000000e+04 -1.122855299993671139e+02
1.200000000000000000e+04 -1.116366016718398697e+02
1.201000000000000000e+04 -1.126542306816889294e+02
1.202000000000000000e+04 -1.138493485566800700e+02
1.203000000000000000e+04 -1.133903925701779087e+02
1.204000000000000000e+04 -1.131543112661441768e+02
1.205000000000000000e+04 -1.134530715928245428e+02
1.206000000000000000e+04 -1.121456946810472175e+02
1.207000000000000000e+04 -1.119333680740104029e+02
1.208000000000000000e+04 -1.111865790405716155e+02
1.209000000000000000e+04 -1.124684552028993636e+02
1.210000000000000000e+04 -1.113879829840580129e+02
1.211000000000000000e+04 -1.130138724201818405e+02
1.212000000000000000e+04 -1.128790736286160836e+02
1.213000000000000000e+04 -1.119720883607201358e+02
1.214000000000000000e+04 -1.087914156279837243e+02
1.215000000000000000e+04 -1.075438125283960460e+02
1.216000000000000000e+04 -1.097180098256218770e+02
1.217000000000000000e+04 -1.105223037853194512e+02
1.218000000000000000e+04 -1.095491675851587132e+02
1.219000000000000000e+04 -1.097130622635187649e+02
1.220000000000000000e+04 -1.092041760332647016e+02
1.221000000000000000e+04 -1.075067401353271208e+02
1.222000000000000000e+04 -1.093460794313013906e+02
1.223000000000000000e+04 -1.106013573708048625e+02
1.224000000000000000e+04 -1.095538468612886476e+02
1.225000000000000000e+04 -1.112848481964112892e+02
1.226000000000000000e+04 -1.122091087543998640e+02
1.227000000000000000e+04 -1.114474152801382729e+02
1.228000000000000000e+04 -1.113217658094649494e+02
1.229000000000000000e+04 -1.096207373230273419e+02
1.230000000000000000e+04 -1.110352333086816685e+02
1.231000000000000000e+04 -1.107773898203507770e+02
1.232000000000000000e+04 -1.111117874624984552e+02
1.233000000000000000e+04 -1.112946089492470918e+02
1.234000000000000000e+04 -1.119087263663349745e+02
1.235000000000000000e+04 -1.109815568970913233e+02
1.236000000000000000e+04 -1.104634500562046355e+02
1.237000000000000000e+04 -1.107265416363613184e+02
1.238000000000000000e+04 -1.112568578334086311e+02
1.239000000000000000e+04 -1.108746917478933653e+02
1.240000000000000000e+04 -1.093322613733382269e+02
1.241000000000000000e+04 -1.112649783489191719e+02
1.242000000000000000e+04 -1.114057662276297265e+02
1.243000000000000000e+04 -1.114006466209417994e+02
1.244000000000000000e+04 -1.141281141132392634e+02
1.245000000000000000e+04 -1.136610300624406591e+02
1.246000000000000000e+04 -1.147698527147313285e+02
1.247000000000000000e+04 -1.146384606784329776e+02
1.248000000000000000e+04 -1.145314983406780840e+02
1.249000000000000000e+04 -1.162418332514921531e+02
1.250000000000000000e+04 -1.145704269469557630e+02
1.251000000000000000e+04 -1.157494890229775137e+02
1.252000000000000000e+04 -1.163062432349324098e+02
1.253000000000000000e+04 -1.165300761543730772e+02
1.254000000000000000e+04 -1.167197916414961298e+02
1.255000000000000000e+04 -1.177402064956179260e+02
1.256000000000000000e+04 -1.179452460190404821e+02
1.257000000000000000e+04 -1.169093257925221536e+02
1.258000000000000000e+04 -1.155116356910360196e+02
1.259000000000000000e+04 -1.147059693204745656e+02
1.260000000000000000e+04 -1.155252210481548900e+02
1.261000000000000000e+04 -1.159312820195807205e+02
1.262000000000000000e+04 -1.154591665983242308e+02
1.263000000000000000e+04 -1.152291060823319242e+02
1.264000000000000000e+04 -1.160869976974673392e+02
1.265000000000000000e+04 -1.173400571071928624e+02
1.266000000000000000e+04 -1.148974881359281284e+02
1.267000000000000000e+04 -1.147730142107720042e+02
1.268000000000000000e+04 -1.139352361629992458e+02
1.269000000000000000e+04 -1.149723335039163175e+02
1.270000000000000000e+04 -1.144376689402088374e+02
1.271000000000000000e+04 -1.137403590672273879e+02
1.272000000000000000e+04 -1.139042340945978822e+02
1.273000000000000000e+04 -1.150256248759568933e+02
1.274000000000000000e+04 -1.144658037257673584e+02
1.275000000000000000e+04 -1.176384955568846209e+02
1.276000000000000000e+04 -1.173768240892733417e+02
1.277000000000000000e+04 -1.181681335730190341e+02
1.278000000000000000e+04 -1.175018751898477092e+02
1.279000000000000000e+04 -1.169752956729842737e+02
1.280000000000000000e+04 -1.167584800521805732e+02
1.281000000000000000e+04 -1.171573046670498712e+02
1.282000000000000000e+04 -1.195692125081325656e+02
1.283000000000000000e+04 -1.185533904214783547e+02
1.284000000000000000e+04 -1.195779857021624935e+02
1.285000000000000000e+04 -1.205602249005870021e+02
1.286000000000000000e+04 -1.205770083075148591e+02
1.287000000000000000e+04 -1.204276732673635451e+02
1.288000000000000000e+04 -1.202724188041238023e+02
1.289000000000000000e+04 -1.217131716380066564e+02
1.290000000000000000e+04 -1.202344037261887024e+02
1.291000000000000000e+04 -1.204326710495443677e+02
1.292000000000000000e+04 -1.202196676950084537e+02
1.293000000000000000e+04 -1.198784043642620105e+02
1.294000000000000000e+04 -1.192149267549004321e+02
1.295000000000000000e+04 -1.204205914774707935e+02
1.296000000000000000e+04 -1.214691851697681813e+02
1.297000000000000000e+04 -1.212134384983057060e+02
1.298000000000000000e+04 -1.223352391197398674e+02
1.299000000000000000e+04 -1.209990409907289290e+02
1.300000000000000000e+04 -1.198226730185963191e+02
1.301000000000000000e+04 -1.190162020813526311e+02
1.302000000000000000e+04 -1.191682947433787234e+02
1.303000000000000000e+04 -1.202147559145104481e+02
1.304000000000000000e+04 -1.190248392335755625e+02
1.305000000000000000e+04 -1.210462137937826981e+02
1.306000000000000000e+04 -1.203045208688957786e+02
1.307000000000000000e+04 -1.202201438780566463e+02
1.308000000000000000e+04 -1.194762729644477020e+02
1.309000000000000000e+04 -1.204580743774785674e+02
