# key height(A)
0.000000000000000000e+00 6.024328192363427092e+01
1.000000000000000000e+01 6.223632093778912378e+01
2.000000000000000000e+01 6.294503702982521531e+01
3.000000000000000000e+01 6.307087923925630690e+01
4.000000000000000000e+01 6.336787292356014945e+01
5.000000000000000000e+01 6.332409337313697506e+01
6.000000000000000000e+01 6.400980795993490347e+01
7.000000000000000000e+01 6.446845628678445905e+01
8.000000000000000000e+01 6.452029913832855357e+01
9.000000000000000000e+01 6.449144146076797313e+01
1.000000000000000000e+02 6.490889365152135326e+01
1.100000000000000000e+02 6.472153013974602231e+01
1.200000000000000000e+02 6.504942899236188225e+01
1.300000000000000000e+02 6.578279131384498157e+01
1.400000000000000000e+02 6.585580730571085439e+01
1.500000000000000000e+02 6.588761867405740702e+01
1.600000000000000000e+02 6.625463622086755322e+01
1.700000000000000000e+02 6.613721867731500481e+01
1.800000000000000000e+02 6.668818610780506617e+01
1.900000000000000000e+02 6.684569191440075997e+01
2.000000000000000000e+02 6.751203291378389792e+01
2.100000000000000000e+02 6.834281505161682446e+01
2.200000000000000000e+02 6.903433846814897379e+01
2.300000000000000000e+02 6.837289986043080603e+01
2.400000000000000000e+02 6.909791152082313204e+01
2.500000000000000000e+02 6.930616616985656719e+01
2.600000000000000000e+02 6.941520584190683962e+01
2.700000000000000000e+02 6.963838038568653133e+01
2.800000000000000000e+02 6.998904671084812890e+01
2.900000000000000000e+02 6.969720339155874456e+01
3.000000000000000000e+02 6.620493208460835888e+01
3.100000000000000000e+02 6.588153539502179967e+01
3.200000000000000000e+02 6.698430824649172166e+01
3.300000000000000000e+02 6.736711219356301683e+01
3.400000000000000000e+02 6.751452586147144075e+01
3.500000000000000000e+02 6.524246415980151426e+01
3.600000000000000000e+02 6.477520053783544540e+01
3.700000000000000000e+02 6.466594824804394648e+01
3.800000000000000000e+02 6.508974871910677962e+01
3.900000000000000000e+02 6.504986852160529054e+01
4.000000000000000000e+02 6.520370540791385849e+01
4.100000000000000000e+02 6.443348507363585043e+01
4.200000000000000000e+02 6.554005567843458380e+01
4.300000000000000000e+02 6.582557562149825969e+01
4.400000000000000000e+02 6.565538650809352816e+01
4.500000000000000000e+02 6.708938051661371560e+01
4.600000000000000000e+02 6.636936141455709048e+01
4.700000000000000000e+02 6.584034640671754346e+01
4.800000000000000000e+02 6.539467832573159001e+01
4.900000000000000000e+02 6.260520972723865896e+01
5.000000000000000000e+02 6.414546578067012206e+01
5.100000000000000000e+02 6.411640711420218963e+01
5.200000000000000000e+02 6.467896115118898592e+01
5.300000000000000000e+02 6.384940560003982313e+01
5.400000000000000000e+02 6.401265071431917875e+01
5.500000000000000000e+02 6.236922592413026933e+01
5.600000000000000000e+02 6.182771557579857102e+01
5.700000000000000000e+02 6.168827260843686133e+01
5.800000000000000000e+02 6.101320651835035846e+01
5.900000000000000000e+02 6.053385063995954596e+01
6.000000000000000000e+02 6.104784349391626108e+01
6.100000000000000000e+02 6.075966231521408645e+01
6.200000000000000000e+02 5.985501663075135781e+01
6.300000000000000000e+02 6.072348963403649691e+01
6.400000000000000000e+02 6.049637139640535111e+01
6.500000000000000000e+02 6.167990185563124328e+01
6.600000000000000000e+02 5.955081675978458122e+01
6.700000000000000000e+02 5.908823598442762659e+01
6.800000000000000000e+02 5.792787701813226420e+01
6.900000000000000000e+02 5.777542996980497492e+01
7.000000000000000000e+02 5.896122945812633276e+01
7.100000000000000000e+02 5.864346641015718120e+01
7.200000000000000000e+02 5.906356997972071809e+01
7.300000000000000000e+02 5.915795199363194712e+01
7.400000000000000000e+02 5.945560105807322770e+01
7.500000000000000000e+02 5.819986794681941689e+01
7.600000000000000000e+02 5.756975063483632482e+01
7.700000000000000000e+02 5.924969711420877871e+01
7.800000000000000000e+02 5.793940180777526194e+01
7.900000000000000000e+02 5.795797032343286759e+01
8.000000000000000000e+02 5.606993865802590449e+01
8.100000000000000000e+02 5.540051809340686617e+01
8.200000000000000000e+02 5.571195010214696453e+01
8.300000000000000000e+02 5.670869610916870585e+01
8.400000000000000000e+02 5.661171973121560796e+01
8.500000000000000000e+02 5.695911629548531607e+01
8.600000000000000000e+02 5.739654171225572554e+01
8.700000000000000000e+02 5.633144985693367346e+01
8.800000000000000000e+02 5.489142819471701529e+01
8.900000000000000000e+02 5.519542406248883992e+01
9.000000000000000000e+02 5.414426189686053448e+01
9.100000000000000000e+02 5.378154383870106869e+01
9.200000000000000000e+02 5.368173547341003626e+01
9.300000000000000000e+02 5.346679754637654725e+01
9.400000000000000000e+02 5.418923782115353305e+01
9.500000000000000000e+02 5.493972887188199650e+01
9.600000000000000000e+02 5.437486336915727492e+01
9.700000000000000000e+02 5.455967949384361759e+01
9.800000000000000000e+02 5.528141359769675489e+01
9.900000000000000000e+02 5.502831836165000823e+01
1.000000000000000000e+03 5.471223823159699862e+01
1.010000000000000000e+03 5.480479935934511815e+01
1.020000000000000000e+03 5.332527191749522189e+01
1.030000000000000000e+03 5.419312633674277890e+01
1.040000000000000000e+03 5.245274882278539508e+01
1.050000000000000000e+03 5.332746599739841287e+01
1.060000000000000000e+03 5.359649816476916584e+01
1.070000000000000000e+03 5.324546416467876497e+01
1.080000000000000000e+03 5.320164935509542659e+01
1.090000000000000000e+03 5.400679240428352301e+01
1.100000000000000000e+03 5.393849667087291522e+01
1.110000000000000000e+03 5.459586179118073801e+01
1.120000000000000000e+03 5.449317408348181146e+01
1.130000000000000000e+03 5.459149686917355382e+01
1.140000000000000000e+03 5.464089551566855363e+01
1.150000000000000000e+03 5.453405796025179342e+01
1.160000000000000000e+03 5.462096234816002749e+01
1.170000000000000000e+03 5.507316773445610636e+01
1.180000000000000000e+03 5.525653511627221093e+01
1.190000000000000000e+03 5.508622756130171183e+01
1.200000000000000000e+03 5.294360845215135214e+01
1.210000000000000000e+03 5.219120223234639866e+01
1.220000000000000000e+03 5.207310811870416956e+01
1.230000000000000000e+03 5.223140868760985711e+01
1.240000000000000000e+03 5.262900653814855900e+01
1.250000000000000000e+03 5.308088810112356271e+01
1.260000000000000000e+03 5.142693922412567531e+01
1.270000000000000000e+03 5.246550364573825220e+01
1.280000000000000000e+03 5.134373253450458208e+01
1.290000000000000000e+03 5.087935116647930300e+01
1.300000000000000000e+03 5.128150298936270701e+01
1.310000000000000000e+03 5.123752773655247239e+01
1.320000000000000000e+03 5.042849208111752546e+01
1.330000000000000000e+03 5.107820729735347243e+01
1.340000000000000000e+03 5.149120748129183767e+01
1.350000000000000000e+03 5.184252811683258955e+01
1.360000000000000000e+03 5.142319991596623652e+01
1.370000000000000000e+03 5.168868814388660127e+01
1.380000000000000000e+03 5.232774085542799014e+01
1.390000000000000000e+03 5.082661051710595501e+01
1.400000000000000000e+03 4.968580833460685398e+01
1.410000000000000000e+03 4.814574135498452279e+01
1.420000000000000000e+03 4.823990027202023612e+01
1.430000000000000000e+03 4.782176383254027030e+01
1.440000000000000000e+03 4.788169150190958590e+01
1.450000000000000000e+03 4.799254117162085720e+01
1.460000000000000000e+03 4.716191169143173312e+01
1.470000000000000000e+03 4.697199254249802891e+01
1.480000000000000000e+03 4.638923052826562099e+01
1.490000000000000000e+03 4.492968137029124165e+01
1.500000000000000000e+03 4.610291610710333998e+01
1.510000000000000000e+03 4.712975606496141978e+01
1.520000000000000000e+03 4.651377056456733072e+01
1.530000000000000000e+03 4.634399658606626105e+01
1.540000000000000000e+03 4.547684301591655753e+01
1.550000000000000000e+03 4.535219463270549767e+01
1.560000000000000000e+03 4.562993273459707666e+01
1.570000000000000000e+03 4.585425363455912162e+01
1.580000000000000000e+03 4.649407683151572712e+01
1.590000000000000000e+03 4.605591552844042980e+01
1.600000000000000000e+03 4.683285978873994537e+01
1.610000000000000000e+03 4.647493117011111963e+01
1.620000000000000000e+03 4.684623108759626575e+01
1.630000000000000000e+03 4.721736409395785472e+01
1.640000000000000000e+03 4.712878082423480919e+01
1.650000000000000000e+03 4.604992847359274322e+01
1.660000000000000000e+03 4.718356178080244945e+01
1.670000000000000000e+03 4.617068434091477513e+01
1.680000000000000000e+03 4.614075665605625431e+01
1.690000000000000000e+03 4.588661800150816816e+01
1.700000000000000000e+03 4.655233839736479240e+01
1.710000000000000000e+03 4.668594391460786142e+01
1.720000000000000000e+03 4.757977731292730539e+01
1.730000000000000000e+03 4.733705244590923655e+01
1.740000000000000000e+03 4.605532247452283912e+01
1.750000000000000000e+03 4.662263810220596838e+01
1.760000000000000000e+03 4.800351678461090899e+01
1.770000000000000000e+03 4.671670650112538681e+01
1.780000000000000000e+03 4.709733548344948417e+01
1.790000000000000000e+03 4.634998903051986474e+01
1.800000000000000000e+03 4.590262136843512053e+01
1.810000000000000000e+03 4.584430879579203122e+01
1.820000000000000000e+03 4.623971560802391423e+01
1.830000000000000000e+03 4.532475761206345055e+01
1.840000000000000000e+03 4.468531133758537521e+01
1.850000000000000000e+03 4.528332209548789677e+01
1.860000000000000000e+03 4.632270608969048453e+01
1.870000000000000000e+03 4.651404961691126516e+01
1.880000000000000000e+03 4.435135988399144935e+01
1.890000000000000000e+03 4.457060741226989364e+01
1.900000000000000000e+03 4.319510588734966916e+01
1.910000000000000000e+03 4.394514532160964393e+01
1.920000000000000000e+03 4.367096338587829507e+01
1.930000000000000000e+03 4.445895636746720925e+01
1.940000000000000000e+03 4.447119422326719018e+01
1.950000000000000000e+03 4.429780000895135572e+01
1.960000000000000000e+03 4.474504314279302264e+01
1.970000000000000000e+03 4.630025277517772508e+01
1.980000000000000000e+03 4.583088087494128615e+01
1.990000000000000000e+03 4.595827717087244935e+01
2.000000000000000000e+03 4.396744603025516085e+01
2.010000000000000000e+03 4.463284699664063737e+01
2.020000000000000000e+03 4.381613719751337044e+01
2.030000000000000000e+03 4.341806761102679957e+01
2.040000000000000000e+03 4.341218794453708085e+01
2.050000000000000000e+03 4.429899854841420392e+01
2.060000000000000000e+03 4.562263016793173165e+01
2.070000000000000000e+03 4.634091214530448610e+01
2.080000000000000000e+03 4.679523655111820801e+01
2.090000000000000000e+03 4.542000422055521369e+01
2.100000000000000000e+03 4.602838206930636034e+01
2.110000000000000000e+03 4.433050555959570715e+01
2.120000000000000000e+03 4.452093889935213156e+01
2.130000000000000000e+03 4.376661908979461657e+01
2.140000000000000000e+03 4.369344634729407062e+01
2.150000000000000000e+03 4.272944807001796619e+01
2.160000000000000000e+03 4.230348070985617426e+01
2.170000000000000000e+03 4.306659258941178336e+01
2.180000000000000000e+03 4.338670444115538771e+01
2.190000000000000000e+03 4.321556379538671422e+01
2.200000000000000000e+03 4.387365910864342311e+01
2.210000000000000000e+03 4.207729736564169798e+01
2.220000000000000000e+03 4.299979264504516152e+01
2.230000000000000000e+03 4.318889922086398769e+01
2.240000000000000000e+03 4.210671051934174614e+01
2.250000000000000000e+03 4.188542044430023736e+01
2.260000000000000000e+03 4.077292700637663359e+01
2.270000000000000000e+03 4.166857000287889434e+01
2.280000000000000000e+03 4.202316191990109928e+01
2.290000000000000000e+03 4.018824144444550939e+01
2.300000000000000000e+03 4.031381289634894927e+01
2.310000000000000000e+03 4.087813545949684624e+01
2.320000000000000000e+03 4.195260597698569427e+01
2.330000000000000000e+03 4.159290786856992383e+01
2.340000000000000000e+03 4.183497058381487932e+01
2.350000000000000000e+03 4.179296065438015262e+01
2.360000000000000000e+03 4.120207527025503680e+01
2.370000000000000000e+03 4.085015166549902688e+01
2.380000000000000000e+03 4.022338740582159744e+01
2.390000000000000000e+03 4.080894084391877641e+01
2.400000000000000000e+03 3.976939568676817771e+01
2.410000000000000000e+03 3.748268189936307238e+01
2.420000000000000000e+03 3.681517942245274355e+01
2.430000000000000000e+03 3.692305491535324791e+01
2.440000000000000000e+03 3.661598050579142694e+01
2.450000000000000000e+03 3.804868974656579894e+01
2.460000000000000000e+03 3.800373060648279022e+01
2.470000000000000000e+03 3.964982275182640592e+01
2.480000000000000000e+03 3.969234925788349244e+01
2.490000000000000000e+03 3.960456621394564536e+01
2.500000000000000000e+03 4.056598899154190008e+01
2.510000000000000000e+03 4.062616229365910669e+01
2.520000000000000000e+03 4.031485581396651696e+01
2.530000000000000000e+03 4.045353966481597752e+01
2.540000000000000000e+03 4.038851129576869425e+01
2.550000000000000000e+03 4.044495997533334730e+01
2.560000000000000000e+03 4.147324393212387861e+01
2.570000000000000000e+03 4.008723135582367547e+01
2.580000000000000000e+03 3.882776770799418387e+01
2.590000000000000000e+03 3.781218236839713143e+01
2.600000000000000000e+03 3.879462823813690875e+01
2.610000000000000000e+03 3.929169266974004415e+01
2.620000000000000000e+03 4.053500801865921233e+01
2.630000000000000000e+03 3.974163205162038537e+01
2.640000000000000000e+03 3.965628571045142792e+01
2.650000000000000000e+03 4.029902334542627784e+01
2.660000000000000000e+03 4.045560295100288783e+01
2.670000000000000000e+03 4.082034366001188630e+01
2.680000000000000000e+03 4.062166224887047861e+01
2.690000000000000000e+03 4.181878959901203530e+01
2.700000000000000000e+03 4.247140005056880341e+01
2.710000000000000000e+03 4.241133190168275746e+01
2.720000000000000000e+03 4.103517629149268942e+01
2.730000000000000000e+03 4.153920217286126615e+01
2.740000000000000000e+03 3.982095771406058304e+01
2.750000000000000000e+03 3.931847922287603581e+01
2.760000000000000000e+03 3.854255591895774558e+01
2.770000000000000000e+03 4.018946770124426848e+01
2.780000000000000000e+03 3.928424650269671758e+01
2.790000000000000000e+03 3.841637444541514412e+01
2.800000000000000000e+03 3.798197024926918175e+01
2.810000000000000000e+03 3.675639862159124505e+01
2.820000000000000000e+03 3.638985018949801997e+01
2.830000000000000000e+03 3.704694915889945150e+01
2.840000000000000000e+03 3.583236800046761061e+01
2.850000000000000000e+03 3.792838861033824571e+01
2.860000000000000000e+03 3.828002148954369943e+01
2.870000000000000000e+03 3.739640994413831265e+01
2.880000000000000000e+03 3.694625135749632250e+01
2.890000000000000000e+03 3.828665127243402821e+01
2.900000000000000000e+03 3.849397272175387741e+01
2.910000000000000000e+03 3.847607006599186263e+01
2.920000000000000000e+03 3.904541961085782020e+01
2.930000000000000000e+03 3.985132138703119153e+01
2.940000000000000000e+03 3.915492252842891219e+01
2.950000000000000000e+03 3.924239957128426681e+01
2.960000000000000000e+03 3.874195105474809964e+01
2.970000000000000000e+03 3.965990959931521331e+01
2.980000000000000000e+03 4.012706239932130359e+01
2.990000000000000000e+03 3.876051773316230253e+01
3.000000000000000000e+03 3.932082826982845347e+01
3.010000000000000000e+03 3.664419719092074956e+01
3.020000000000000000e+03 3.637399910237614620e+01
3.030000000000000000e+03 3.669014247076880508e+01
3.040000000000000000e+03 3.621303374183976587e+01
3.050000000000000000e+03 3.709420961299738906e+01
3.060000000000000000e+03 3.685841517072896067e+01
3.070000000000000000e+03 3.650657606459068916e+01
3.080000000000000000e+03 3.622042125144561453e+01
3.090000000000000000e+03 3.610051407108740307e+01
3.100000000000000000e+03 3.470452061793346843e+01
3.110000000000000000e+03 3.310368380967339874e+01
3.120000000000000000e+03 3.221789978480768468e+01
3.130000000000000000e+03 3.215882584841438074e+01
3.140000000000000000e+03 3.285948547767226557e+01
3.150000000000000000e+03 3.290979664553145767e+01
3.160000000000000000e+03 3.345585112077293388e+01
3.170000000000000000e+03 3.439812410162262779e+01
3.180000000000000000e+03 3.433714264777125891e+01
3.190000000000000000e+03 3.558364042346084943e+01
3.200000000000000000e+03 3.521014946778353760e+01
3.210000000000000000e+03 3.348141622255062089e+01
3.220000000000000000e+03 3.449115527780465129e+01
3.230000000000000000e+03 3.502597701785498430e+01
3.240000000000000000e+03 3.419301850470426984e+01
3.250000000000000000e+03 3.358125517820882067e+01
3.260000000000000000e+03 3.322435605202080922e+01
3.270000000000000000e+03 3.294244522311495871e+01
3.280000000000000000e+03 3.322409151761988255e+01
3.290000000000000000e+03 3.300544664113036220e+01
3.300000000000000000e+03 3.419705516692202707e+01
3.310000000000000000e+03 3.516325464114369481e+01
3.320000000000000000e+03 3.474735567302104755e+01
3.330000000000000000e+03 3.438224028818504507e+01
3.340000000000000000e+03 3.329433731946957664e+01
3.350000000000000000e+03 3.188438028136346247e+01
3.360000000000000000e+03 3.172514320953314382e+01
3.370000000000000000e+03 3.282330834903531525e+01
3.380000000000000000e+03 3.301745444704361887e+01
3.390000000000000000e+03 3.384974221566335473e+01
3.400000000000000000e+03 3.445963761503661260e+01
3.410000000000000000e+03 3.390575112934801894e+01
3.420000000000000000e+03 3.361083695567195662e+01
3.430000000000000000e+03 3.411838535561903996e+01
3.440000000000000000e+03 3.405384225460220193e+01
3.450000000000000000e+03 3.342667224387768954e+01
3.460000000000000000e+03 3.273860556267440813e+01
3.470000000000000000e+03 3.110284142788125905e+01
3.480000000000000000e+03 3.182993826958055195e+01
3.490000000000000000e+03 3.249639192036859470e+01
3.500000000000000000e+03 3.287130010171230765e+01
3.510000000000000000e+03 3.431387557888872664e+01
3.520000000000000000e+03 3.497329059769914750e+01
3.530000000000000000e+03 3.541174214314736446e+01
3.540000000000000000e+03 3.493694688638957757e+01
3.550000000000000000e+03 3.548903291234792334e+01
3.560000000000000000e+03 3.542031668979234382e+01
3.570000000000000000e+03 3.544531549831280870e+01
3.580000000000000000e+03 3.596634823945964854e+01
3.590000000000000000e+03 3.435226764546904121e+01
3.600000000000000000e+03 3.513776910090265915e+01
3.610000000000000000e+03 3.416649325893959599e+01
3.620000000000000000e+03 3.412163361676178397e+01
3.630000000000000000e+03 3.420453064019469025e+01
3.640000000000000000e+03 3.321438000078414632e+01
3.650000000000000000e+03 3.324702592131023948e+01
3.660000000000000000e+03 3.252534353090184993e+01
3.670000000000000000e+03 3.183057855645489553e+01
3.680000000000000000e+03 3.213957120271238921e+01
3.690000000000000000e+03 3.336732670037540061e+01
3.700000000000000000e+03 3.187965064999563936e+01
3.710000000000000000e+03 3.131891084725303642e+01
3.720000000000000000e+03 3.130334357909497101e+01
3.730000000000000000e+03 3.015183055183084093e+01
3.740000000000000000e+03 3.003215272040952755e+01
3.750000000000000000e+03 3.173958207730329661e+01
3.760000000000000000e+03 3.240074777724237265e+01
3.770000000000000000e+03 3.294532008866657691e+01
3.780000000000000000e+03 3.466857028676258778e+01
3.790000000000000000e+03 3.426152051283752087e+01
3.800000000000000000e+03 3.387014279125132532e+01
3.810000000000000000e+03 3.247490505776661962e+01
3.820000000000000000e+03 3.375086273464953024e+01
3.830000000000000000e+03 3.524498453027953815e+01
3.840000000000000000e+03 3.423093271550389716e+01
3.850000000000000000e+03 3.486336984376276860e+01
3.860000000000000000e+03 3.477166924477678833e+01
3.870000000000000000e+03 3.447268394379891276e+01
3.880000000000000000e+03 3.388792985694175286e+01
3.890000000000000000e+03 3.322597076628032653e+01
3.900000000000000000e+03 3.284432711856408105e+01
3.910000000000000000e+03 3.212440798434604972e+01
3.920000000000000000e+03 3.109295366362407265e+01
3.930000000000000000e+03 3.146019066698602273e+01
3.940000000000000000e+03 3.113184993044448845e+01
3.950000000000000000e+03 3.100475829560450336e+01
3.960000000000000000e+03 3.089350404713829334e+01
3.970000000000000000e+03 3.102082025997688675e+01
3.980000000000000000e+03 3.117964822557699733e+01
3.990000000000000000e+03 3.188318981262150942e+01
4.000000000000000000e+03 3.165948791317147482e+01
4.010000000000000000e+03 3.143708474090419713e+01
4.020000000000000000e+03 3.174402639111568192e+01
4.030000000000000000e+03 3.146924295258652648e+01
4.040000000000000000e+03 3.201962335091019440e+01
4.050000000000000000e+03 3.053936209659718770e+01
4.060000000000000000e+03 3.087083354559214854e+01
4.070000000000000000e+03 3.048546894958745668e+01
4.080000000000000000e+03 3.131158899748314184e+01
4.090000000000000000e+03 3.148642180625245146e+01
4.100000000000000000e+03 3.261268441656089578e+01
4.110000000000000000e+03 3.173153876173682875e+01
4.120000000000000000e+03 3.098350944649494920e+01
4.130000000000000000e+03 3.119105094677173895e+01
4.140000000000000000e+03 3.027136114994070226e+01
4.150000000000000000e+03 3.129304670056318116e+01
4.160000000000000000e+03 3.268403886051693519e+01
4.170000000000000000e+03 3.383502642959139450e+01
4.180000000000000000e+03 3.359485158308355324e+01
4.190000000000000000e+03 3.283482028569008548e+01
4.200000000000000000e+03 3.345326924458559859e+01
4.210000000000000000e+03 3.326638903850879103e+01
4.220000000000000000e+03 3.342451841365662801e+01
4.230000000000000000e+03 3.373477591048572322e+01
4.240000000000000000e+03 3.250394896070243078e+01
4.250000000000000000e+03 3.146203347496404490e+01
4.260000000000000000e+03 3.205959944308695242e+01
4.270000000000000000e+03 3.083426955892582555e+01
4.280000000000000000e+03 3.113087748927806331e+01
4.290000000000000000e+03 3.049368047191471476e+01
4.300000000000000000e+03 3.021180778283957125e+01
4.310000000000000000e+03 3.003597138294945523e+01
4.320000000000000000e+03 2.898694346579110004e+01
4.330000000000000000e+03 2.832661621726424528e+01
4.340000000000000000e+03 2.909574752592546076e+01
4.350000000000000000e+03 2.792793543942586609e+01
4.360000000000000000e+03 2.824219754096978363e+01
4.370000000000000000e+03 2.907069774036467891e+01
4.380000000000000000e+03 2.935654877596968504e+01
4.390000000000000000e+03 3.040188790684941011e+01
4.400000000000000000e+03 3.026550042939392426e+01
4.410000000000000000e+03 3.045587561421704947e+01
4.420000000000000000e+03 2.922815249276015948e+01
4.430000000000000000e+03 3.042977918310253926e+01
4.440000000000000000e+03 3.057117013260123883e+01
4.450000000000000000e+03 2.992180121914535107e+01
4.460000000000000000e+03 3.004578280803144708e+01
4.470000000000000000e+03 2.917624868217488654e+01
4.480000000000000000e+03 3.007507553888153495e+01
4.490000000000000000e+03 3.023243707203492647e+01
4.500000000000000000e+03 2.948569316535385099e+01
4.510000000000000000e+03 2.994695750199815620e+01
4.520000000000000000e+03 3.053842717569877152e+01
4.530000000000000000e+03 3.180213037859950020e+01
4.540000000000000000e+03 3.105007450603442010e+01
4.550000000000000000e+03 3.060195085764544842e+01
4.560000000000000000e+03 3.236877571030554179e+01
4.570000000000000000e+03 3.283452495607626531e+01
4.580000000000000000e+03 3.372335195583205802e+01
4.590000000000000000e+03 3.406226967080822021e+01
4.600000000000000000e+03 3.418194777577735977e+01
4.610000000000000000e+03 3.366289543787959815e+01
4.620000000000000000e+03 3.410663972547857270e+01
4.630000000000000000e+03 3.472660619156097539e+01
4.640000000000000000e+03 3.347261702857754528e+01
4.650000000000000000e+03 3.345489341587679633e+01
4.660000000000000000e+03 3.399320495414407617e+01
4.670000000000000000e+03 3.366199339971835514e+01
4.680000000000000000e+03 3.387545660582033236e+01
4.690000000000000000e+03 3.380732186305182552e+01
4.700000000000000000e+03 3.314096960398413216e+01
4.710000000000000000e+03 3.428205511648057779e+01
4.720000000000000000e+03 3.538813620928831938e+01
4.730000000000000000e+03 3.539888990083687759e+01
4.740000000000000000e+03 3.620836754105128819e+01
4.750000000000000000e+03 3.548141024121741793e+01
4.760000000000000000e+03 3.457468830648691949e+01
4.770000000000000000e+03 3.488409653452620773e+01
4.780000000000000000e+03 3.503962414325391705e+01
4.790000000000000000e+03 3.421744184842044945e+01
4.800000000000000000e+03 3.464521870195709141e+01
4.810000000000000000e+03 3.244659457736666752e+01
4.820000000000000000e+03 3.017403049849856700e+01
4.830000000000000000e+03 2.900250393887361611e+01
4.840000000000000000e+03 2.784005292576892998e+01
4.850000000000000000e+03 2.747515911046818360e+01
4.860000000000000000e+03 2.891830099740541016e+01
4.870000000000000000e+03 3.043220344856865722e+01
4.880000000000000000e+03 3.107933719048870103e+01
4.890000000000000000e+03 2.992630528916679111e+01
4.900000000000000000e+03 2.972835560245219710e+01
4.910000000000000000e+03 2.876292938992968118e+01
4.920000000000000000e+03 2.896659058936863573e+01
4.930000000000000000e+03 2.905936241275867360e+01
4.940000000000000000e+03 2.968589026480245252e+01
4.950000000000000000e+03 2.987640718210167279e+01
4.960000000000000000e+03 3.049652184668617849e+01
4.970000000000000000e+03 3.028074678578539647e+01
4.980000000000000000e+03 3.019066724244059685e+01
4.990000000000000000e+03 3.031829293342514120e+01
5.000000000000000000e+03 2.957488245054162235e+01
5.010000000000000000e+03 2.888366735659900542e+01
5.020000000000000000e+03 3.058006699480618806e+01
5.030000000000000000e+03 3.011439495159618218e+01
5.040000000000000000e+03 2.984036607347712788e+01
5.050000000000000000e+03 3.132302309041546096e+01
5.060000000000000000e+03 3.077958553981993362e+01
5.070000000000000000e+03 3.093756935132658725e+01
5.080000000000000000e+03 2.916249872457569836e+01
5.090000000000000000e+03 3.103472104830730416e+01
5.100000000000000000e+03 3.022892190975443327e+01
5.110000000000000000e+03 2.989304817259434799e+01
5.120000000000000000e+03 2.899202308698593811e+01
5.130000000000000000e+03 2.905222138390450937e+01
5.140000000000000000e+03 3.001508500065195051e+01
5.150000000000000000e+03 2.961047646781867115e+01
5.160000000000000000e+03 3.059462945556693114e+01
5.170000000000000000e+03 3.156161441814532509e+01
5.180000000000000000e+03 3.113089787643963291e+01
5.190000000000000000e+03 3.085981360203379609e+01
5.200000000000000000e+03 3.120924420999362781e+01
5.210000000000000000e+03 2.923088026759586455e+01
5.220000000000000000e+03 2.740195803985893974e+01
5.230000000000000000e+03 2.700978809322013774e+01
5.240000000000000000e+03 2.699131412110789086e+01
5.250000000000000000e+03 2.721061885366239608e+01
5.260000000000000000e+03 2.687663680838521429e+01
5.270000000000000000e+03 2.808257425938172958e+01
5.280000000000000000e+03 2.774008117944697460e+01
5.290000000000000000e+03 2.615567041271052062e+01
5.300000000000000000e+03 2.564498912800866037e+01
5.310000000000000000e+03 2.624384293129213575e+01
5.320000000000000000e+03 2.659477895709343898e+01
5.330000000000000000e+03 2.570287989713561672e+01
5.340000000000000000e+03 2.642669873255233881e+01
5.350000000000000000e+03 2.679292517901185988e+01
5.360000000000000000e+03 2.587432641222447671e+01
5.370000000000000000e+03 2.546265286007051998e+01
5.380000000000000000e+03 2.620690157025701694e+01
5.390000000000000000e+03 2.435315662496363132e+01
5.400000000000000000e+03 2.436459694163796996e+01
5.410000000000000000e+03 2.437544067369924505e+01
5.420000000000000000e+03 2.366414716937850926e+01
5.430000000000000000e+03 2.328107073317688958e+01
5.440000000000000000e+03 2.348394696006047866e+01
5.450000000000000000e+03 2.347663252535114964e+01
5.460000000000000000e+03 2.432782281329785690e+01
5.470000000000000000e+03 2.475850884666888874e+01
5.480000000000000000e+03 2.427285977023302621e+01
5.490000000000000000e+03 2.434872143290091628e+01
5.500000000000000000e+03 2.438555305469775192e+01
5.510000000000000000e+03 2.498609690571569786e+01
5.520000000000000000e+03 2.361448473167706652e+01
5.530000000000000000e+03 2.418698341785270145e+01
5.540000000000000000e+03 2.458951363359064146e+01
5.550000000000000000e+03 2.504304974503423864e+01
5.560000000000000000e+03 2.395729027577017689e+01
5.570000000000000000e+03 2.483054630331780288e+01
5.580000000000000000e+03 2.440695097637828326e+01
5.590000000000000000e+03 2.523936438091847378e+01
5.600000000000000000e+03 2.540105735419440691e+01
5.610000000000000000e+03 2.522503189274870294e+01
5.620000000000000000e+03 2.580895928817898266e+01
5.630000000000000000e+03 2.653387871833460565e+01
5.640000000000000000e+03 2.658701553976420939e+01
5.650000000000000000e+03 2.672672046821341496e+01
5.660000000000000000e+03 2.669414501666044259e+01
5.670000000000000000e+03 2.659950655122344187e+01
5.680000000000000000e+03 2.590707577408842610e+01
5.690000000000000000e+03 2.582477022559511681e+01
5.700000000000000000e+03 2.591587809434665246e+01
5.710000000000000000e+03 2.571946020432599767e+01
5.720000000000000000e+03 2.576549384474189708e+01
5.730000000000000000e+03 2.545969351843724837e+01
5.740000000000000000e+03 2.565599023947210355e+01
5.750000000000000000e+03 2.500272429317929834e+01
5.760000000000000000e+03 2.642800457682250226e+01
5.770000000000000000e+03 2.549502886643912802e+01
5.780000000000000000e+03 2.587708005138327394e+01
5.790000000000000000e+03 2.703021640484374188e+01
5.800000000000000000e+03 2.695162619385475011e+01
5.810000000000000000e+03 2.689940574167205511e+01
5.820000000000000000e+03 2.714263476036228440e+01
5.830000000000000000e+03 2.794581815606409236e+01
5.840000000000000000e+03 2.670732983768768065e+01
5.850000000000000000e+03 2.701460842854689304e+01
5.860000000000000000e+03 2.670905782934914896e+01
5.870000000000000000e+03 2.672508236877128240e+01
5.880000000000000000e+03 2.670963471205111261e+01
5.890000000000000000e+03 2.657931021011830808e+01
5.900000000000000000e+03 2.600232902591032769e+01
5.910000000000000000e+03 2.796128095777818601e+01
5.920000000000000000e+03 2.818638565784173977e+01
5.930000000000000000e+03 2.891947077409403732e+01
5.940000000000000000e+03 2.775884360529647665e+01
5.950000000000000000e+03 2.779429638327594887e+01
5.960000000000000000e+03 2.773355641909763847e+01
5.970000000000000000e+03 2.748508195424226130e+01
5.980000000000000000e+03 2.618931705270757959e+01
5.990000000000000000e+03 2.601056142507589186e+01
6.000000000000000000e+03 2.627993987028526135e+01
6.010000000000000000e+03 2.593611135481482677e+01
6.020000000000000000e+03 2.618402479565276053e+01
6.030000000000000000e+03 2.589539401724293555e+01
6.040000000000000000e+03 2.629573341081089666e+01
6.050000000000000000e+03 2.594322610665278717e+01
6.060000000000000000e+03 2.524119555828288242e+01
6.070000000000000000e+03 2.601298721039182738e+01
6.080000000000000000e+03 2.615849079942630340e+01
6.090000000000000000e+03 2.633864645887170752e+01
6.100000000000000000e+03 2.619370293479219924e+01
6.110000000000000000e+03 2.611693087434947813e+01
6.120000000000000000e+03 2.701621613042426873e+01
6.130000000000000000e+03 2.822173267270606800e+01
6.140000000000000000e+03 2.756174613267251061e+01
6.150000000000000000e+03 2.727929305305946173e+01
6.160000000000000000e+03 2.703897637642090501e+01
6.170000000000000000e+03 2.695052788705805824e+01
6.180000000000000000e+03 2.695353688688771854e+01
6.190000000000000000e+03 2.841486609017226783e+01
6.200000000000000000e+03 2.769747693387810727e+01
6.210000000000000000e+03 2.733406834221676718e+01
6.220000000000000000e+03 2.732907929564463245e+01
6.230000000000000000e+03 3.041995981374265057e+01
6.240000000000000000e+03 2.744398302264391987e+01
6.250000000000000000e+03 2.925564192087942672e+01
6.260000000000000000e+03 2.764353495510053449e+01
6.270000000000000000e+03 2.719220395476527585e+01
6.280000000000000000e+03 2.680371319474559755e+01
6.290000000000000000e+03 2.699917064287838286e+01
6.300000000000000000e+03 2.681406052630779868e+01
6.310000000000000000e+03 2.673358339109661586e+01
6.320000000000000000e+03 2.673610201262489738e+01
6.330000000000000000e+03 2.665928557148652089e+01
6.340000000000000000e+03 2.690645047676518686e+01
6.350000000000000000e+03 2.675878796465278242e+01
6.360000000000000000e+03 2.672041274587803628e+01
6.370000000000000000e+03 2.688364623552823218e+01
6.380000000000000000e+03 2.668237146134001136e+01
6.390000000000000000e+03 2.686481342257766869e+01
6.400000000000000000e+03 2.660468765690694681e+01
6.410000000000000000e+03 2.674911210544406970e+01
6.420000000000000000e+03 2.683423412287581300e+01
6.430000000000000000e+03 2.669164276400171332e+01
6.440000000000000000e+03 2.728928297592950969e+01
6.450000000000000000e+03 2.763819893963675156e+01
6.460000000000000000e+03 2.783232832420465286e+01
6.470000000000000000e+03 2.897176645496530512e+01
6.480000000000000000e+03 2.933028916118475138e+01
6.490000000000000000e+03 2.815309922882794069e+01
6.500000000000000000e+03 2.895681323463197998e+01
6.510000000000000000e+03 2.962493967737941603e+01
6.520000000000000000e+03 3.020546386450051557e+01
6.530000000000000000e+03 3.033597867188116481e+01
6.540000000000000000e+03 3.079042956598163983e+01
6.550000000000000000e+03 3.025690644822400088e+01
6.560000000000000000e+03 3.032888957215003245e+01
6.570000000000000000e+03 2.945659020773759096e+01
6.580000000000000000e+03 3.020315880778369433e+01
6.590000000000000000e+03 2.941671903116525755e+01
6.600000000000000000e+03 2.890625626381027757e+01
6.610000000000000000e+03 2.991597171726066051e+01
6.620000000000000000e+03 3.080677490951694608e+01
6.630000000000000000e+03 2.754482136807166626e+01
6.640000000000000000e+03 2.713255527842385106e+01
6.650000000000000000e+03 2.786458283224300203e+01
6.660000000000000000e+03 2.658488648338540372e+01
6.670000000000000000e+03 2.601244989196653989e+01
6.680000000000000000e+03 2.571907671645365667e+01
6.690000000000000000e+03 2.618036784837934761e+01
6.700000000000000000e+03 2.575674131623192409e+01
6.710000000000000000e+03 2.431606882278498460e+01
6.720000000000000000e+03 2.263911447398008647e+01
6.730000000000000000e+03 2.397220770174823201e+01
6.740000000000000000e+03 2.517823936787442562e+01
6.750000000000000000e+03 2.503183721181551391e+01
6.760000000000000000e+03 2.385018403409355869e+01
6.770000000000000000e+03 2.381977387947357272e+01
6.780000000000000000e+03 2.418439235754568983e+01
6.790000000000000000e+03 2.279859774030518338e+01
6.800000000000000000e+03 2.277457909934423697e+01
6.810000000000000000e+03 2.314071490742290393e+01
6.820000000000000000e+03 2.202284216179212706e+01
6.830000000000000000e+03 2.218892136696861428e+01
6.840000000000000000e+03 2.183507859017798580e+01
6.850000000000000000e+03 2.108696205705456350e+01
6.860000000000000000e+03 2.117691172633618635e+01
6.870000000000000000e+03 2.257631021336700883e+01
6.880000000000000000e+03 2.238927756917577483e+01
6.890000000000000000e+03 2.165841020217938251e+01
6.900000000000000000e+03 2.144227085241863051e+01
6.910000000000000000e+03 1.958959147909973808e+01
6.920000000000000000e+03 2.064019799895164908e+01
6.930000000000000000e+03 1.997654944134117727e+01
6.940000000000000000e+03 1.974807738124552259e+01
6.950000000000000000e+03 2.060845393546212279e+01
6.960000000000000000e+03 2.099682736733832655e+01
6.970000000000000000e+03 2.035643726099904427e+01
6.980000000000000000e+03 2.157255944703874206e+01
6.990000000000000000e+03 2.031540590396230073e+01
7.000000000000000000e+03 2.142416660854391353e+01
7.010000000000000000e+03 2.136745824361791790e+01
7.020000000000000000e+03 2.164507822567297524e+01
7.030000000000000000e+03 2.118959492221151208e+01
7.040000000000000000e+03 2.215546520187494650e+01
7.050000000000000000e+03 2.281635690901438807e+01
7.060000000000000000e+03 2.220662529205063151e+01
7.070000000000000000e+03 2.231980216162430963e+01
7.080000000000000000e+03 2.169656141067503086e+01
7.090000000000000000e+03 2.255204727744222737e+01
7.100000000000000000e+03 2.294433408320664114e+01
7.110000000000000000e+03 2.400638069169136202e+01
7.120000000000000000e+03 2.477609574765735090e+01
7.130000000000000000e+03 2.279095930742752785e+01
7.140000000000000000e+03 2.354048030249217049e+01
7.150000000000000000e+03 2.354497951929747046e+01
7.160000000000000000e+03 2.250121467549492138e+01
7.170000000000000000e+03 2.346319332791817658e+01
7.180000000000000000e+03 2.330690839452766738e+01
7.190000000000000000e+03 2.285096023373804996e+01
7.200000000000000000e+03 2.344892418894299624e+01
7.210000000000000000e+03 2.246720483843640181e+01
7.220000000000000000e+03 2.232106931083779955e+01
7.230000000000000000e+03 2.049319605662060439e+01
7.240000000000000000e+03 2.093324304256292123e+01
7.250000000000000000e+03 1.933766786269825388e+01
7.260000000000000000e+03 2.049302418882113841e+01
7.270000000000000000e+03 1.797728362817083791e+01
7.280000000000000000e+03 1.847064587428336324e+01
7.290000000000000000e+03 1.900710521497468619e+01
7.300000000000000000e+03 1.829088352787165661e+01
7.310000000000000000e+03 1.732568763889263153e+01
7.320000000000000000e+03 1.840297981857790433e+01
7.330000000000000000e+03 1.895958931224416233e+01
7.340000000000000000e+03 1.771899591427771270e+01
7.350000000000000000e+03 1.758610421718059058e+01
7.360000000000000000e+03 1.814570322900561905e+01
7.370000000000000000e+03 1.799347568251505436e+01
7.380000000000000000e+03 1.659027309021182361e+01
7.390000000000000000e+03 1.715725933101036560e+01
7.400000000000000000e+03 1.624964581141327358e+01
7.410000000000000000e+03 1.600823624678612589e+01
7.420000000000000000e+03 1.671978608969946833e+01
7.430000000000000000e+03 1.633064469174854594e+01
7.440000000000000000e+03 1.703554736120629798e+01
7.450000000000000000e+03 1.736023106129830751e+01
7.460000000000000000e+03 1.720412206830398816e+01
7.470000000000000000e+03 1.680674531197473698e+01
7.480000000000000000e+03 1.819434664872342466e+01
7.490000000000000000e+03 1.887821696803300142e+01
7.500000000000000000e+03 1.959691963903408407e+01
7.510000000000000000e+03 1.924415773253191730e+01
7.520000000000000000e+03 1.818775335211941524e+01
7.530000000000000000e+03 1.768123281692517423e+01
7.540000000000000000e+03 1.596690564330383211e+01
7.550000000000000000e+03 1.575333628685174858e+01
7.560000000000000000e+03 1.643480215781357856e+01
7.570000000000000000e+03 1.627944241444171780e+01
7.580000000000000000e+03 1.745452434189915891e+01
7.590000000000000000e+03 1.864900938268829123e+01
7.600000000000000000e+03 1.821799251382718410e+01
7.610000000000000000e+03 1.765873368652086128e+01
7.620000000000000000e+03 1.772924959697535030e+01
7.630000000000000000e+03 1.579049855422260862e+01
7.640000000000000000e+03 1.696506089682596041e+01
7.650000000000000000e+03 1.650204465117538177e+01
7.660000000000000000e+03 1.633544405205530836e+01
7.670000000000000000e+03 1.643560103294484520e+01
7.680000000000000000e+03 1.671963229255732131e+01
7.690000000000000000e+03 1.687091249367810519e+01
7.700000000000000000e+03 1.687158750957588893e+01
7.710000000000000000e+03 1.653627270472357225e+01
7.720000000000000000e+03 1.735698593977674875e+01
7.730000000000000000e+03 1.642017996674658775e+01
7.740000000000000000e+03 1.759801464495825485e+01
7.750000000000000000e+03 1.816814925611822673e+01
7.760000000000000000e+03 1.744325862698927665e+01
7.770000000000000000e+03 1.612333318359561929e+01
7.780000000000000000e+03 1.627181848078120652e+01
7.790000000000000000e+03 1.700623033169401310e+01
7.800000000000000000e+03 1.665297378159625907e+01
7.810000000000000000e+03 1.712194737087699536e+01
7.820000000000000000e+03 1.786942600272506354e+01
7.830000000000000000e+03 1.852860999082308524e+01
7.840000000000000000e+03 1.924014357235755313e+01
7.850000000000000000e+03 1.705187332311153625e+01
7.860000000000000000e+03 1.841973993262733700e+01
7.870000000000000000e+03 1.771858280184440559e+01
7.880000000000000000e+03 1.791259665583449134e+01
7.890000000000000000e+03 1.900111276244156500e+01
7.900000000000000000e+03 2.127309862944910890e+01
7.910000000000000000e+03 2.064457529404056402e+01
7.920000000000000000e+03 1.951221749735124433e+01
7.930000000000000000e+03 1.970483078477055017e+01
7.940000000000000000e+03 1.909367376247584502e+01
7.950000000000000000e+03 1.939289230078398418e+01
7.960000000000000000e+03 1.895867803031725884e+01
7.970000000000000000e+03 1.897006108640725586e+01
7.980000000000000000e+03 1.643607615410188316e+01
7.990000000000000000e+03 1.598353463160660226e+01
8.000000000000000000e+03 1.550904572053617869e+01
8.010000000000000000e+03 1.628318453733832882e+01
8.020000000000000000e+03 1.775902257625554626e+01
8.030000000000000000e+03 1.723022619935774458e+01
8.040000000000000000e+03 1.572185876048008879e+01
8.050000000000000000e+03 1.709365612958904990e+01
8.060000000000000000e+03 1.665873740730444297e+01
8.070000000000000000e+03 1.576256294926709245e+01
8.080000000000000000e+03 1.845987774984743623e+01
8.090000000000000000e+03 1.765473295740825677e+01
8.100000000000000000e+03 1.702672690534787137e+01
8.110000000000000000e+03 1.666406214750166725e+01
8.120000000000000000e+03 1.521140601814866500e+01
8.130000000000000000e+03 1.465038394922373755e+01
8.140000000000000000e+03 1.655214563453702681e+01
8.150000000000000000e+03 1.795544470772446743e+01
8.160000000000000000e+03 1.698908205695040863e+01
8.170000000000000000e+03 1.833143358544191415e+01
8.180000000000000000e+03 1.868289772197053367e+01
8.190000000000000000e+03 1.991167922045616478e+01
8.200000000000000000e+03 1.921834197811111267e+01
8.210000000000000000e+03 1.950350162056322745e+01
8.220000000000000000e+03 1.946618797598421224e+01
8.230000000000000000e+03 1.917081096055672162e+01
8.240000000000000000e+03 2.029347322472082737e+01
8.250000000000000000e+03 2.050911567565911753e+01
8.260000000000000000e+03 1.738454426519838592e+01
8.270000000000000000e+03 1.940471804286178781e+01
8.280000000000000000e+03 1.817571161493196996e+01
8.290000000000000000e+03 1.837406040750899194e+01
8.300000000000000000e+03 1.891209653535530322e+01
8.310000000000000000e+03 1.841958349825340235e+01
8.320000000000000000e+03 1.652470447325475789e+01
8.330000000000000000e+03 1.698801255820843892e+01
8.340000000000000000e+03 1.728615510407719569e+01
8.350000000000000000e+03 1.668589122859478380e+01
8.360000000000000000e+03 1.616029235441538958e+01
8.370000000000000000e+03 1.593979154776212681e+01
8.380000000000000000e+03 1.453077570700641274e+01
8.390000000000000000e+03 1.373560172785120415e+01
8.400000000000000000e+03 1.421777112685848010e+01
8.410000000000000000e+03 1.520620784340222542e+01
8.420000000000000000e+03 1.661521525961741474e+01
8.430000000000000000e+03 1.486963173356438972e+01
8.440000000000000000e+03 1.451875293844605608e+01
8.450000000000000000e+03 1.447547326284283997e+01
8.460000000000000000e+03 1.375621390891947726e+01
8.470000000000000000e+03 1.241885060981235256e+01
8.480000000000000000e+03 1.516234762132518199e+01
8.490000000000000000e+03 1.529946435824631124e+01
8.500000000000000000e+03 1.624790646088609947e+01
8.510000000000000000e+03 1.652852848051995238e+01
8.520000000000000000e+03 1.692899855528943931e+01
8.530000000000000000e+03 1.817317679492308002e+01
8.540000000000000000e+03 1.708529380837069311e+01
8.550000000000000000e+03 1.568211633248303372e+01
8.560000000000000000e+03 1.683020398681857444e+01
8.570000000000000000e+03 1.749558155900047041e+01
8.580000000000000000e+03 1.696832355894630950e+01
8.590000000000000000e+03 1.584356961375276285e+01
8.600000000000000000e+03 1.680980819310985908e+01
8.610000000000000000e+03 1.754587177680436128e+01
8.620000000000000000e+03 1.717371015668021528e+01
8.630000000000000000e+03 1.705494156998005906e+01
8.640000000000000000e+03 1.725859805290981797e+01
8.650000000000000000e+03 1.605989063228315672e+01
8.660000000000000000e+03 1.718425349239133482e+01
8.670000000000000000e+03 1.735806833751469469e+01
8.680000000000000000e+03 1.687530923129185112e+01
8.690000000000000000e+03 1.706872526670146328e+01
8.700000000000000000e+03 1.575474081334651544e+01
8.710000000000000000e+03 1.407613539807766756e+01
8.720000000000000000e+03 1.462132505475464939e+01
8.730000000000000000e+03 1.378549490691997903e+01
8.740000000000000000e+03 1.276941281121818861e+01
8.750000000000000000e+03 1.315615232388776690e+01
8.760000000000000000e+03 1.339655280117793268e+01
8.770000000000000000e+03 1.240947874472833234e+01
8.780000000000000000e+03 1.329456589453050697e+01
8.790000000000000000e+03 1.282556509772661002e+01
8.800000000000000000e+03 1.220975268807421799e+01
8.810000000000000000e+03 1.123165717198830293e+01
8.820000000000000000e+03 1.037278633663372318e+01
8.830000000000000000e+03 1.068792123804739447e+01
8.840000000000000000e+03 1.012199355707086568e+01
8.850000000000000000e+03 1.073131163069352567e+01
8.860000000000000000e+03 1.029762621303343906e+01
8.870000000000000000e+03 1.070445755606691307e+01
8.880000000000000000e+03 1.009431738778421561e+01
8.890000000000000000e+03 1.067897945664834936e+01
8.900000000000000000e+03 1.087790273695010512e+01
8.910000000000000000e+03 1.131167092738773761e+01
8.920000000000000000e+03 1.143517222388784660e+01
8.930000000000000000e+03 1.041651313961047265e+01
8.940000000000000000e+03 9.945217334035973522e+00
8.950000000000000000e+03 1.036085662859156287e+01
8.960000000000000000e+03 8.956927584695435485e+00
8.970000000000000000e+03 7.771365946311476591e+00
8.980000000000000000e+03 7.605617313001403090e+00
8.990000000000000000e+03 7.981791891112720805e+00
9.000000000000000000e+03 8.577215154979000999e+00
