# key height(A)
0.000000000000000000e+00 6.024328192363427092e+01
1.000000000000000000e+01 6.232570330558429106e+01
2.000000000000000000e+01 6.283903560085926188e+01
3.000000000000000000e+01 6.299227575785103284e+01
4.000000000000000000e+01 6.301353899320503160e+01
5.000000000000000000e+01 6.359230748902582775e+01
6.000000000000000000e+01 6.433408275977788549e+01
7.000000000000000000e+01 6.389727095615904773e+01
8.000000000000000000e+01 6.449406625007731009e+01
9.000000000000000000e+01 6.478380169424367807e+01
1.000000000000000000e+02 6.493721314399746802e+01
1.100000000000000000e+02 6.477848027366738393e+01
1.200000000000000000e+02 6.479734466334828369e+01
1.300000000000000000e+02 6.462652547766043654e+01
1.400000000000000000e+02 6.457159340457275221e+01
1.500000000000000000e+02 6.504102255281996747e+01
1.600000000000000000e+02 6.593950370206701450e+01
1.700000000000000000e+02 6.508280093076687933e+01
1.800000000000000000e+02 6.503150982819775550e+01
1.900000000000000000e+02 6.529890883453812478e+01
2.000000000000000000e+02 6.550402962250156236e+01
2.100000000000000000e+02 6.552772896208989550e+01
2.200000000000000000e+02 6.520723850081358819e+01
2.300000000000000000e+02 6.495757436669249785e+01
2.400000000000000000e+02 6.529828653130776672e+01
2.500000000000000000e+02 6.469864189056627879e+01
2.600000000000000000e+02 6.489444714985295093e+01
2.700000000000000000e+02 6.507898267162289585e+01
2.800000000000000000e+02 6.539058036434062160e+01
2.900000000000000000e+02 6.523934905979609766e+01
3.000000000000000000e+02 6.591346091364248139e+01
3.100000000000000000e+02 6.576726566366554039e+01
3.200000000000000000e+02 6.654975184804591493e+01
3.300000000000000000e+02 6.602388571320187793e+01
3.400000000000000000e+02 6.632006129076323475e+01
3.500000000000000000e+02 6.644698274424841600e+01
3.600000000000000000e+02 6.585577273049106850e+01
3.700000000000000000e+02 6.612200724886616854e+01
3.800000000000000000e+02 6.596789534888787898e+01
3.900000000000000000e+02 6.619845367943223380e+01
4.000000000000000000e+02 6.599795249603117497e+01
4.100000000000000000e+02 6.619920852226951524e+01
4.200000000000000000e+02 6.639824427389720540e+01
4.300000000000000000e+02 6.698095110672177555e+01
4.400000000000000000e+02 6.780282206652600507e+01
4.500000000000000000e+02 6.768002585340373400e+01
4.600000000000000000e+02 6.621091189328875259e+01
4.700000000000000000e+02 6.685545259143860619e+01
4.800000000000000000e+02 6.626659428955470332e+01
4.900000000000000000e+02 6.613559075975489066e+01
5.000000000000000000e+02 6.645424059091013191e+01
5.100000000000000000e+02 6.626037640625716563e+01
5.200000000000000000e+02 6.726978093620719790e+01
5.300000000000000000e+02 6.688023032205668983e+01
5.400000000000000000e+02 6.728410721134910943e+01
5.500000000000000000e+02 6.665725296057175342e+01
5.600000000000000000e+02 6.603462455352091354e+01
5.700000000000000000e+02 6.650294274600862821e+01
5.800000000000000000e+02 6.625098406643914473e+01
5.900000000000000000e+02 6.554847122526575731e+01
6.000000000000000000e+02 6.590831867803593980e+01
6.100000000000000000e+02 6.567592130373509463e+01
6.200000000000000000e+02 6.575743386860831663e+01
6.300000000000000000e+02 6.645231614918267837e+01
6.400000000000000000e+02 6.594228718347000040e+01
6.500000000000000000e+02 6.615730687185342163e+01
6.600000000000000000e+02 6.628160093542199149e+01
6.700000000000000000e+02 6.579017889569756505e+01
6.800000000000000000e+02 6.540942733987890279e+01
6.900000000000000000e+02 6.514735198490375012e+01
7.000000000000000000e+02 6.516752346282748931e+01
7.100000000000000000e+02 6.549509364205626127e+01
7.200000000000000000e+02 6.463184567266904423e+01
7.300000000000000000e+02 6.495984277604760848e+01
7.400000000000000000e+02 6.506931881734681156e+01
7.500000000000000000e+02 6.482752907193444969e+01
7.600000000000000000e+02 6.431684685348884045e+01
7.700000000000000000e+02 6.441652533496200306e+01
7.800000000000000000e+02 6.496808592378005187e+01
7.900000000000000000e+02 6.481164896759362648e+01
8.000000000000000000e+02 6.507859719480279637e+01
8.100000000000000000e+02 6.455600779790093213e+01
8.200000000000000000e+02 6.458976529881482520e+01
8.300000000000000000e+02 6.406857801473496750e+01
8.400000000000000000e+02 6.455938997290867576e+01
8.500000000000000000e+02 6.396274587767140929e+01
8.600000000000000000e+02 6.441346965078035680e+01
8.700000000000000000e+02 6.459560943972873304e+01
8.800000000000000000e+02 6.411918222310364968e+01
8.900000000000000000e+02 6.404105631237069929e+01
9.000000000000000000e+02 6.467540943667329145e+01
9.100000000000000000e+02 6.395831831038252346e+01
9.200000000000000000e+02 6.392078870404827740e+01
9.300000000000000000e+02 6.491329363078828862e+01
9.400000000000000000e+02 6.609566297523824119e+01
9.500000000000000000e+02 6.521713251620406027e+01
9.600000000000000000e+02 6.470695524791695163e+01
9.700000000000000000e+02 6.450314300926223154e+01
9.800000000000000000e+02 6.480859126926648628e+01
9.900000000000000000e+02 6.552895193842847732e+01
1.000000000000000000e+03 6.554947544414970650e+01
1.010000000000000000e+03 6.518657932999646221e+01
1.020000000000000000e+03 6.404284346384955029e+01
1.030000000000000000e+03 6.471112591074462728e+01
1.040000000000000000e+03 6.421034792722025486e+01
1.050000000000000000e+03 6.478499251112769741e+01
1.060000000000000000e+03 6.528099711667263705e+01
1.070000000000000000e+03 6.468672197238866772e+01
1.080000000000000000e+03 6.539234820347493837e+01
1.090000000000000000e+03 6.499773257211715816e+01
1.100000000000000000e+03 6.443111993368763990e+01
1.110000000000000000e+03 6.431819082912491581e+01
1.120000000000000000e+03 6.397979588455034161e+01
1.130000000000000000e+03 6.325460009963718733e+01
1.140000000000000000e+03 6.280428325107634180e+01
1.150000000000000000e+03 6.309821769073798237e+01
1.160000000000000000e+03 6.444649726041143367e+01
1.170000000000000000e+03 6.440968891849279032e+01
1.180000000000000000e+03 6.368164635327792666e+01
1.190000000000000000e+03 6.290557324322395516e+01
1.200000000000000000e+03 6.283410151929778920e+01
1.210000000000000000e+03 6.260626013268226586e+01
1.220000000000000000e+03 6.300606210121794959e+01
1.230000000000000000e+03 6.328542513278046044e+01
1.240000000000000000e+03 6.377686241033806880e+01
1.250000000000000000e+03 6.185838557417038430e+01
1.260000000000000000e+03 6.314056177144462367e+01
1.270000000000000000e+03 6.371005427573044244e+01
1.280000000000000000e+03 6.316567683693733670e+01
1.290000000000000000e+03 6.366978910814893311e+01
1.300000000000000000e+03 6.353844880584182420e+01
1.310000000000000000e+03 6.215321152479899069e+01
1.320000000000000000e+03 6.203902815646458180e+01
1.330000000000000000e+03 6.285957521338066556e+01
1.340000000000000000e+03 6.187289457779186819e+01
1.350000000000000000e+03 6.241143570067738722e+01
1.360000000000000000e+03 6.317512365936870822e+01
1.370000000000000000e+03 6.323103355383945257e+01
1.380000000000000000e+03 6.254317547177187464e+01
1.390000000000000000e+03 6.302121659997135339e+01
1.400000000000000000e+03 6.212616367747217794e+01
1.410000000000000000e+03 6.312190176817829013e+01
1.420000000000000000e+03 6.208595162652530064e+01
1.430000000000000000e+03 6.181879134415193278e+01
1.440000000000000000e+03 6.195795216967047736e+01
1.450000000000000000e+03 6.108429865092844580e+01
1.460000000000000000e+03 6.156312581707317122e+01
1.470000000000000000e+03 6.135926671283336020e+01
1.480000000000000000e+03 6.134384875374169610e+01
1.490000000000000000e+03 6.093525039279148814e+01
1.500000000000000000e+03 6.100680412005426945e+01
1.510000000000000000e+03 6.059944350687219128e+01
1.520000000000000000e+03 6.117731953712693382e+01
1.530000000000000000e+03 6.086185824342985029e+01
1.540000000000000000e+03 6.099595279177081864e+01
1.550000000000000000e+03 6.134385997906315424e+01
1.560000000000000000e+03 6.089139629633025663e+01
1.570000000000000000e+03 6.116293504109532364e+01
1.580000000000000000e+03 6.222676249783330604e+01
1.590000000000000000e+03 6.123386026297283991e+01
1.600000000000000000e+03 6.030960534604207623e+01
1.610000000000000000e+03 6.157931350081069866e+01
1.620000000000000000e+03 6.229224811525786265e+01
1.630000000000000000e+03 6.176127365142839665e+01
1.640000000000000000e+03 6.178915351032041769e+01
1.650000000000000000e+03 6.128864126951951619e+01
1.660000000000000000e+03 6.111137890847440701e+01
1.670000000000000000e+03 6.112826445170675527e+01
1.680000000000000000e+03 6.090303081288867304e+01
1.690000000000000000e+03 6.214681245505839513e+01
1.700000000000000000e+03 6.162693385242158683e+01
1.710000000000000000e+03 6.099783666361189205e+01
1.720000000000000000e+03 6.161622417511503613e+01
1.730000000000000000e+03 6.177573221227443412e+01
1.740000000000000000e+03 6.158395840408554989e+01
1.750000000000000000e+03 6.185327016103305198e+01
1.760000000000000000e+03 6.101507464975914274e+01
1.770000000000000000e+03 6.115710780498856991e+01
1.780000000000000000e+03 6.119560273969604225e+01
1.790000000000000000e+03 6.289380055491777455e+01
1.800000000000000000e+03 6.392158751421686702e+01
1.810000000000000000e+03 6.387679825233384179e+01
1.820000000000000000e+03 6.285359452223356413e+01
1.830000000000000000e+03 6.250178464657622612e+01
1.840000000000000000e+03 6.303535530106603346e+01
1.850000000000000000e+03 6.191078656985975215e+01
1.860000000000000000e+03 6.177017029165536144e+01
1.870000000000000000e+03 6.257399850377035477e+01
1.880000000000000000e+03 6.107457452180595681e+01
1.890000000000000000e+03 6.143941943769250713e+01
1.900000000000000000e+03 6.208786933204079617e+01
1.910000000000000000e+03 6.214505568081236220e+01
1.920000000000000000e+03 6.055328002314668367e+01
1.930000000000000000e+03 6.078290344964638336e+01
1.940000000000000000e+03 6.077829289356884601e+01
1.950000000000000000e+03 6.075455267006482529e+01
1.960000000000000000e+03 6.021917652793015918e+01
1.970000000000000000e+03 6.180577962072882769e+01
1.980000000000000000e+03 6.002539893310721197e+01
1.990000000000000000e+03 6.019440024682960200e+01
2.000000000000000000e+03 6.060029773792695096e+01
2.010000000000000000e+03 6.108354681463868019e+01
2.020000000000000000e+03 6.036242487295078263e+01
2.030000000000000000e+03 6.094902003290499692e+01
2.040000000000000000e+03 6.084873381691033956e+01
2.050000000000000000e+03 6.037547189801556158e+01
2.060000000000000000e+03 6.059233579704664407e+01
2.070000000000000000e+03 6.142755744403407903e+01
2.080000000000000000e+03 6.194270064770230988e+01
2.090000000000000000e+03 6.123236463282434272e+01
2.100000000000000000e+03 6.139823930866991475e+01
2.110000000000000000e+03 6.086324164171675477e+01
2.120000000000000000e+03 6.172894784052887474e+01
2.130000000000000000e+03 6.067821148651040630e+01
2.140000000000000000e+03 5.934003604150370847e+01
2.150000000000000000e+03 5.991927628924911176e+01
2.160000000000000000e+03 6.046899517954430792e+01
2.170000000000000000e+03 6.055300655624985495e+01
2.180000000000000000e+03 6.158266312132604980e+01
2.190000000000000000e+03 6.083244810601404140e+01
2.200000000000000000e+03 6.018420696831277894e+01
2.210000000000000000e+03 6.090752385605506447e+01
2.220000000000000000e+03 6.145962602217299775e+01
2.230000000000000000e+03 6.096532339271443846e+01
2.240000000000000000e+03 6.044772188314625794e+01
2.250000000000000000e+03 6.118746310406561406e+01
2.260000000000000000e+03 6.056737983474120313e+01
2.270000000000000000e+03 6.032188179059198774e+01
2.280000000000000000e+03 5.962716179980090203e+01
2.290000000000000000e+03 5.901001314376210871e+01
2.300000000000000000e+03 5.948972504213114121e+01
2.310000000000000000e+03 5.850889144954950893e+01
2.320000000000000000e+03 5.848742338349799752e+01
2.330000000000000000e+03 5.892943651713905240e+01
2.340000000000000000e+03 5.939227774506117896e+01
2.350000000000000000e+03 5.980915484753228384e+01
2.360000000000000000e+03 5.932767909237431070e+01
2.370000000000000000e+03 5.936284801841669889e+01
2.380000000000000000e+03 6.031242045393676676e+01
2.390000000000000000e+03 6.022540808168793092e+01
2.400000000000000000e+03 5.962390569994299483e+01
2.410000000000000000e+03 5.938558184943391893e+01
2.420000000000000000e+03 5.909541355414779673e+01
2.430000000000000000e+03 5.929320125699612731e+01
2.440000000000000000e+03 5.860480990100539600e+01
2.450000000000000000e+03 5.905787763688073255e+01
2.460000000000000000e+03 5.846484782448179374e+01
2.470000000000000000e+03 5.885170421920811634e+01
2.480000000000000000e+03 5.920937822851283272e+01
2.490000000000000000e+03 5.961165323116895820e+01
2.500000000000000000e+03 5.968206779458502353e+01
2.510000000000000000e+03 6.005439422978987807e+01
2.520000000000000000e+03 5.913362762274381623e+01
2.530000000000000000e+03 5.960137241024290233e+01
2.540000000000000000e+03 6.185835018198937973e+01
2.550000000000000000e+03 6.226212135435757489e+01
2.560000000000000000e+03 6.089307464655541935e+01
2.570000000000000000e+03 6.185488633943357684e+01
2.580000000000000000e+03 6.182120132852861616e+01
2.590000000000000000e+03 6.048525187994322039e+01
2.600000000000000000e+03 6.065848554838512996e+01
2.610000000000000000e+03 6.165210525134386899e+01
2.620000000000000000e+03 6.141796570476776651e+01
2.630000000000000000e+03 6.204686610063990315e+01
2.640000000000000000e+03 6.120126170751197492e+01
2.650000000000000000e+03 6.004118970262052812e+01
2.660000000000000000e+03 6.085470611924830564e+01
2.670000000000000000e+03 6.118826730293106664e+01
2.680000000000000000e+03 6.012500143233282301e+01
2.690000000000000000e+03 6.080531928905756445e+01
2.700000000000000000e+03 6.187287766034390302e+01
2.710000000000000000e+03 6.097883116614298160e+01
2.720000000000000000e+03 6.043264999408602023e+01
2.730000000000000000e+03 6.066909756502495554e+01
2.740000000000000000e+03 5.939870306706824010e+01
2.750000000000000000e+03 6.005427138300552770e+01
2.760000000000000000e+03 5.984857737993552007e+01
2.770000000000000000e+03 5.992874005842863028e+01
2.780000000000000000e+03 5.944001661099248679e+01
2.790000000000000000e+03 5.947180869125834590e+01
2.800000000000000000e+03 5.922238461832506573e+01
2.810000000000000000e+03 5.921250716169549833e+01
2.820000000000000000e+03 5.866518601219701168e+01
2.830000000000000000e+03 5.998937647873917456e+01
2.840000000000000000e+03 5.889260930928679727e+01
2.850000000000000000e+03 5.841816811151618083e+01
2.860000000000000000e+03 5.881554977028247322e+01
2.870000000000000000e+03 5.811609658568944781e+01
2.880000000000000000e+03 5.913668451484412003e+01
2.890000000000000000e+03 5.918097570652909667e+01
2.900000000000000000e+03 5.847894106317720286e+01
2.910000000000000000e+03 5.921938131643582892e+01
2.920000000000000000e+03 5.911111836120666396e+01
2.930000000000000000e+03 5.874230916575540107e+01
2.940000000000000000e+03 5.954066750322388657e+01
2.950000000000000000e+03 5.886379775011319282e+01
2.960000000000000000e+03 5.814755176992930785e+01
2.970000000000000000e+03 5.851901348432448913e+01
2.980000000000000000e+03 5.828310303158528427e+01
2.990000000000000000e+03 5.875317795578786217e+01
3.000000000000000000e+03 5.860889424048467333e+01
3.010000000000000000e+03 5.860114158766538139e+01
3.020000000000000000e+03 5.864908612387733911e+01
3.030000000000000000e+03 5.972243469805275140e+01
3.040000000000000000e+03 6.031865598317961030e+01
3.050000000000000000e+03 5.890441230980361809e+01
3.060000000000000000e+03 6.000692471870000588e+01
3.070000000000000000e+03 5.927430748614071376e+01
3.080000000000000000e+03 5.853531303258252194e+01
3.090000000000000000e+03 6.046195773241959159e+01
3.100000000000000000e+03 6.218115273105189544e+01
3.110000000000000000e+03 6.019217956407997860e+01
3.120000000000000000e+03 6.113668676642767252e+01
3.130000000000000000e+03 6.124219443637787208e+01
3.140000000000000000e+03 6.186788575290482584e+01
3.150000000000000000e+03 6.133261531630567731e+01
3.160000000000000000e+03 6.126718318642399197e+01
3.170000000000000000e+03 6.106851700410538797e+01
3.180000000000000000e+03 6.079747386121287889e+01
3.190000000000000000e+03 6.163923934394746595e+01
3.200000000000000000e+03 6.104541921180256736e+01
3.210000000000000000e+03 6.054800241070135769e+01
3.220000000000000000e+03 6.102873169348966087e+01
3.230000000000000000e+03 6.140580647667782443e+01
3.240000000000000000e+03 6.174813340011100138e+01
3.250000000000000000e+03 6.135752244555389723e+01
3.260000000000000000e+03 6.114236554844210048e+01
3.270000000000000000e+03 6.085723780258244631e+01
3.280000000000000000e+03 6.007860295638937487e+01
3.290000000000000000e+03 6.060389012474578863e+01
3.300000000000000000e+03 6.196578435206329516e+01
3.310000000000000000e+03 6.188719178423811229e+01
3.320000000000000000e+03 6.156538200374286873e+01
3.330000000000000000e+03 6.143048547487376254e+01
3.340000000000000000e+03 6.215236367763345982e+01
3.350000000000000000e+03 6.156197540168687965e+01
3.360000000000000000e+03 6.089717700642610509e+01
3.370000000000000000e+03 6.119485574642527581e+01
3.380000000000000000e+03 6.088988947915234462e+01
3.390000000000000000e+03 6.148588992062960301e+01
3.400000000000000000e+03 6.134572519491858600e+01
3.410000000000000000e+03 6.189660116662194866e+01
3.420000000000000000e+03 6.145008113378328574e+01
3.430000000000000000e+03 6.164459732977286421e+01
3.440000000000000000e+03 6.107279320126812650e+01
3.450000000000000000e+03 6.106104099231298221e+01
3.460000000000000000e+03 6.140473583003536362e+01
3.470000000000000000e+03 6.289688288342291855e+01
3.480000000000000000e+03 6.229060393348041202e+01
3.490000000000000000e+03 6.261118724988095607e+01
3.500000000000000000e+03 6.317678389427415198e+01
3.510000000000000000e+03 6.187771038881741958e+01
3.520000000000000000e+03 6.199871923077533609e+01
3.530000000000000000e+03 6.175868097136198287e+01
3.540000000000000000e+03 6.282313474119619912e+01
3.550000000000000000e+03 6.288590997624008594e+01
3.560000000000000000e+03 6.325076375246260341e+01
3.570000000000000000e+03 6.284516056914890214e+01
3.580000000000000000e+03 6.337834339719965726e+01
3.590000000000000000e+03 6.609244639340482763e+01
3.600000000000000000e+03 6.682446104130529818e+01
3.610000000000000000e+03 6.526306990366650496e+01
3.620000000000000000e+03 6.534729237487157150e+01
3.630000000000000000e+03 6.419614520225793797e+01
3.640000000000000000e+03 6.375597635463408608e+01
3.650000000000000000e+03 6.329283674515379232e+01
3.660000000000000000e+03 6.288823875585947576e+01
3.670000000000000000e+03 6.366372601688631505e+01
3.680000000000000000e+03 6.289007057644548127e+01
3.690000000000000000e+03 6.408877972678310186e+01
3.700000000000000000e+03 6.451401853871895753e+01
3.710000000000000000e+03 6.429332099393680267e+01
3.720000000000000000e+03 6.475207081361246253e+01
3.730000000000000000e+03 6.312919105343631543e+01
3.740000000000000000e+03 6.414862116309591045e+01
3.750000000000000000e+03 6.499720032093252087e+01
3.760000000000000000e+03 6.557356584002201316e+01
3.770000000000000000e+03 6.492107872143975555e+01
3.780000000000000000e+03 6.632840942187381472e+01
3.790000000000000000e+03 6.592673113360815762e+01
3.800000000000000000e+03 6.627474610661909082e+01
3.810000000000000000e+03 6.668587070766842828e+01
3.820000000000000000e+03 6.645466074893691655e+01
3.830000000000000000e+03 6.616734912805011959e+01
3.840000000000000000e+03 6.555237116206883741e+01
3.850000000000000000e+03 6.615064164672371305e+01
3.860000000000000000e+03 6.580918102776524847e+01
3.870000000000000000e+03 6.509146541403863750e+01
3.880000000000000000e+03 6.524263128300212600e+01
3.890000000000000000e+03 6.466746835667346716e+01
3.900000000000000000e+03 6.446964256334382526e+01
3.910000000000000000e+03 6.499756120402859949e+01
3.920000000000000000e+03 6.545171742988659958e+01
3.930000000000000000e+03 6.685650048157222614e+01
3.940000000000000000e+03 6.618265992863538827e+01
3.950000000000000000e+03 6.596591693546373847e+01
3.960000000000000000e+03 6.610472146947340377e+01
3.970000000000000000e+03 6.777687677505801389e+01
3.980000000000000000e+03 6.868141065600400452e+01
3.990000000000000000e+03 6.714186222085987765e+01
4.000000000000000000e+03 6.650371452607240030e+01
4.010000000000000000e+03 6.598313515242041660e+01
4.020000000000000000e+03 6.502488908408091106e+01
4.030000000000000000e+03 6.585084383109217754e+01
4.040000000000000000e+03 6.557306443718573519e+01
4.050000000000000000e+03 6.499091777400640524e+01
4.060000000000000000e+03 6.451962138145259473e+01
4.070000000000000000e+03 6.518587267415237818e+01
4.080000000000000000e+03 6.540688319243948001e+01
4.090000000000000000e+03 6.630532079701789883e+01
4.100000000000000000e+03 6.680057864641386800e+01
4.110000000000000000e+03 6.563157423677657221e+01
4.120000000000000000e+03 6.481538968864794015e+01
4.130000000000000000e+03 6.493335309598680283e+01
4.140000000000000000e+03 6.523715749946916276e+01
4.150000000000000000e+03 6.453404160726142891e+01
4.160000000000000000e+03 6.475540831144857634e+01
4.170000000000000000e+03 6.681972027893544919e+01
4.180000000000000000e+03 6.860289885612331773e+01
4.190000000000000000e+03 6.849807494977849842e+01
4.200000000000000000e+03 6.791514244100108044e+01
4.210000000000000000e+03 6.817415557106531310e+01
4.220000000000000000e+03 6.863632511904322087e+01
4.230000000000000000e+03 6.778520534056818292e+01
4.240000000000000000e+03 6.719995473516809170e+01
4.250000000000000000e+03 6.752674747744578099e+01
4.260000000000000000e+03 6.811767719102854812e+01
4.270000000000000000e+03 6.693649537185544318e+01
4.280000000000000000e+03 6.569030798255181480e+01
4.290000000000000000e+03 6.649227472832487251e+01
4.300000000000000000e+03 6.546583265229241988e+01
4.310000000000000000e+03 6.453666426364117115e+01
4.320000000000000000e+03 6.662101553040585600e+01
4.330000000000000000e+03 6.603665009804370811e+01
4.340000000000000000e+03 6.705941126134337082e+01
4.350000000000000000e+03 6.729508751731790994e+01
4.360000000000000000e+03 6.745802179308512336e+01
4.370000000000000000e+03 6.760209752453641840e+01
4.380000000000000000e+03 6.866612754324282264e+01
4.390000000000000000e+03 6.963632685130275490e+01
4.400000000000000000e+03 6.960809448097808172e+01
4.410000000000000000e+03 6.912836899405857594e+01
4.420000000000000000e+03 6.945762980744936499e+01
4.430000000000000000e+03 6.946363489416208381e+01
4.440000000000000000e+03 7.013768560483416081e+01
4.450000000000000000e+03 6.917645604006443705e+01
4.460000000000000000e+03 6.849009797438282021e+01
4.470000000000000000e+03 6.844605500738458659e+01
4.480000000000000000e+03 6.803633170548084763e+01
4.490000000000000000e+03 6.747352634110069403e+01
4.500000000000000000e+03 6.736820004544904350e+01
4.510000000000000000e+03 6.786692743373205872e+01
4.520000000000000000e+03 6.797115690019916201e+01
4.530000000000000000e+03 6.910368981293325419e+01
4.540000000000000000e+03 6.932941901492978332e+01
4.550000000000000000e+03 6.825247978612239308e+01
4.560000000000000000e+03 6.766008556336925039e+01
4.570000000000000000e+03 6.662208688036099602e+01
4.580000000000000000e+03 6.698694391423143202e+01
4.590000000000000000e+03 6.744127515379813076e+01
4.600000000000000000e+03 6.841518619469442797e+01
4.610000000000000000e+03 6.808876079293332850e+01
4.620000000000000000e+03 6.736768450264756325e+01
4.630000000000000000e+03 6.762047320366394842e+01
4.640000000000000000e+03 6.740251260690359913e+01
4.650000000000000000e+03 6.780477787743785711e+01
4.660000000000000000e+03 6.737827239409233471e+01
4.670000000000000000e+03 6.640053122387561757e+01
4.680000000000000000e+03 6.694239040867796575e+01
4.690000000000000000e+03 6.706934801912129274e+01
4.700000000000000000e+03 6.754867478074351084e+01
4.710000000000000000e+03 6.672840068094257049e+01
4.720000000000000000e+03 6.711986453133874875e+01
4.730000000000000000e+03 6.818170034998294682e+01
4.740000000000000000e+03 6.936341755527712394e+01
4.750000000000000000e+03 6.969330518350159309e+01
4.760000000000000000e+03 7.121402783943591430e+01
4.770000000000000000e+03 7.095293923481651177e+01
4.780000000000000000e+03 7.042396921601900317e+01
4.790000000000000000e+03 7.060586626774554020e+01
4.800000000000000000e+03 7.057866926908329219e+01
4.810000000000000000e+03 7.092122690048037725e+01
4.820000000000000000e+03 7.041536691853002594e+01
4.830000000000000000e+03 6.989636719904228812e+01
4.840000000000000000e+03 6.925920810547711426e+01
4.850000000000000000e+03 6.980405305398872429e+01
4.860000000000000000e+03 7.117293932003943269e+01
4.870000000000000000e+03 7.085114209759382220e+01
4.880000000000000000e+03 7.097059141235988022e+01
4.890000000000000000e+03 7.160757416019276889e+01
4.900000000000000000e+03 7.180784534480105208e+01
4.910000000000000000e+03 7.174007151526441817e+01
4.920000000000000000e+03 7.105152103088030913e+01
4.930000000000000000e+03 7.129912941387104297e+01
4.940000000000000000e+03 7.231008628836895014e+01
4.950000000000000000e+03 7.369615170978352126e+01
4.960000000000000000e+03 7.526681541036842304e+01
4.970000000000000000e+03 7.536958163351704343e+01
4.980000000000000000e+03 7.489186397484061786e+01
4.990000000000000000e+03 7.336415796137274015e+01
5.000000000000000000e+03 7.212001019634448085e+01
5.010000000000000000e+03 7.267994055395465125e+01
5.020000000000000000e+03 7.203030768711263931e+01
5.030000000000000000e+03 7.172317474511024216e+01
5.040000000000000000e+03 7.102588044305892367e+01
5.050000000000000000e+03 7.118821724113047367e+01
5.060000000000000000e+03 7.101032647858343694e+01
5.070000000000000000e+03 7.233290149416490067e+01
5.080000000000000000e+03 7.275189761621734874e+01
5.090000000000000000e+03 7.228487934699569450e+01
5.100000000000000000e+03 7.320440338924959178e+01
5.110000000000000000e+03 7.144917977210215554e+01
5.120000000000000000e+03 7.046463669827633680e+01
5.130000000000000000e+03 7.044778347255703466e+01
5.140000000000000000e+03 7.118401710205645827e+01
5.150000000000000000e+03 7.042050843580037167e+01
5.160000000000000000e+03 7.010007110121242135e+01
5.170000000000000000e+03 7.069600011251779392e+01
5.180000000000000000e+03 7.027224161799298940e+01
5.190000000000000000e+03 7.063112874634305172e+01
5.200000000000000000e+03 7.184804630508213563e+01
5.210000000000000000e+03 7.153260122564245194e+01
5.220000000000000000e+03 7.048347114312045392e+01
5.230000000000000000e+03 7.088852263558129607e+01
5.240000000000000000e+03 7.105007919253989712e+01
5.250000000000000000e+03 7.154033502085493978e+01
5.260000000000000000e+03 7.195170344044774424e+01
5.270000000000000000e+03 7.200551032116942451e+01
5.280000000000000000e+03 7.265452222548873351e+01
5.290000000000000000e+03 7.321500580826744908e+01
5.300000000000000000e+03 7.220467624733146295e+01
5.310000000000000000e+03 7.153039908824479198e+01
5.320000000000000000e+03 7.097374209007736567e+01
5.330000000000000000e+03 7.229377858211978491e+01
5.340000000000000000e+03 7.269707335426161876e+01
5.350000000000000000e+03 7.278650380397058939e+01
5.360000000000000000e+03 7.358550457452338378e+01
5.370000000000000000e+03 7.362592470187408367e+01
5.380000000000000000e+03 7.401626012061745996e+01
5.390000000000000000e+03 7.276402284348222338e+01
5.400000000000000000e+03 7.378936502504976147e+01
5.410000000000000000e+03 7.329121862010765653e+01
5.420000000000000000e+03 7.205107969159880099e+01
5.430000000000000000e+03 7.086399918600977799e+01
5.440000000000000000e+03 7.013667883927374191e+01
5.450000000000000000e+03 7.134022016542976985e+01
5.460000000000000000e+03 7.114653126055131338e+01
5.470000000000000000e+03 7.255467366025300180e+01
5.480000000000000000e+03 7.279179923230276472e+01
5.490000000000000000e+03 7.169500047457364644e+01
5.500000000000000000e+03 7.044471060452789857e+01
5.510000000000000000e+03 7.107542194986135087e+01
5.520000000000000000e+03 7.101625440578234816e+01
5.530000000000000000e+03 7.183145142237168557e+01
5.540000000000000000e+03 7.327283993426715369e+01
5.550000000000000000e+03 7.408083201986516997e+01
5.560000000000000000e+03 7.350258417448608839e+01
5.570000000000000000e+03 7.235263405571541284e+01
5.580000000000000000e+03 7.205411523858811051e+01
5.590000000000000000e+03 7.163379336932365504e+01
5.600000000000000000e+03 7.085780917322048822e+01
5.610000000000000000e+03 7.092562865716536180e+01
5.620000000000000000e+03 7.142593048263057653e+01
5.630000000000000000e+03 7.190817148840648088e+01
5.640000000000000000e+03 7.277971527136440955e+01
5.650000000000000000e+03 7.219377046744440918e+01
5.660000000000000000e+03 7.182139508504621972e+01
5.670000000000000000e+03 7.184169458731054192e+01
5.680000000000000000e+03 7.277496233946737902e+01
5.690000000000000000e+03 7.466112274482276234e+01
5.700000000000000000e+03 7.330060975599587891e+01
5.710000000000000000e+03 7.212425323472513128e+01
5.720000000000000000e+03 7.138369896090523525e+01
5.730000000000000000e+03 7.307034738375421057e+01
5.740000000000000000e+03 7.400969505655950798e+01
5.750000000000000000e+03 7.395006125050369405e+01
5.760000000000000000e+03 7.411673623050106130e+01
5.770000000000000000e+03 7.384181981195075650e+01
5.780000000000000000e+03 7.346887656349665008e+01
5.790000000000000000e+03 7.246074758906576108e+01
5.800000000000000000e+03 7.237347358300084466e+01
5.810000000000000000e+03 7.286536138063632961e+01
5.820000000000000000e+03 7.346798074108926357e+01
5.830000000000000000e+03 7.445335641703186980e+01
5.840000000000000000e+03 7.341031887612103901e+01
5.850000000000000000e+03 7.359025400880764778e+01
5.860000000000000000e+03 7.516307011168763097e+01
5.870000000000000000e+03 7.389339572683141455e+01
5.880000000000000000e+03 7.368618125870730751e+01
5.890000000000000000e+03 7.165937799632098404e+01
5.900000000000000000e+03 7.121622139002732865e+01
5.910000000000000000e+03 7.122255197226698442e+01
5.920000000000000000e+03 7.287209657371539606e+01
5.930000000000000000e+03 7.281266337022660196e+01
5.940000000000000000e+03 7.271307395997433787e+01
5.950000000000000000e+03 7.475272862038391963e+01
5.960000000000000000e+03 7.504515935243085778e+01
5.970000000000000000e+03 7.510938041237687912e+01
5.980000000000000000e+03 7.511692125442678503e+01
5.990000000000000000e+03 7.353759258347776040e+01
6.000000000000000000e+03 7.373836256051671967e+01
6.010000000000000000e+03 7.469134666585887317e+01
6.020000000000000000e+03 7.552683659449857601e+01
6.030000000000000000e+03 7.521194815595575278e+01
6.040000000000000000e+03 7.490412652334555332e+01
6.050000000000000000e+03 7.369667282855439794e+01
6.060000000000000000e+03 7.452079548709548362e+01
6.070000000000000000e+03 7.405123677622026435e+01
6.080000000000000000e+03 7.487165623060127473e+01
6.090000000000000000e+03 7.495734401761816912e+01
6.100000000000000000e+03 7.635970039036223511e+01
6.110000000000000000e+03 7.741556283163075136e+01
6.120000000000000000e+03 7.834041259779812094e+01
6.130000000000000000e+03 7.743722695026227143e+01
6.140000000000000000e+03 7.819095814879261752e+01
6.150000000000000000e+03 7.715864187781019723e+01
6.160000000000000000e+03 7.732919394390509638e+01
6.170000000000000000e+03 7.612876311515924499e+01
6.180000000000000000e+03 7.507501639999389909e+01
6.190000000000000000e+03 7.550452380120296425e+01
6.200000000000000000e+03 7.498907194488916161e+01
6.210000000000000000e+03 7.346591301307105937e+01
6.220000000000000000e+03 7.341035702793863038e+01
6.230000000000000000e+03 7.284868226535499502e+01
6.240000000000000000e+03 7.358085680474985679e+01
6.250000000000000000e+03 7.390892341937373544e+01
6.260000000000000000e+03 7.462549903176577004e+01
6.270000000000000000e+03 7.526090985899796237e+01
6.280000000000000000e+03 7.548324909874142463e+01
6.290000000000000000e+03 7.534115698238522896e+01
6.300000000000000000e+03 7.549960135775990011e+01
6.310000000000000000e+03 7.685102385839118710e+01
6.320000000000000000e+03 7.728386302680664244e+01
6.330000000000000000e+03 7.722311303887525469e+01
6.340000000000000000e+03 7.594284514731495506e+01
6.350000000000000000e+03 7.625828592662156780e+01
6.360000000000000000e+03 7.604950096980957142e+01
6.370000000000000000e+03 7.667899633488281097e+01
6.380000000000000000e+03 7.666400272874150801e+01
6.390000000000000000e+03 7.580467440133546120e+01
6.400000000000000000e+03 7.485742779862988527e+01
6.410000000000000000e+03 7.429056767929222360e+01
6.420000000000000000e+03 7.340187494514995592e+01
6.430000000000000000e+03 7.457010345438334298e+01
6.440000000000000000e+03 7.499115299036881765e+01
6.450000000000000000e+03 7.589741278540958547e+01
6.460000000000000000e+03 7.466596443120599247e+01
6.470000000000000000e+03 7.479398266529511830e+01
6.480000000000000000e+03 7.467014206459757020e+01
6.490000000000000000e+03 7.596424289667095309e+01
6.500000000000000000e+03 7.549998199707184199e+01
6.510000000000000000e+03 7.552613477397568431e+01
6.520000000000000000e+03 7.519871361870585247e+01
6.530000000000000000e+03 7.558460224687766527e+01
6.540000000000000000e+03 7.677149602315853372e+01
6.550000000000000000e+03 7.738969703658889898e+01
6.560000000000000000e+03 7.682711226998017651e+01
6.570000000000000000e+03 7.778987522006812583e+01
6.580000000000000000e+03 7.882449907498306629e+01
6.590000000000000000e+03 7.954247427412809657e+01
6.600000000000000000e+03 7.946079081986454185e+01
6.610000000000000000e+03 8.049002672956942206e+01
6.620000000000000000e+03 8.074149053366502926e+01
6.630000000000000000e+03 8.007479254131524726e+01
6.640000000000000000e+03 7.912371794033765582e+01
6.650000000000000000e+03 8.018111001153980055e+01
6.660000000000000000e+03 7.972992930414216062e+01
6.670000000000000000e+03 8.104439630875515377e+01
6.680000000000000000e+03 8.238428883545992676e+01
6.690000000000000000e+03 8.232243929485451872e+01
6.700000000000000000e+03 8.109344231590290519e+01
6.710000000000000000e+03 8.114211317783102118e+01
6.720000000000000000e+03 8.106542727632827905e+01
6.730000000000000000e+03 8.161914494637147754e+01
6.740000000000000000e+03 8.270689603997215045e+01
6.750000000000000000e+03 8.156850344327767743e+01
6.760000000000000000e+03 8.069337007603388656e+01
6.770000000000000000e+03 7.945864105291218493e+01
6.780000000000000000e+03 7.975772882466213787e+01
6.790000000000000000e+03 8.020310218121235835e+01
6.800000000000000000e+03 7.987962543753656064e+01
6.810000000000000000e+03 7.939129954093286301e+01
6.820000000000000000e+03 7.848147436866506155e+01
6.830000000000000000e+03 7.798372214984314610e+01
6.840000000000000000e+03 7.783281523971530191e+01
6.850000000000000000e+03 7.751332814473056487e+01
6.860000000000000000e+03 7.684949674160077393e+01
6.870000000000000000e+03 7.732078632108789407e+01
6.880000000000000000e+03 7.587334275493188329e+01
6.890000000000000000e+03 7.583817338519045848e+01
6.900000000000000000e+03 7.583884669507838794e+01
6.910000000000000000e+03 7.675116015532492497e+01
6.920000000000000000e+03 7.658774090245790944e+01
6.930000000000000000e+03 7.593622095835198138e+01
6.940000000000000000e+03 7.654014661854222368e+01
6.950000000000000000e+03 7.680813303089075816e+01
6.960000000000000000e+03 7.807083261372102356e+01
6.970000000000000000e+03 7.859036574163550881e+01
6.980000000000000000e+03 7.927401837525653150e+01
6.990000000000000000e+03 7.968702685380392836e+01
7.000000000000000000e+03 7.873473540402372350e+01
7.010000000000000000e+03 7.782051433306313015e+01
7.020000000000000000e+03 7.801147363715045913e+01
7.030000000000000000e+03 7.847933580110958474e+01
7.040000000000000000e+03 7.863461424868344807e+01
7.050000000000000000e+03 7.896817111281248458e+01
7.060000000000000000e+03 7.878550022932202523e+01
7.070000000000000000e+03 7.852288137005311341e+01
7.080000000000000000e+03 7.834937808721400643e+01
7.090000000000000000e+03 7.676115245440070112e+01
7.100000000000000000e+03 7.718734861293836502e+01
7.110000000000000000e+03 7.659891139993601428e+01
7.120000000000000000e+03 7.672669561133071170e+01
7.130000000000000000e+03 7.729687896978313688e+01
7.140000000000000000e+03 7.707453617050336447e+01
7.150000000000000000e+03 7.709979131870156266e+01
7.160000000000000000e+03 7.777208576986831190e+01
7.170000000000000000e+03 7.804935480200796860e+01
7.180000000000000000e+03 7.898263767616057862e+01
7.190000000000000000e+03 7.830395795766517608e+01
7.200000000000000000e+03 7.872006582712933209e+01
7.210000000000000000e+03 7.930212844323324362e+01
7.220000000000000000e+03 8.026023595690728030e+01
7.230000000000000000e+03 7.992611153734341656e+01
7.240000000000000000e+03 8.066854437759465668e+01
7.250000000000000000e+03 8.158825168680672846e+01
7.260000000000000000e+03 8.142932747068186927e+01
7.270000000000000000e+03 8.111571641597291205e+01
7.280000000000000000e+03 7.983858939247289754e+01
7.290000000000000000e+03 8.007667359772511873e+01
7.300000000000000000e+03 7.956555793205447458e+01
7.310000000000000000e+03 7.936614319047956201e+01
7.320000000000000000e+03 7.836816817994460393e+01
7.330000000000000000e+03 7.838570600090014295e+01
7.340000000000000000e+03 7.886005807783203636e+01
7.350000000000000000e+03 7.931688920034793000e+01
7.360000000000000000e+03 7.797906506501234958e+01
7.370000000000000000e+03 7.751876684673317186e+01
7.380000000000000000e+03 7.876695399778162709e+01
7.390000000000000000e+03 7.820753261584664529e+01
7.400000000000000000e+03 7.788600094876235858e+01
7.410000000000000000e+03 7.846942123076237863e+01
7.420000000000000000e+03 7.910886464248292782e+01
7.430000000000000000e+03 8.004114569969371473e+01
7.440000000000000000e+03 8.042744760641818402e+01
7.450000000000000000e+03 7.997509905166381827e+01
7.460000000000000000e+03 8.079036647231708912e+01
7.470000000000000000e+03 8.044976457943246828e+01
7.480000000000000000e+03 7.963913375195042477e+01
7.490000000000000000e+03 7.976221266858280501e+01
7.500000000000000000e+03 8.036843299266851659e+01
7.510000000000000000e+03 8.155233076135669990e+01
7.520000000000000000e+03 8.108908586868636803e+01
7.530000000000000000e+03 7.918709370941584780e+01
7.540000000000000000e+03 7.927146067533320206e+01
7.550000000000000000e+03 7.911313911382802644e+01
7.560000000000000000e+03 8.042287418459198989e+01
7.570000000000000000e+03 8.040509353669762049e+01
7.580000000000000000e+03 7.961514268430408947e+01
7.590000000000000000e+03 8.011887331913803223e+01
7.600000000000000000e+03 8.058352189092190088e+01
7.610000000000000000e+03 7.963065318574373919e+01
7.620000000000000000e+03 7.927667696235189965e+01
7.630000000000000000e+03 8.080962402174995418e+01
7.640000000000000000e+03 8.174457537371159788e+01
7.650000000000000000e+03 8.244481793318578866e+01
7.660000000000000000e+03 8.183655901393950671e+01
7.670000000000000000e+03 8.128553814079586459e+01
7.680000000000000000e+03 8.112327297621030198e+01
7.690000000000000000e+03 8.232915064945171935e+01
7.700000000000000000e+03 8.819091511012777573e+01
7.710000000000000000e+03 8.825187388310945380e+01
7.720000000000000000e+03 8.897267927215270333e+01
7.730000000000000000e+03 8.924392952590145001e+01
7.740000000000000000e+03 9.109007107037217565e+01
7.750000000000000000e+03 9.153029502215122193e+01
7.760000000000000000e+03 9.144608699790538253e+01
7.770000000000000000e+03 9.235192761809500439e+01
7.780000000000000000e+03 9.084218688724087087e+01
7.790000000000000000e+03 9.094349565938517799e+01
7.800000000000000000e+03 8.989933062376749717e+01
7.810000000000000000e+03 8.914162631561745798e+01
7.820000000000000000e+03 8.963363593829603815e+01
7.830000000000000000e+03 9.014819911518392814e+01
7.840000000000000000e+03 9.043018440908738853e+01
7.850000000000000000e+03 8.972488065953959335e+01
7.860000000000000000e+03 8.905955530006471577e+01
7.870000000000000000e+03 8.902516521385021520e+01
7.880000000000000000e+03 8.755494941284243282e+01
7.890000000000000000e+03 8.737798825043429929e+01
7.900000000000000000e+03 9.270719215828984261e+01
7.910000000000000000e+03 9.246941108343060023e+01
7.920000000000000000e+03 9.161268360716545089e+01
7.930000000000000000e+03 9.211393117427363109e+01
7.940000000000000000e+03 9.272894755857805649e+01
7.950000000000000000e+03 9.251442763917438583e+01
7.960000000000000000e+03 9.219891479511642274e+01
7.970000000000000000e+03 9.324006433715419462e+01
7.980000000000000000e+03 9.291313937557993086e+01
7.990000000000000000e+03 9.268164390516491835e+01
8.000000000000000000e+03 9.141601543214503067e+01
8.010000000000000000e+03 9.130095313681752600e+01
8.020000000000000000e+03 9.200114371255429546e+01
8.030000000000000000e+03 9.214458920275478704e+01
8.040000000000000000e+03 9.234529823590193587e+01
8.050000000000000000e+03 9.273187403501574977e+01
8.060000000000000000e+03 9.366321715823426075e+01
8.070000000000000000e+03 9.391430121669773712e+01
8.080000000000000000e+03 9.423067843295589796e+01
8.090000000000000000e+03 9.394918727511779366e+01
8.100000000000000000e+03 9.311485247421077815e+01
8.110000000000000000e+03 9.383500079281131434e+01
8.120000000000000000e+03 9.427927075393944278e+01
8.130000000000000000e+03 9.466472350297311777e+01
8.140000000000000000e+03 9.380839651286098047e+01
8.150000000000000000e+03 9.290484973593851237e+01
8.160000000000000000e+03 9.327467844180958423e+01
8.170000000000000000e+03 9.517036912364369527e+01
8.180000000000000000e+03 9.422213879768381162e+01
8.190000000000000000e+03 9.349331046776319454e+01
8.200000000000000000e+03 9.279029712731789914e+01
8.210000000000000000e+03 9.316576847077257639e+01
8.220000000000000000e+03 9.239774439336881073e+01
8.230000000000000000e+03 9.296780411317593007e+01
8.240000000000000000e+03 9.356451047513368735e+01
8.250000000000000000e+03 9.533932637199123405e+01
8.260000000000000000e+03 9.597790752400530323e+01
8.270000000000000000e+03 9.588501246820632673e+01
8.280000000000000000e+03 9.389385890461645090e+01
8.290000000000000000e+03 9.428600153929215821e+01
8.300000000000000000e+03 9.473823394766992578e+01
8.310000000000000000e+03 9.390669123923120765e+01
8.320000000000000000e+03 9.421106712893214308e+01
8.330000000000000000e+03 9.507022269629158018e+01
8.340000000000000000e+03 9.534849134459844322e+01
8.350000000000000000e+03 9.505354834903337746e+01
8.360000000000000000e+03 9.542408491480628641e+01
8.370000000000000000e+03 9.709065378145581349e+01
8.380000000000000000e+03 9.720523859121809096e+01
8.390000000000000000e+03 9.773953768494658334e+01
8.400000000000000000e+03 9.765646230530464322e+01
8.410000000000000000e+03 9.803774836816407401e+01
8.420000000000000000e+03 9.845082830700272325e+01
8.430000000000000000e+03 9.849298237850544524e+01
8.440000000000000000e+03 9.764695833486999277e+01
8.450000000000000000e+03 9.753155850889288558e+01
8.460000000000000000e+03 9.815933523741202293e+01
8.470000000000000000e+03 9.943995360539634021e+01
8.480000000000000000e+03 9.940226731386434267e+01
8.490000000000000000e+03 9.886824565482783100e+01
8.500000000000000000e+03 9.882297388711063491e+01
8.510000000000000000e+03 9.800677205319604468e+01
8.520000000000000000e+03 9.776074644578199013e+01
8.530000000000000000e+03 9.769363372207621410e+01
8.540000000000000000e+03 9.832681974331111974e+01
8.550000000000000000e+03 9.927686656195623982e+01
8.560000000000000000e+03 9.938338285833589225e+01
8.570000000000000000e+03 9.867575489133272981e+01
8.580000000000000000e+03 9.838852524292775570e+01
8.590000000000000000e+03 9.827725797430633747e+01
8.600000000000000000e+03 9.989744169688827924e+01
8.610000000000000000e+03 9.974296137424397557e+01
8.620000000000000000e+03 1.008190207500758220e+02
8.630000000000000000e+03 1.002283734696791839e+02
8.640000000000000000e+03 1.005822031460371875e+02
8.650000000000000000e+03 1.014935046338043776e+02
8.660000000000000000e+03 1.012535088083095900e+02
8.670000000000000000e+03 1.003373328430637343e+02
8.680000000000000000e+03 9.941373823772582341e+01
8.690000000000000000e+03 1.004052325046371550e+02
8.700000000000000000e+03 1.010332592426771896e+02
8.710000000000000000e+03 1.008910114488016063e+02
8.720000000000000000e+03 9.938306605359966284e+01
8.730000000000000000e+03 9.869136682790724535e+01
8.740000000000000000e+03 9.895575272406750855e+01
8.750000000000000000e+03 9.816123414759022126e+01
8.760000000000000000e+03 9.796043700609274651e+01
8.770000000000000000e+03 9.819031693623426804e+01
8.780000000000000000e+03 9.824458621519931967e+01
8.790000000000000000e+03 9.819044194757250921e+01
8.800000000000000000e+03 9.769212149079876895e+01
8.810000000000000000e+03 9.787221615999698088e+01
8.820000000000000000e+03 9.659584242786445429e+01
8.830000000000000000e+03 9.738678507602932655e+01
8.840000000000000000e+03 9.876910346727467527e+01
8.850000000000000000e+03 9.950303249315618359e+01
8.860000000000000000e+03 1.007980706881875506e+02
8.870000000000000000e+03 1.010531676851109921e+02
8.880000000000000000e+03 1.010491966985208876e+02
8.890000000000000000e+03 1.008624902200322992e+02
8.900000000000000000e+03 1.011110982163957317e+02
8.910000000000000000e+03 1.023111226657508155e+02
8.920000000000000000e+03 1.021080460889998562e+02
8.930000000000000000e+03 1.026244775475161077e+02
8.940000000000000000e+03 1.031780715205123897e+02
8.950000000000000000e+03 1.040813662571792690e+02
8.960000000000000000e+03 1.046627581562551086e+02
8.970000000000000000e+03 1.039195700311367432e+02
8.980000000000000000e+03 1.027304003859704551e+02
8.990000000000000000e+03 1.026714254639685464e+02
9.000000000000000000e+03 1.021649772640589333e+02
