# key height(A)
0.000000000000000000e+00 6.024328192363427092e+01
1.000000000000000000e+01 6.191219524542005814e+01
2.000000000000000000e+01 6.245642089751333970e+01
3.000000000000000000e+01 6.243746662842272599e+01
4.000000000000000000e+01 6.308696120424637144e+01
5.000000000000000000e+01 6.371865667842293135e+01
6.000000000000000000e+01 6.400437870812703522e+01
7.000000000000000000e+01 6.430113078072849930e+01
8.000000000000000000e+01 6.482087523002329021e+01
9.000000000000000000e+01 6.522118185586947448e+01
1.000000000000000000e+02 6.523244230924879616e+01
1.100000000000000000e+02 6.489527319605502953e+01
1.200000000000000000e+02 6.537423101374267276e+01
1.300000000000000000e+02 6.532381087058843150e+01
1.400000000000000000e+02 6.561190782212790396e+01
1.500000000000000000e+02 6.608033544688528593e+01
1.600000000000000000e+02 6.662224884547107706e+01
1.700000000000000000e+02 6.644929776031328572e+01
1.800000000000000000e+02 6.724418458069797566e+01
1.900000000000000000e+02 6.713699671038671113e+01
2.000000000000000000e+02 6.769360991691216611e+01
2.100000000000000000e+02 6.808914888019484124e+01
2.200000000000000000e+02 6.834310253047404160e+01
2.300000000000000000e+02 6.858313773660125889e+01
2.400000000000000000e+02 6.868323782832018765e+01
2.500000000000000000e+02 6.933975057453532997e+01
2.600000000000000000e+02 6.957900690581728043e+01
2.700000000000000000e+02 6.881801037995475667e+01
2.800000000000000000e+02 6.894464245771916922e+01
2.900000000000000000e+02 6.918620114024643897e+01
3.000000000000000000e+02 6.948490517143960687e+01
3.100000000000000000e+02 6.938632531682833360e+01
3.200000000000000000e+02 6.934712277491642851e+01
3.300000000000000000e+02 6.956809321414083058e+01
3.400000000000000000e+02 6.983722301148415568e+01
3.500000000000000000e+02 6.970854448571357409e+01
3.600000000000000000e+02 6.913159661840819581e+01
3.700000000000000000e+02 6.867655180888981192e+01
3.800000000000000000e+02 6.894432818611647917e+01
3.900000000000000000e+02 6.890174658851167067e+01
4.000000000000000000e+02 6.867119396075278814e+01
4.100000000000000000e+02 6.873711070650229260e+01
4.200000000000000000e+02 6.917927190688324401e+01
4.300000000000000000e+02 7.037361929353490098e+01
4.400000000000000000e+02 6.995325268270157437e+01
4.500000000000000000e+02 7.020209737175935061e+01
4.600000000000000000e+02 7.036519854101997851e+01
4.700000000000000000e+02 7.017682633949254978e+01
4.800000000000000000e+02 6.967069634079801688e+01
4.900000000000000000e+02 7.019784345446157658e+01
5.000000000000000000e+02 6.996336806638666417e+01
5.100000000000000000e+02 7.089341015668749435e+01
5.200000000000000000e+02 7.080758001499519594e+01
5.300000000000000000e+02 7.112645283817994368e+01
5.400000000000000000e+02 7.102720335054375767e+01
5.500000000000000000e+02 7.063394805510678509e+01
5.600000000000000000e+02 7.139815951195885191e+01
5.700000000000000000e+02 7.201829864447161356e+01
5.800000000000000000e+02 7.192144581720882002e+01
5.900000000000000000e+02 7.153034020991015041e+01
6.000000000000000000e+02 7.114581546954158853e+01
6.100000000000000000e+02 7.117636743362696450e+01
6.200000000000000000e+02 7.103833460816180434e+01
6.300000000000000000e+02 7.175948759594498938e+01
6.400000000000000000e+02 7.087489971820942003e+01
6.500000000000000000e+02 7.162263199785323309e+01
6.600000000000000000e+02 7.219867334336700537e+01
6.700000000000000000e+02 7.162397495905689482e+01
6.800000000000000000e+02 7.240008548120387388e+01
6.900000000000000000e+02 7.268671001296664258e+01
7.000000000000000000e+02 7.251139591420644592e+01
7.100000000000000000e+02 7.320903866026782225e+01
7.200000000000000000e+02 7.390100843771190853e+01
7.300000000000000000e+02 7.361499954851640837e+01
7.400000000000000000e+02 7.353513581291477408e+01
7.500000000000000000e+02 7.353464510381462560e+01
7.600000000000000000e+02 7.384817635917212897e+01
7.700000000000000000e+02 7.347444961398120711e+01
7.800000000000000000e+02 7.280428721504915757e+01
7.900000000000000000e+02 7.332319614485338377e+01
8.000000000000000000e+02 7.269190462696388977e+01
8.100000000000000000e+02 7.373754760727511837e+01
8.200000000000000000e+02 7.371157914456870230e+01
8.300000000000000000e+02 7.381346967828045535e+01
8.400000000000000000e+02 7.380687289119843797e+01
8.500000000000000000e+02 7.424261572671893816e+01
8.600000000000000000e+02 7.347124008541939588e+01
8.700000000000000000e+02 7.316085652941208650e+01
8.800000000000000000e+02 7.308323199301513284e+01
8.900000000000000000e+02 7.333412236000431506e+01
9.000000000000000000e+02 7.285394065146672915e+01
9.100000000000000000e+02 7.282996621712253216e+01
9.200000000000000000e+02 7.229784373683082777e+01
9.300000000000000000e+02 7.264902684528986754e+01
9.400000000000000000e+02 7.183291708502220274e+01
9.500000000000000000e+02 7.273586784546218098e+01
9.600000000000000000e+02 7.260352219593511336e+01
9.700000000000000000e+02 7.264989288455123528e+01
9.800000000000000000e+02 7.252688057238749764e+01
9.900000000000000000e+02 7.340715176989883162e+01
1.000000000000000000e+03 7.279226139373785998e+01
1.010000000000000000e+03 7.275525640141948713e+01
1.020000000000000000e+03 7.240691409982758842e+01
1.030000000000000000e+03 7.233637886565161068e+01
1.040000000000000000e+03 7.242501325403563328e+01
1.050000000000000000e+03 7.267300189748399930e+01
1.060000000000000000e+03 7.232775552452562806e+01
1.070000000000000000e+03 7.279322004304674465e+01
1.080000000000000000e+03 7.226984774998490479e+01
1.090000000000000000e+03 7.256491076232205728e+01
1.100000000000000000e+03 7.397204983069404705e+01
1.110000000000000000e+03 7.373510485978280826e+01
1.120000000000000000e+03 7.421382958082614323e+01
1.130000000000000000e+03 7.435113104625578728e+01
1.140000000000000000e+03 7.499982717348912331e+01
1.150000000000000000e+03 7.435901318903299284e+01
1.160000000000000000e+03 7.404451387768007464e+01
1.170000000000000000e+03 7.469550399939544150e+01
1.180000000000000000e+03 7.467987173337724016e+01
1.190000000000000000e+03 7.497361660491264956e+01
1.200000000000000000e+03 7.491846034245772046e+01
1.210000000000000000e+03 7.437898161844000811e+01
1.220000000000000000e+03 7.515382641018275933e+01
1.230000000000000000e+03 7.540218883889011181e+01
1.240000000000000000e+03 7.494266316581334308e+01
1.250000000000000000e+03 7.460367841776304942e+01
1.260000000000000000e+03 7.415608614703253920e+01
1.270000000000000000e+03 7.509193689468118293e+01
1.280000000000000000e+03 7.430593420398166415e+01
1.290000000000000000e+03 7.508723820563788820e+01
1.300000000000000000e+03 7.494183778497615833e+01
1.310000000000000000e+03 7.498918187408980884e+01
1.320000000000000000e+03 7.526757806141036156e+01
1.330000000000000000e+03 7.461112740830037637e+01
1.340000000000000000e+03 7.477098171510954217e+01
1.350000000000000000e+03 7.491682546600848980e+01
1.360000000000000000e+03 7.518283003298348888e+01
1.370000000000000000e+03 7.426982548493327840e+01
1.380000000000000000e+03 7.354516197452413451e+01
1.390000000000000000e+03 7.401571169937955119e+01
1.400000000000000000e+03 7.518364698826964343e+01
1.410000000000000000e+03 7.484871488469205758e+01
1.420000000000000000e+03 7.403759395205743488e+01
1.430000000000000000e+03 7.394139817596297348e+01
1.440000000000000000e+03 7.378219649135249369e+01
1.450000000000000000e+03 7.344194977267032698e+01
1.460000000000000000e+03 7.379767830389548067e+01
1.470000000000000000e+03 7.322389993348144799e+01
1.480000000000000000e+03 7.275634246671258154e+01
1.490000000000000000e+03 7.297975722269966070e+01
1.500000000000000000e+03 7.264448629914799938e+01
1.510000000000000000e+03 7.323932866770461203e+01
1.520000000000000000e+03 7.372110182400926703e+01
1.530000000000000000e+03 7.351558896392052134e+01
1.540000000000000000e+03 7.398157168710723397e+01
1.550000000000000000e+03 7.337341669961716661e+01
1.560000000000000000e+03 7.336022692904249709e+01
1.570000000000000000e+03 7.381567255855235032e+01
1.580000000000000000e+03 7.417601578461847112e+01
1.590000000000000000e+03 7.425495287126682342e+01
1.600000000000000000e+03 7.568564084408933468e+01
1.610000000000000000e+03 7.500237056672523295e+01
1.620000000000000000e+03 7.448052198735155116e+01
1.630000000000000000e+03 7.438620713106686821e+01
1.640000000000000000e+03 7.411396840335054037e+01
1.650000000000000000e+03 7.428765408136766268e+01
1.660000000000000000e+03 7.464322365300654383e+01
1.670000000000000000e+03 7.531865890364517213e+01
1.680000000000000000e+03 7.485662503740321938e+01
1.690000000000000000e+03 7.391890899700092632e+01
1.700000000000000000e+03 7.395398958528163291e+01
1.710000000000000000e+03 7.403652687719090864e+01
1.720000000000000000e+03 7.409076491142576515e+01
1.730000000000000000e+03 7.412213773357956370e+01
1.740000000000000000e+03 7.442731783273674750e+01
1.750000000000000000e+03 7.446338618306464241e+01
1.760000000000000000e+03 7.445347913488134850e+01
1.770000000000000000e+03 7.432045739311094223e+01
1.780000000000000000e+03 7.519952192078966391e+01
1.790000000000000000e+03 7.534335447020418997e+01
1.800000000000000000e+03 7.614970084432572150e+01
1.810000000000000000e+03 7.605167200533996663e+01
1.820000000000000000e+03 7.631757909591418354e+01
1.830000000000000000e+03 7.641494271369342073e+01
1.840000000000000000e+03 7.633037007430640131e+01
1.850000000000000000e+03 7.732873686639472055e+01
1.860000000000000000e+03 7.821096937982163411e+01
1.870000000000000000e+03 7.692721013760686333e+01
1.880000000000000000e+03 7.695635166898250645e+01
1.890000000000000000e+03 7.728455378368171580e+01
1.900000000000000000e+03 7.688580708759729987e+01
1.910000000000000000e+03 7.721624481952788699e+01
1.920000000000000000e+03 7.653920362648946707e+01
1.930000000000000000e+03 7.706183700267588677e+01
1.940000000000000000e+03 7.769130172220262409e+01
1.950000000000000000e+03 7.840355253809948977e+01
1.960000000000000000e+03 7.878309206631453776e+01
1.970000000000000000e+03 7.782940081714863823e+01
1.980000000000000000e+03 7.753560192357660696e+01
1.990000000000000000e+03 7.802747873961025959e+01
2.000000000000000000e+03 7.712315912689697939e+01
2.010000000000000000e+03 7.746402240682741080e+01
2.020000000000000000e+03 7.663694142554888344e+01
2.030000000000000000e+03 7.719948975847221107e+01
2.040000000000000000e+03 7.699751728340274326e+01
2.050000000000000000e+03 7.718500594728843112e+01
2.060000000000000000e+03 7.673206891548380781e+01
2.070000000000000000e+03 7.651299555130935914e+01
2.080000000000000000e+03 7.726291500429432801e+01
2.090000000000000000e+03 7.717059015247359355e+01
2.100000000000000000e+03 7.676339225559091517e+01
2.110000000000000000e+03 7.752514172186427288e+01
2.120000000000000000e+03 7.754779823727064070e+01
2.130000000000000000e+03 7.748064478342618600e+01
2.140000000000000000e+03 7.739459957713727078e+01
2.150000000000000000e+03 7.657979640291480905e+01
2.160000000000000000e+03 7.655040888052569414e+01
2.170000000000000000e+03 7.657897017653829153e+01
2.180000000000000000e+03 7.631239786585987872e+01
2.190000000000000000e+03 7.595964988644480798e+01
2.200000000000000000e+03 7.611295733199526126e+01
2.210000000000000000e+03 7.595230774939049923e+01
2.220000000000000000e+03 7.747856195405569224e+01
2.230000000000000000e+03 7.691884186169824034e+01
2.240000000000000000e+03 7.691307363493618254e+01
2.250000000000000000e+03 7.764619825747207926e+01
2.260000000000000000e+03 7.714607860085637014e+01
2.270000000000000000e+03 7.799608765346927441e+01
2.280000000000000000e+03 7.788590853476560483e+01
2.290000000000000000e+03 7.851846393783250733e+01
2.300000000000000000e+03 7.809358212682874978e+01
2.310000000000000000e+03 7.807097700718468047e+01
2.320000000000000000e+03 7.833622770673156310e+01
2.330000000000000000e+03 7.953164593259693049e+01
2.340000000000000000e+03 7.993926962797557678e+01
2.350000000000000000e+03 8.031188183446894868e+01
2.360000000000000000e+03 7.933880407171035642e+01
2.370000000000000000e+03 7.972295264587799579e+01
2.380000000000000000e+03 8.013290935991565789e+01
2.390000000000000000e+03 8.066624734896537063e+01
2.400000000000000000e+03 8.090970324353328635e+01
2.410000000000000000e+03 8.098971015927462247e+01
2.420000000000000000e+03 8.065860870824361939e+01
2.430000000000000000e+03 8.091164116862321976e+01
2.440000000000000000e+03 8.119004412652957114e+01
2.450000000000000000e+03 8.213319264101745887e+01
2.460000000000000000e+03 8.218838899381063356e+01
2.470000000000000000e+03 8.209246928885171712e+01
2.480000000000000000e+03 8.199845048602114161e+01
2.490000000000000000e+03 8.166009510402679439e+01
2.500000000000000000e+03 8.013663053698587646e+01
2.510000000000000000e+03 8.069993495264674266e+01
2.520000000000000000e+03 8.083068006375344794e+01
2.530000000000000000e+03 8.136200069130958923e+01
2.540000000000000000e+03 8.155162873714289162e+01
2.550000000000000000e+03 8.053395930361048727e+01
2.560000000000000000e+03 7.948299870050108495e+01
2.570000000000000000e+03 7.973489237567210353e+01
2.580000000000000000e+03 8.002028515581676515e+01
2.590000000000000000e+03 7.973005135586285519e+01
2.600000000000000000e+03 7.956711128444209180e+01
2.610000000000000000e+03 7.991778221142500627e+01
2.620000000000000000e+03 7.930388811038794472e+01
2.630000000000000000e+03 7.958709689785432317e+01
2.640000000000000000e+03 8.037179876817754121e+01
2.650000000000000000e+03 8.059631844258097999e+01
2.660000000000000000e+03 8.062462788669878933e+01
2.670000000000000000e+03 8.079381911404513517e+01
2.680000000000000000e+03 8.142323603639883345e+01
2.690000000000000000e+03 8.274191374081152617e+01
2.700000000000000000e+03 8.277820986578552720e+01
2.710000000000000000e+03 8.277622605346880391e+01
2.720000000000000000e+03 8.276268095902648270e+01
2.730000000000000000e+03 8.266945191358564671e+01
2.740000000000000000e+03 8.351855723806187370e+01
2.750000000000000000e+03 8.289059553289911264e+01
2.760000000000000000e+03 8.235926176428594658e+01
2.770000000000000000e+03 8.224135224739140426e+01
2.780000000000000000e+03 8.161457919970129637e+01
2.790000000000000000e+03 8.145404943456045999e+01
2.800000000000000000e+03 8.181216386369936799e+01
2.810000000000000000e+03 8.143839292344077307e+01
2.820000000000000000e+03 8.104798560083636971e+01
2.830000000000000000e+03 8.154518701156598581e+01
2.840000000000000000e+03 8.261342499644575810e+01
2.850000000000000000e+03 8.375599110618546206e+01
2.860000000000000000e+03 8.391437052212577896e+01
2.870000000000000000e+03 8.451050270168985890e+01
2.880000000000000000e+03 8.497312783160776917e+01
2.890000000000000000e+03 8.571608088484023824e+01
2.900000000000000000e+03 8.518893370053967828e+01
2.910000000000000000e+03 8.636011488635784872e+01
2.920000000000000000e+03 8.636458666145881580e+01
2.930000000000000000e+03 8.674278136242600112e+01
2.940000000000000000e+03 8.610324297964760376e+01
2.950000000000000000e+03 8.567600040723957022e+01
2.960000000000000000e+03 8.495051458690062418e+01
2.970000000000000000e+03 8.448042440543517273e+01
2.980000000000000000e+03 8.442897956442263308e+01
2.990000000000000000e+03 8.490193819251993546e+01
3.000000000000000000e+03 8.503472292723611758e+01
3.010000000000000000e+03 8.502126894208234376e+01
3.020000000000000000e+03 8.528173925932429711e+01
3.030000000000000000e+03 8.546707669134389107e+01
3.040000000000000000e+03 8.514690769330107400e+01
3.050000000000000000e+03 8.592036380851959620e+01
3.060000000000000000e+03 8.600499652261018468e+01
3.070000000000000000e+03 8.581283663296011355e+01
3.080000000000000000e+03 8.481373951641296571e+01
3.090000000000000000e+03 8.491338543948828033e+01
3.100000000000000000e+03 8.451836026732112828e+01
3.110000000000000000e+03 8.392879154413196829e+01
3.120000000000000000e+03 8.432415591347177042e+01
3.130000000000000000e+03 8.396201574875604479e+01
3.140000000000000000e+03 8.453031123796208135e+01
3.150000000000000000e+03 8.323749961161090027e+01
3.160000000000000000e+03 8.373917430619226820e+01
3.170000000000000000e+03 8.384262840095141200e+01
3.180000000000000000e+03 8.315614299950681243e+01
3.190000000000000000e+03 8.337377101807982172e+01
3.200000000000000000e+03 8.334033772307716958e+01
3.210000000000000000e+03 8.402688203848302351e+01
3.220000000000000000e+03 8.423193764614259749e+01
3.230000000000000000e+03 8.454247766638201256e+01
3.240000000000000000e+03 8.568443469581069394e+01
3.250000000000000000e+03 8.660715137794406360e+01
3.260000000000000000e+03 8.634063392441140650e+01
3.270000000000000000e+03 8.677702438760186965e+01
3.280000000000000000e+03 8.553287311427402528e+01
3.290000000000000000e+03 8.609067229467123639e+01
3.300000000000000000e+03 8.701854674389372235e+01
3.310000000000000000e+03 8.606801409352380006e+01
3.320000000000000000e+03 8.612627793676543320e+01
3.330000000000000000e+03 8.637352883306806461e+01
3.340000000000000000e+03 8.633274472947093159e+01
3.350000000000000000e+03 8.609044587773493618e+01
3.360000000000000000e+03 8.673418107058367355e+01
3.370000000000000000e+03 8.694421322410283892e+01
3.380000000000000000e+03 8.644568050407315241e+01
3.390000000000000000e+03 8.667091558598843903e+01
3.400000000000000000e+03 8.610532343254070042e+01
3.410000000000000000e+03 8.578612007111618709e+01
3.420000000000000000e+03 8.626933750406448098e+01
3.430000000000000000e+03 8.622885177376790011e+01
3.440000000000000000e+03 8.605020164370370139e+01
3.450000000000000000e+03 8.654626751776368110e+01
3.460000000000000000e+03 8.703084509225459442e+01
3.470000000000000000e+03 8.742506026947356190e+01
3.480000000000000000e+03 8.722493777984260532e+01
3.490000000000000000e+03 8.749536870277833600e+01
3.500000000000000000e+03 8.866382848967228369e+01
3.510000000000000000e+03 8.866552531186871988e+01
3.520000000000000000e+03 8.860801958299759917e+01
3.530000000000000000e+03 8.980047408143644816e+01
3.540000000000000000e+03 8.815999173562840951e+01
3.550000000000000000e+03 8.803490933599550772e+01
3.560000000000000000e+03 8.808517560757636033e+01
3.570000000000000000e+03 8.876606738621865134e+01
3.580000000000000000e+03 8.935331775322143244e+01
3.590000000000000000e+03 8.947831806005493149e+01
3.600000000000000000e+03 9.010702134844314060e+01
3.610000000000000000e+03 8.902723948759583550e+01
3.620000000000000000e+03 8.920340186153217132e+01
3.630000000000000000e+03 8.953894219085583472e+01
3.640000000000000000e+03 8.907790963902778003e+01
3.650000000000000000e+03 8.948414644312603627e+01
3.660000000000000000e+03 8.980689944311112072e+01
3.670000000000000000e+03 9.024195118700555440e+01
3.680000000000000000e+03 9.070554673306111226e+01
3.690000000000000000e+03 9.021871949983520267e+01
3.700000000000000000e+03 8.968625440732643028e+01
3.710000000000000000e+03 9.030893721985015077e+01
3.720000000000000000e+03 9.055095153606703207e+01
3.730000000000000000e+03 9.095426432938910466e+01
3.740000000000000000e+03 9.114422575911382296e+01
3.750000000000000000e+03 9.027739112239478914e+01
3.760000000000000000e+03 9.095469462881945333e+01
3.770000000000000000e+03 9.043082743880538032e+01
3.780000000000000000e+03 8.993959350794031593e+01
3.790000000000000000e+03 9.028307175383864092e+01
3.800000000000000000e+03 8.959550251257891773e+01
3.810000000000000000e+03 8.908625851948750096e+01
3.820000000000000000e+03 9.000027950057813086e+01
3.830000000000000000e+03 8.951074881991610255e+01
3.840000000000000000e+03 9.008125595598568225e+01
3.850000000000000000e+03 8.912078057854853341e+01
3.860000000000000000e+03 8.974794036711929834e+01
3.870000000000000000e+03 9.016347127662609751e+01
3.880000000000000000e+03 8.979788245631664267e+01
3.890000000000000000e+03 8.890377225752402524e+01
3.900000000000000000e+03 8.947692588299128147e+01
3.910000000000000000e+03 8.988039233689997332e+01
3.920000000000000000e+03 8.895093868527439440e+01
3.930000000000000000e+03 8.821240885146423238e+01
3.940000000000000000e+03 8.882412295127829793e+01
3.950000000000000000e+03 8.883074814358784010e+01
3.960000000000000000e+03 8.908761387078661187e+01
3.970000000000000000e+03 8.961659845713651862e+01
3.980000000000000000e+03 9.045655080386498526e+01
3.990000000000000000e+03 9.042952587297074274e+01
4.000000000000000000e+03 8.999268057158249690e+01
4.010000000000000000e+03 9.048868832861199962e+01
4.020000000000000000e+03 9.078751943911436229e+01
4.030000000000000000e+03 9.143014139764642323e+01
4.040000000000000000e+03 9.181643274409310607e+01
4.050000000000000000e+03 9.089573601327046504e+01
4.060000000000000000e+03 9.051328338530447581e+01
4.070000000000000000e+03 8.950312542493622914e+01
4.080000000000000000e+03 9.013151633877419044e+01
4.090000000000000000e+03 9.020650148773893306e+01
4.100000000000000000e+03 8.973341090259901875e+01
4.110000000000000000e+03 9.035496075252146397e+01
4.120000000000000000e+03 8.973172374160103004e+01
4.130000000000000000e+03 9.059921456773241744e+01
4.140000000000000000e+03 9.069739750791043775e+01
4.150000000000000000e+03 9.116932341094070580e+01
4.160000000000000000e+03 9.151825156806074801e+01
4.170000000000000000e+03 9.050036985708823067e+01
4.180000000000000000e+03 9.062014688286211594e+01
4.190000000000000000e+03 9.128399423809443647e+01
4.200000000000000000e+03 9.131424944151913792e+01
4.210000000000000000e+03 9.106472491996478880e+01
4.220000000000000000e+03 9.191203278653850361e+01
4.230000000000000000e+03 9.170600724367849921e+01
4.240000000000000000e+03 9.155682012827858784e+01
4.250000000000000000e+03 9.175654865523364379e+01
4.260000000000000000e+03 9.135059170858949074e+01
4.270000000000000000e+03 9.053137290728608377e+01
4.280000000000000000e+03 9.012002750626734837e+01
4.290000000000000000e+03 9.050931819297298375e+01
4.300000000000000000e+03 8.999069501317288200e+01
4.310000000000000000e+03 9.114050316819225372e+01
4.320000000000000000e+03 9.142648857237932702e+01
4.330000000000000000e+03 9.062030472799875724e+01
4.340000000000000000e+03 9.085707626976676465e+01
4.350000000000000000e+03 9.098052214951033534e+01
4.360000000000000000e+03 9.123009965853984227e+01
4.370000000000000000e+03 9.136045551762236983e+01
4.380000000000000000e+03 9.162912074260609074e+01
4.390000000000000000e+03 9.095594661878718057e+01
4.400000000000000000e+03 9.105306499083360450e+01
4.410000000000000000e+03 9.104137555384991742e+01
4.420000000000000000e+03 9.188106209066384622e+01
4.430000000000000000e+03 9.165891436217526689e+01
4.440000000000000000e+03 9.206508172604102924e+01
4.450000000000000000e+03 9.132853651624537861e+01
4.460000000000000000e+03 9.089936824426453654e+01
4.470000000000000000e+03 9.020324110371106485e+01
4.480000000000000000e+03 9.020568549246573298e+01
4.490000000000000000e+03 9.009844269764536762e+01
4.500000000000000000e+03 9.002973944492754299e+01
4.510000000000000000e+03 8.925085209450674029e+01
4.520000000000000000e+03 8.831617340777935965e+01
4.530000000000000000e+03 8.810505866915832485e+01
4.540000000000000000e+03 8.801754380619374274e+01
4.550000000000000000e+03 8.897308380194354527e+01
4.560000000000000000e+03 8.963866728329909961e+01
4.570000000000000000e+03 8.847244959973230038e+01
4.580000000000000000e+03 8.921208333214329400e+01
4.590000000000000000e+03 9.001084216222778878e+01
4.600000000000000000e+03 9.053746172765448819e+01
4.610000000000000000e+03 9.018860082532725642e+01
4.620000000000000000e+03 9.091375213446946191e+01
4.630000000000000000e+03 9.037033427546472808e+01
4.640000000000000000e+03 9.056856463197266294e+01
4.650000000000000000e+03 9.074697672247552305e+01
4.660000000000000000e+03 9.076904940088891749e+01
4.670000000000000000e+03 9.010710291873274969e+01
4.680000000000000000e+03 9.038056128553031954e+01
4.690000000000000000e+03 8.910357421216087914e+01
4.700000000000000000e+03 8.881566205272048364e+01
4.710000000000000000e+03 8.858095351611572710e+01
4.720000000000000000e+03 8.959092183828119005e+01
4.730000000000000000e+03 8.983318903530039279e+01
4.740000000000000000e+03 8.972857890028322458e+01
4.750000000000000000e+03 9.049294650726130840e+01
4.760000000000000000e+03 9.050406980171467808e+01
4.770000000000000000e+03 9.108436314504461961e+01
4.780000000000000000e+03 9.127139801863285129e+01
4.790000000000000000e+03 9.103337536271700969e+01
4.800000000000000000e+03 9.039500403637003956e+01
4.810000000000000000e+03 8.934674648848226752e+01
4.820000000000000000e+03 8.978191327774692354e+01
4.830000000000000000e+03 8.934129326047178665e+01
4.840000000000000000e+03 8.942836529352624098e+01
4.850000000000000000e+03 8.901374482963464629e+01
4.860000000000000000e+03 8.903347076007187866e+01
4.870000000000000000e+03 8.906734556830031124e+01
4.880000000000000000e+03 8.941502012940463828e+01
4.890000000000000000e+03 9.005010696523737579e+01
4.900000000000000000e+03 9.100677855876924127e+01
4.910000000000000000e+03 9.102359253683704310e+01
4.920000000000000000e+03 9.120646896165331441e+01
4.930000000000000000e+03 9.105936892130381466e+01
4.940000000000000000e+03 9.104095226231555671e+01
4.950000000000000000e+03 9.151560624355062146e+01
4.960000000000000000e+03 9.098960002948163606e+01
4.970000000000000000e+03 9.100057196906442414e+01
4.980000000000000000e+03 9.044645530652408638e+01
4.990000000000000000e+03 9.054710139158964921e+01
5.000000000000000000e+03 8.975959720433158395e+01
5.010000000000000000e+03 8.986661936970529041e+01
5.020000000000000000e+03 8.997786645890954560e+01
5.030000000000000000e+03 9.031092787679031630e+01
5.040000000000000000e+03 8.936713028155253369e+01
5.050000000000000000e+03 8.901205627011714228e+01
5.060000000000000000e+03 8.925352012434800031e+01
5.070000000000000000e+03 8.960187831912853085e+01
5.080000000000000000e+03 8.959931383562812357e+01
5.090000000000000000e+03 9.041156218144209333e+01
5.100000000000000000e+03 8.979034475516866110e+01
5.110000000000000000e+03 9.075689956741854303e+01
5.120000000000000000e+03 9.031925858947587926e+01
5.130000000000000000e+03 8.991553984562295909e+01
5.140000000000000000e+03 9.058618724149428658e+01
5.150000000000000000e+03 8.967527121906115894e+01
5.160000000000000000e+03 8.965144986244823144e+01
5.170000000000000000e+03 8.860519835639942698e+01
5.180000000000000000e+03 8.934208860560386256e+01
5.190000000000000000e+03 8.915020288007957561e+01
5.200000000000000000e+03 8.895531562143719384e+01
5.210000000000000000e+03 8.850055339515404285e+01
5.220000000000000000e+03 8.784830661056642498e+01
5.230000000000000000e+03 8.756157917836307547e+01
5.240000000000000000e+03 8.800215536594541277e+01
5.250000000000000000e+03 8.748851194274089949e+01
5.260000000000000000e+03 8.809242882379513162e+01
5.270000000000000000e+03 8.903795014201156732e+01
5.280000000000000000e+03 8.927917045628325354e+01
5.290000000000000000e+03 8.886739783381338498e+01
5.300000000000000000e+03 8.843071103123017451e+01
5.310000000000000000e+03 8.975077373815798865e+01
5.320000000000000000e+03 9.024113891648190133e+01
5.330000000000000000e+03 9.043149217224708991e+01
5.340000000000000000e+03 9.011953301711500330e+01
5.350000000000000000e+03 8.993997286786120071e+01
5.360000000000000000e+03 8.997922314887691186e+01
5.370000000000000000e+03 8.972099833828787041e+01
5.380000000000000000e+03 8.762772595065501946e+01
5.390000000000000000e+03 8.814591391405926402e+01
5.400000000000000000e+03 8.738802909155529619e+01
5.410000000000000000e+03 8.792692108444344967e+01
5.420000000000000000e+03 8.783588512828580974e+01
5.430000000000000000e+03 8.802931977723781642e+01
5.440000000000000000e+03 8.833553085852821596e+01
5.450000000000000000e+03 8.801979619503794083e+01
5.460000000000000000e+03 8.775578534960015986e+01
5.470000000000000000e+03 8.680046838126406783e+01
5.480000000000000000e+03 8.668043477081687342e+01
5.490000000000000000e+03 8.715731368701713677e+01
5.500000000000000000e+03 8.755740252664807599e+01
5.510000000000000000e+03 8.789589030945779768e+01
5.520000000000000000e+03 8.859421845661549355e+01
5.530000000000000000e+03 8.827085109572638544e+01
5.540000000000000000e+03 8.835130278531175918e+01
5.550000000000000000e+03 8.827993623900385955e+01
5.560000000000000000e+03 8.772406238780894228e+01
5.570000000000000000e+03 8.720364586843936650e+01
5.580000000000000000e+03 8.804161966243432857e+01
5.590000000000000000e+03 8.847399728783446449e+01
5.600000000000000000e+03 8.829221366929095893e+01
5.610000000000000000e+03 8.817398704292565981e+01
5.620000000000000000e+03 8.871463403429225991e+01
5.630000000000000000e+03 8.821514565117715279e+01
5.640000000000000000e+03 8.799934024734872651e+01
5.650000000000000000e+03 8.725189720562988782e+01
5.660000000000000000e+03 8.764890163238985110e+01
5.670000000000000000e+03 8.698110556043243946e+01
5.680000000000000000e+03 8.669878774005360356e+01
5.690000000000000000e+03 8.763094600136113854e+01
5.700000000000000000e+03 8.828904638098154578e+01
5.710000000000000000e+03 8.750833035928602044e+01
5.720000000000000000e+03 8.786569489594609195e+01
5.730000000000000000e+03 8.809438749640727906e+01
5.740000000000000000e+03 8.844877787032933725e+01
5.750000000000000000e+03 8.879415415640193032e+01
5.760000000000000000e+03 8.793103366546898769e+01
5.770000000000000000e+03 8.869583746956101322e+01
5.780000000000000000e+03 8.932563084236045370e+01
5.790000000000000000e+03 8.915682039269393044e+01
5.800000000000000000e+03 8.706045916834227683e+01
5.810000000000000000e+03 8.833467777034985602e+01
5.820000000000000000e+03 8.779753398564824352e+01
5.830000000000000000e+03 8.880355010711394925e+01
5.840000000000000000e+03 8.815989926109386943e+01
5.850000000000000000e+03 8.849345338925706983e+01
5.860000000000000000e+03 8.830788054790326669e+01
5.870000000000000000e+03 8.847684876226344386e+01
5.880000000000000000e+03 8.776750670703265200e+01
5.890000000000000000e+03 8.971993260291608863e+01
5.900000000000000000e+03 8.996681207767434785e+01
5.910000000000000000e+03 8.952692778205400259e+01
5.920000000000000000e+03 8.823269927467453044e+01
5.930000000000000000e+03 8.928095175210830803e+01
5.940000000000000000e+03 8.820208087356721194e+01
5.950000000000000000e+03 8.763962372295898717e+01
5.960000000000000000e+03 8.837678071739813390e+01
5.970000000000000000e+03 8.879450388485517465e+01
5.980000000000000000e+03 8.955026009186192937e+01
5.990000000000000000e+03 8.977884373885805758e+01
6.000000000000000000e+03 8.952075769913443537e+01
6.010000000000000000e+03 9.010081936260593238e+01
6.020000000000000000e+03 8.970916671138243714e+01
6.030000000000000000e+03 9.011986833470211877e+01
6.040000000000000000e+03 8.974497832094448313e+01
6.050000000000000000e+03 8.929364272494709098e+01
6.060000000000000000e+03 8.960973081733882850e+01
6.070000000000000000e+03 9.019068524805982179e+01
6.080000000000000000e+03 8.951242280019909003e+01
6.090000000000000000e+03 8.998353910774369524e+01
6.100000000000000000e+03 9.025754176523136607e+01
6.110000000000000000e+03 9.005198057896919295e+01
6.120000000000000000e+03 8.989201092226824130e+01
6.130000000000000000e+03 8.941333648947767188e+01
6.140000000000000000e+03 8.897229239735926853e+01
6.150000000000000000e+03 8.861762272124806827e+01
6.160000000000000000e+03 8.857871099161459938e+01
6.170000000000000000e+03 8.929619680403405368e+01
6.180000000000000000e+03 8.864592392197062054e+01
6.190000000000000000e+03 8.844187089999388718e+01
6.200000000000000000e+03 8.838684343679867084e+01
6.210000000000000000e+03 8.864141974995030182e+01
6.220000000000000000e+03 8.819684960573366084e+01
6.230000000000000000e+03 8.888045054832184633e+01
6.240000000000000000e+03 8.809417786276267748e+01
6.250000000000000000e+03 8.776806947499272837e+01
6.260000000000000000e+03 8.728988507425970056e+01
6.270000000000000000e+03 8.722131563282911770e+01
6.280000000000000000e+03 8.677907170520865066e+01
6.290000000000000000e+03 8.677347115707095782e+01
6.300000000000000000e+03 8.663806527925564183e+01
6.310000000000000000e+03 8.692297962816545009e+01
6.320000000000000000e+03 8.793664172561042847e+01
6.330000000000000000e+03 8.780837566771896263e+01
6.340000000000000000e+03 8.835651412242216907e+01
6.350000000000000000e+03 8.937927701850290418e+01
6.360000000000000000e+03 8.922875261843134354e+01
6.370000000000000000e+03 8.946129432132906345e+01
6.380000000000000000e+03 8.912024639038818918e+01
6.390000000000000000e+03 8.826557564928185684e+01
6.400000000000000000e+03 8.905750270108481459e+01
6.410000000000000000e+03 8.837511860901710747e+01
6.420000000000000000e+03 8.713413853144808741e+01
6.430000000000000000e+03 8.708832521044558916e+01
6.440000000000000000e+03 8.727387814731679327e+01
6.450000000000000000e+03 8.735144187393677839e+01
6.460000000000000000e+03 8.673366970192211056e+01
6.470000000000000000e+03 8.725208155558325984e+01
6.480000000000000000e+03 8.748444658367148463e+01
6.490000000000000000e+03 8.824955400974621966e+01
6.500000000000000000e+03 8.979776521721865379e+01
6.510000000000000000e+03 8.956945678118097476e+01
6.520000000000000000e+03 8.916833724452214938e+01
6.530000000000000000e+03 8.856100038574348332e+01
6.540000000000000000e+03 8.840447884100109377e+01
6.550000000000000000e+03 8.831873486831105424e+01
6.560000000000000000e+03 8.920956766931041670e+01
6.570000000000000000e+03 8.961360677160305954e+01
6.580000000000000000e+03 8.913583038326606811e+01
6.590000000000000000e+03 8.957128291694337463e+01
6.600000000000000000e+03 8.911524526613945341e+01
6.610000000000000000e+03 8.845292225366523553e+01
6.620000000000000000e+03 8.854162644128368242e+01
6.630000000000000000e+03 8.873337022184168177e+01
6.640000000000000000e+03 8.930715811293521256e+01
6.650000000000000000e+03 8.859401030080962869e+01
6.660000000000000000e+03 8.861206386408989033e+01
6.670000000000000000e+03 8.874210067535446456e+01
6.680000000000000000e+03 8.906309262602684385e+01
6.690000000000000000e+03 8.908017825608729368e+01
6.700000000000000000e+03 8.938724596036550452e+01
6.710000000000000000e+03 9.006752499408170820e+01
6.720000000000000000e+03 9.037392429394719784e+01
6.730000000000000000e+03 9.123274843882001051e+01
6.740000000000000000e+03 9.152168916687580236e+01
6.750000000000000000e+03 9.150100753889756788e+01
6.760000000000000000e+03 9.162230808777471225e+01
6.770000000000000000e+03 9.156001663473409735e+01
6.780000000000000000e+03 9.125129483254099227e+01
6.790000000000000000e+03 9.055368119368850444e+01
6.800000000000000000e+03 9.082788912097760203e+01
6.810000000000000000e+03 9.112010650257005295e+01
6.820000000000000000e+03 9.085095067727641549e+01
6.830000000000000000e+03 9.123832799669401084e+01
6.840000000000000000e+03 9.016301259520150779e+01
6.850000000000000000e+03 8.939538273071977414e+01
6.860000000000000000e+03 8.998503265284361419e+01
6.870000000000000000e+03 9.001207666438710930e+01
6.880000000000000000e+03 8.979696330837214191e+01
6.890000000000000000e+03 9.054960894898448487e+01
6.900000000000000000e+03 9.052549963860226967e+01
6.910000000000000000e+03 9.047679737295737823e+01
6.920000000000000000e+03 9.002424842476236222e+01
6.930000000000000000e+03 9.040521448895103163e+01
6.940000000000000000e+03 9.102342049408281355e+01
6.950000000000000000e+03 9.082214036675091506e+01
6.960000000000000000e+03 9.049254584234711274e+01
6.970000000000000000e+03 9.099522391386247477e+01
6.980000000000000000e+03 9.143836240563405227e+01
6.990000000000000000e+03 9.170734716390447261e+01
7.000000000000000000e+03 9.091913555308892114e+01
7.010000000000000000e+03 9.164572702221300915e+01
7.020000000000000000e+03 9.179704450146905970e+01
7.030000000000000000e+03 9.155977273080119971e+01
7.040000000000000000e+03 9.138341536285955158e+01
7.050000000000000000e+03 8.978303752958638029e+01
7.060000000000000000e+03 8.886337101371501035e+01
7.070000000000000000e+03 8.938262669501031610e+01
7.080000000000000000e+03 9.011049094538685722e+01
7.090000000000000000e+03 9.032236934516501492e+01
7.100000000000000000e+03 8.992199221397902420e+01
7.110000000000000000e+03 9.057174554421396806e+01
7.120000000000000000e+03 9.021323285801986458e+01
7.130000000000000000e+03 9.040490585668715084e+01
7.140000000000000000e+03 8.944769694796164572e+01
7.150000000000000000e+03 8.997282380598826990e+01
7.160000000000000000e+03 9.060512151811511217e+01
