-729.063500185432
-728.304470396698
-730.862364884039
-731.587470044292
-732.366033800191
-757.685002531363
-754.30036986235
-753.808961583134
-755.552195943109
-756.4911513296
-770.061634238848
-766.142101868945
-764.288145038987
-766.955734475438
-765.908182072299
-779.193742354343
-777.026413715886
-776.044010537176
-776.100929437088
-776.418209016679
-793.819376092665
-789.96004845612
-792.263553418745
-791.044974944601
-792.994675001466
-807.679062592443
-803.192807113725
-803.265831875743
-804.250498999974
-788.61026746737
-802.812254991349
-799.429173829661
-798.499408432984
-798.335300766945
-797.969803773794
-812.147755960742
-809.73611366857
-808.260128419432
-808.307356636264
-807.888941186926
-822.355147962864
-820.649547696787
-806.53572362245
-808.023233432232
-807.092826374721
-820.890770116915
-819.387880185193
-819.343609491719
-820.114081213339
-819.710990949957
-836.880240133488
-832.384608348043
-833.470445825688
-832.998538003212
-834.594808178324
-847.369128443848
-843.910952009441
-843.991833477628
-844.115499793456
-846.995552236503
-864.035443022816
-861.487062283603
-860.368743546091
-861.864966491971
-862.203685642006
-877.153540841192
-874.123748970668
-874.193617047665
-874.671375118408
-874.325754707409
-889.846737241697
-886.375990480588
-886.540660334031
-872.2344094247
-872.817523408643
-886.280480354469
-884.581960797358
-884.368562400847
-884.880248807284
-883.5430412853
-901.989207527175
-898.52776891518
-898.744397424943
-889.558880628191
-890.434576230506
-903.69014272928
-899.795629808336
-899.086424462884
-901.362243343822
-903.14296004207
-918.432216289576
-915.986211819623
-915.102525351499
-915.959614364305
-915.577984689865
-931.650020603484
-927.017134739384
-926.846368048397
-926.268154655644
-926.292442891412
-940.287333607328
-937.220875082849
-929.209624449147
-929.190364729392
-929.406269432464
-946.080421889065
-942.585924674525
-935.143739257577
-935.986370376625
-934.855746168798
-946.097098800419
-943.693851144093
-943.090621620356
-944.797432450455
-942.578408474108
-959.280876600141
-958.059151994583
-925.606098208834
-920.122478567285
-896.562128582911
-905.032831624107
-903.315127083819
-902.530364683192
-903.481672088776
-876.89625889365
-892.082705974534
-890.166505876225
-890.732554595645
-884.506537825002
-866.158884264664
-885.536902088956
-883.421844914814
-882.587570597373
-882.021270309083
-882.852840637916
-897.528624080115
-893.27269660539
-895.095608499821
-891.340181383814
-892.267013135425
-906.580995289696
-904.897226251751
-893.90005778259
-895.550189238357
-889.083824150579
-906.332945697434
-904.16043456321
-904.085894597291
-903.583619505279
-903.342085342905
-919.43517621376
-916.012116383602
-915.980769404268
-916.721435590319
-917.34304013227
-931.633314136245
-929.577143366407
-928.103678824268
-927.727548938051
-912.537680448735
-931.499469270403
-928.927736563726
-930.026561671392
-928.056324091753
-929.041116335152
-944.617754106209
-940.493672471447
-940.517057156249
-940.609210767147
-940.638858649695
-954.952279850671
-951.843824473438
-948.706805674879
-934.949415119753
-934.487505081369
-948.993463313842
-947.255025094724
-945.210748842367
-945.610779433347
-945.889899513365
-962.757981780165
-958.863265076303
-958.693700726783
-958.528966283275
-959.50956081648
-973.451273770701
-969.786748585199
-970.228290816048
-951.278527085284
-950.028792241927
-966.53235588212
-962.38073700142
-962.237590251955
-962.285967366003
-963.596321341179
-977.845276669454
-976.040898528066
-958.234522784613
-957.655481444744
-957.656081964946
-973.186034775868
-969.36807443911
-970.152551305324
-969.63482648025
-971.402385722642
-985.025155093421
-981.587312180594
-981.092347678822
-977.977820771714
-978.815232422923
-994.406023496281
-991.272597158289
-990.719212762006
-986.677133459023
-977.981131493832
-994.422141692124
-989.473778761368
-989.908933053404
-991.304575993007
-990.567594118487
-1004.12949160135
-1002.75516628722
-1003.88285175054
-998.410196725521
-997.778050130046
-1015.30159772706
-1013.87397513898
-1014.8062631025
-1013.21025798723
-1014.39398698436
-1032.38960699379
-1027.87206930581
-1006.68227498306
-958.581631228505
-957.863233247569
-971.678591765692
-969.745827266941
-971.094176081001
-970.181133576984
-968.963918096644
-985.149150724774
-982.275875757674
-976.886081223156
-969.276469600328
-933.831301893279
-950.478703147999
-946.867502748332
-939.460901211734
-933.205943404031
-932.460839947915
-729.063500185431
-722.693537078593
-705.648176031906
-708.284000451538
-709.175264359896
-730.866836176898
-714.659959800673
-716.940951740775
-720.599701358884
-709.429922122906
-733.580574456509
-716.412006478081
-718.560505330023
-718.324379264969
-717.601984297303
-739.212261446663
-730.774875269284
-715.130583360623
-715.084378636873
-715.181885180335
-733.650510694381
-719.48873837709
-705.758140867639
-708.787467867533
-708.807777920754
-733.170038319262
-716.567173666393
-720.326835532128
-718.617572248346
-718.320112114584
-741.118125491935
-724.829665407809
-728.777543186455
-733.103459167481
-729.560198017174
-759.380900498493
-742.35296556232
-743.266855510331
-712.709176357126
-714.183511955882
-736.744875901824
-729.499551876292
-728.082348310914
-726.580481054202
-728.513465011434
-746.668235331999
-734.606289030774
-731.571105613451
-734.910398877611
-733.459624949759
-761.54788624993
-745.25949788733
-749.277291933695
-747.185380727431
-718.843112977448
-741.199391847846
-726.308987090999
-728.018257938124
-692.217856200713
-692.712261343116
-717.800491462569
-693.072218577186
-676.358286705556
-676.39201054388
-679.658734061537
-704.445674505945
-680.617571069523
-664.146798895861
-665.748036083172
-665.37773990117
-685.054003556659
-668.440843317582
-644.283274151408
-630.252775047041
-613.841418954603
-635.054513210979
-616.000601416368
-609.588097678498
-611.008164074568
-596.02751461777
-619.08755945663
-605.320585534572
-594.085322189726
-595.359818037714
-582.828985349878
-600.381350052056
-587.29299117692
-586.01790535946
-589.094369392565
-586.894794715213
-616.081776570714
-601.04414953048
-604.226760437563
-602.968979022812
-588.976957098517
-612.559252417091
-597.528594156438
-593.689438876134
-596.397298499505
-568.620440540818
-597.316361839417
-583.339000694561
-587.288483224258
-570.468087578124
-569.208103393626
-595.180380649059
-588.272916546891
-583.263018361438
-585.891919635507
-584.442333644989
-603.943633414528
-591.153817666519
-594.733697045689
-591.769452890107
-593.278013822512
-617.155878405008
-604.194137116968
-605.937460858247
-604.105858668105
-592.824137998157
-614.73293680815
-583.879223210627
-582.859931504726
-584.308123536089
-576.664409050262
-595.191316303604
-580.38545434813
-581.596987139651
-581.092187579608
-580.719852152813
-604.363115812464
-591.952399706492
-593.202491133733
-588.832826718097
-591.635095553996
-617.124158455518
-605.465966214174
-604.584580932812
-591.889716708635
-593.042768477562
-601.825563830076
-587.611354472765
-588.022411496983
-576.132008068318
-558.537400316467
-582.175301703347
-560.882640842431
-554.655280315747
-541.59925442886
-528.404906726647
-550.54583159863
-536.823403031541
-537.158686241068
-525.839682245724
-518.460127554233
-538.222691572903
-525.960927736171
-525.765987222554
-511.097810068866
-510.394519023427
-525.201756976848
-508.596332003995
-512.124387189623
-495.418912239945
-447.881215136558
-449.851332647422
-433.542995086329
-427.911987974075
-429.30836494169
-426.718108571055
-447.79228378357
-434.818484052803
-434.685877678437
-423.70195979056
-425.83440491726
-447.014480534307
-435.448269249923
-429.382481005316
-430.78222243028
-433.267793418443
-456.239133259501
-440.908547326439
-444.566371048819
-442.387369672188
-377.878283949016
-399.224024894623
-381.087659474043
-379.753529301802
-382.179807143353
-380.921296459945
-400.06335136601
-380.790441300662
-378.271049239457
-380.920803647701
-380.000866710164
-398.131171107497
-381.696098687189
-381.687449680262
-381.261338445505
-360.136121709255
-381.534992796207
-371.810185393289
-371.870420473273
-372.110484611666
-371.859439176159
-382.240289624261
-361.891470186205
-362.278344269692
-365.262336013332
-344.27192223323
-367.226686949678
-353.766076540712
-337.645532767213
-306.737011056795
-276.117591584064
-293.390328798011
-257.569467947488
-260.188113222549
-262.508779322537
-162.811211602828
-175.835786853567
-166.293555063561
-164.868055046275
-167.157796612864
-167.348069648295
-180.205682465765
-172.795908949061
-172.47533640435
-172.838154649799
-163.206538755325
-171.729586425807
-161.6966940697
-158.459891857512
-159.874032603901
-154.197003776967
-164.412906390086
-158.358116428122
-149.871087797214
-150.064657207781
-150.088666433152
-158.136568761166
-156.968809330827
-148.84426362111
-149.202173889929
-147.396545206776
-157.983205134943
-148.389017679984
-137.79911373049
-137.713005310796
-137.215691880471
-740.17600988221
-743.936117289736
-743.769372786677
-726.449179393726
-726.106838604278
-754.005562598276
-750.599977882161
-749.483829738801
-744.890114775545
-732.212636464408
-754.155360688784
-749.841056713132
-750.976682034197
-750.053497348305
-749.089210052677
-773.866221766445
-770.954450921975
-771.751372257616
-753.683911580731
-753.634535151423
-776.979406041679
-772.857470887614
-759.175464456965
-759.13823585222
-758.237816401556
-780.915014018629
-775.959903259447
-776.25773214252
-776.45130559264
-776.166377598624
-800.491896872953
-795.543951111203
-795.493922681368
-773.297670496053
-760.133109710127
-781.087359563438
-776.409608006375
-777.336268489461
-776.535813657075
-758.109713024614
-781.434549122047
-779.554521876693
-756.027478067662
-755.327926296422
-756.247612234796
-777.539259347154
-773.080270841424
-773.389236172909
-762.448692943793
-755.296006111788
-777.407258176753
-774.186796162731
-775.031098271339
-754.977451437358
-756.693121344435
-777.321566687557
-772.181959670145
-772.867136649633
-772.610402827116
-774.128637247004
-796.685128116037
-792.103473583937
-792.693839025138
-774.386864094362
-775.170338346261
-797.021528086219
-791.656174190015
-791.974748410047
-793.972392374169
-755.80669940456
-781.303419053031
-775.712798965363
-776.730186349745
-758.107496211848
-758.046300612568
-781.051816528442
-780.048742782964
-777.08120982312
-776.311962703182
-752.229572319235
-775.446542796671
-771.991319004852
-767.827920549946
-752.912032272936
-753.434551119731
-775.419073325591
-774.377726410684
-775.600952844339
-753.663990951661
-735.62079320123
-759.571885493624
-754.336426503798
-754.48743430165
-740.602611034575
-740.928115728504
-763.073168268211
-759.366933032185
-761.032566102462
-761.02689488013
-759.844009078531
-785.295706007754
-783.030471046089
-782.927856676869
-763.596258653475
-764.302081667182
-786.078944134445
-783.647224640746
-781.906607728282
-763.077948489937
-763.35824367343
-785.503159384639
-782.513233744764
-781.977788850418
-763.075111350666
-763.300335808366
-785.565261190485
-780.867626589353
-778.629668471836
-763.715239020737
-763.731256612035
-785.722010314461
-780.602271726342
-781.05934217332
-763.13495650957
-762.792325416451
-786.056575484777
-781.34592967809
-782.918858287579
-763.193117710636
-764.33433499512
-785.340495867519
-781.131221882525
-780.129300156136
-762.216147676625
-762.639135800879
-785.407006244369
-781.649687875263
-781.736758732963
-763.009768902385
-763.360134962347
-785.227639318483
-781.652447198911
-780.801116641559
-762.744257507391
-763.695230398308
-785.403943382881
-780.949644491121
-781.073384583634
-764.384927233765
-763.008262728616
-784.998709213441
-784.175674971606
-783.400127202191
-759.832610395931
-760.33585408536
-779.721777074834
-776.373976249225
-776.066734390946
-752.202021482081
-734.508976916444
-756.123595821794
-751.742708421917
-751.531088166246
-734.347753637019
-732.311147009855
-755.60206587725
-751.358262655277
-750.068667482434
-751.423892251401
-750.353440635331
-775.208190672617
-770.223453706769
-770.100054070206
-751.083980949211
-751.958816999317
-774.755402269075
-771.45673476158
-770.959370018113
-751.588867414572
-752.667911845785
-774.252679687012
-772.079994425423
-772.116250235356
-752.924882822281
-753.73976978728
-775.613874130591
-770.341857081624
-770.727585589986
-751.915420781501
-753.13969269872
-752.572948658748
-749.888799594298
-748.909821187761
-730.743220073856
-731.005596082047
-752.23224662317
-749.38241372349
-747.890308605355
-732.521901101431
-731.847173138194
-752.463535425479
-748.962965663235
-749.022307490306
-750.192630408418
-748.184533719136
-773.702751359432
-768.463360831794
-770.037215808224
-769.829082297724
-750.789857748978
-774.346925024543
-769.7034793349
-770.635525403461
-751.937401175762
-751.526506262761
-774.938644050799
-770.637890606669
-771.11432718264
-769.890080904789
-751.241895790582
-774.639034908059
-770.343990591678
-770.226207452156
-751.281231892702
-751.532137786577
-774.777449665214
-771.871879359469
-772.271913071325
-753.541080963127
-753.37894138865
-774.431130645433
-769.542172920138
-769.971983932625
-751.823381098171
-751.328701512122
-773.913741367236
-770.177183293379
-757.551646155511
-756.508961974292
-743.46147361644
-765.785770726549
-762.377445981665
-762.989844293006
-745.101314052489
-744.891856385443
-765.056795179589
-760.615135357782
-761.767108713418
-743.790538769882
-742.641530214704
-740.176009882209
-741.613980837053
-724.763399199265
-723.948102591141
-725.098657473851
-754.74941499486
-736.305688804054
-739.335243839769
-726.576015606656
-726.964427941584
-758.223299058059
-742.401694004226
-742.964778557078
-743.806001243488
-720.782209889287
-758.721029456908
-744.079395493404
-734.184056425113
-733.30389905459
-733.66689633064
-763.899345785878
-747.818958556723
-748.051812354059
-733.607836722763
-733.880048198425
-764.14463093594
-751.821602730503
-751.332489521753
-739.503382067868
-734.249715828191
-772.336660827144
-753.681596404409
-754.000410059706
-755.824819605291
-734.392799344674
-770.412612158019
-754.946061171467
-756.215677598476
-754.013030204988
-755.13709076059
-793.573275747924
-785.339945186681
-753.29633132565
-754.735224228067
-755.64829758194
-782.401131262318
-767.383581410002
-765.112932424016
-753.382073776007
-755.630823171499
-785.152072339235
-771.800840334221
-758.725925857049
-756.77981765281
-759.591325056329
-788.234956442233
-772.334660995998
-776.715817427262
-776.531481692902
-774.513755465671
-811.459449063969
-793.717247288735
-794.541387887961
-790.886696513141
-779.169953558049
-812.537641572558
-797.255070441381
-795.511268924579
-792.850462032603
-776.812789383138
-802.095296877762
-786.514722490207
-774.72819036764
-777.261216538979
-764.016381717526
-798.624362846518
-787.313583424995
-783.433201966642
-763.97644599631
-766.242063977126
-797.332884104766
-784.207279329075
-772.423818786876
-771.504515223938
-759.092576187977
-789.358188525674
-775.25402080527
-760.823713791164
-762.351629623698
-760.584983071002
-792.448857133522
-777.558034263064
-771.211400445671
-771.991168279379
-753.364853047952
-790.748590571966
-775.347243563222
-778.963992770274
-762.678869820323
-744.1408918764
-779.789260278998
-765.024831901343
-760.416029856155
-738.625211634103
-739.0756981143
-766.16435891873
-755.272174113137
-742.080775429354
-715.013926775256
-715.453081182698
-740.881221304003
-726.554508516901
-725.690426058908
-708.26834681092
-709.683532266473
-742.452600730414
-725.238345576185
-730.361419863118
-712.091502562152
-713.521860147473
-743.191216582641
-727.056872748938
-725.626195839396
-727.657846020923
-728.170407225784
-763.911998224811
-755.743195184966
-739.7577853419
-739.601404014309
-738.56978981572
-768.301108432938
-753.437277313642
-756.302524206428
-713.973102698412
-670.934618673348
-697.509752597488
-686.092463568363
-683.807256188644
-685.160500537746
-677.700763833057
-710.856350533666
-697.252755273392
-695.378260123202
-669.956964003584
-646.729619200842
-678.518959527262
-667.284809353165
-664.132327317339
-653.794820784161
-653.09037396941
-684.648084084185
-671.569389518295
-675.142776234002
-640.645339745301
-642.235632804142
-670.010626846382
-661.231216787095
-656.49993563958
-645.954612314123
-620.724028575188
-644.210776293978
-630.316814375735
-629.879976169976
-630.630432412129
-607.00033939792
-640.522060541957
-625.025758555052
-625.584737503856
-625.84779500465
-613.605945007278
-646.512131763547
-635.884281750053
-637.572194563709
-617.553190445843
-617.937753497616
-646.28677815942
-627.155991452474
-631.332698402352
-616.98953073903
-615.461793310741
-647.691254610516
-633.132649125728
-608.740468790549
-591.257690844958
-584.42688759274
-606.617175902941
-590.032897562598
-592.870115042592
-591.406093977699
-579.469077433029
-613.457583116349
-594.215729847436
-598.209949847548
-598.416102056774
-541.611933537604
-574.090375885743
-568.550899787303
-568.776631937916
-550.538450775428
-550.028320131964
-576.760590955835
-560.50051674574
-561.83344423762
-560.353219757836
-543.991388648261
-582.848662696548
-565.783317547263
-566.828589813341
-566.066458872306
-548.06279994911
-579.60536248936
-564.045033728345
-566.698174796584
-555.772986560358
-557.194898057963
-586.351416067605
-572.683968988816
-571.968808603468
-558.869446038832
-560.884853712723
-590.553777647444
-575.949675039299
-574.46361287246
-575.108427922428
-554.93021407534
-585.10433443124
-571.917656911778
-571.708309311163
-573.251368321936
-559.751586572356
-592.476562627034
-570.94305884796
-570.794083162093
-570.540079085681
-552.155495936022
-581.451509901389
-566.090710080156
-567.117139154486
-512.307668649953
-461.428925480142
-486.462330993105
-480.891173918844
-462.461974776691
-445.863141123831
-445.607876001576
-471.500979891083
-455.58567371113
-458.184320282485
-445.010740226998
-416.597224135551
-739.240908335186
-742.518175605901
-741.878208882101
-730.363842641522
-736.196106959559
-766.597228498842
-762.79203795159
-764.1321334372
-749.695691738991
-750.664896545003
-773.549349816418
-769.061567171642
-769.187860363336
-769.40886337316
-769.315361675923
-793.707914681176
-788.865185113146
-789.007138459327
-788.27358234078
-789.395366253072
-812.232024384494
-808.490806744852
-790.532210831726
-790.632296547293
-790.394653954215
-812.480628046916
-808.848783505925
-809.541090705275
-786.260102026
-786.284653067203
-807.36792304451
-803.953317000805
-803.650538526381
-803.729903763194
-804.13109139979
-828.12081701377
-823.850135358285
-790.361616692216
-790.234035117288
-790.132925028522
-810.81772059479
-808.124351604208
-798.646319784681
-798.750456557177
-798.798535938496
-821.114491926034
-817.483872093845
-817.61784440643
-800.098419251048
-799.998778791699
-821.305125677766
-817.189144432491
-800.044270104485
-799.883332061586
-800.088342147418
-822.31136014891
-819.344095094204
-818.910208323549
-797.789782615721
-797.663293478543
-818.602993153293
-813.461069378049
-814.122126334421
-795.793440574399
-796.36542699129
-819.368900477961
-814.84036579651
-815.609668606375
-813.984893242781
-815.417850829843
-838.017961649416
-833.510649285548
-821.339074053648
-820.493083628654
-820.49050691647
-846.275723066822
-845.780364526339
-823.338939525371
-822.578382546786
-822.727776660065
-841.908643296922
-837.397349355623
-819.924266039654
-820.495791615133
-819.855799472722
-841.89935161519
-837.104155967803
-837.370583642046
-815.537926721364
-816.748302682445
-837.517588009083
-832.529768639516
-833.136184488428
-833.512003099476
-833.439848029501
-856.612537579472
-850.734313189795
-852.112113394378
-834.212234258448
-833.976234784655
-856.685647224754
-854.152619388008
-836.548725016977
-836.228172860019
-837.56319952112
-856.769769172042
-853.075729550682
-836.167635624484
-836.53391950034
-835.883002339918
-856.911148583118
-853.201441037767
-835.798767255698
-836.72389958386
-821.654601836411
-844.10286685358
-839.211148424674
-837.67704561713
-838.446761137569
-839.132722924929
-862.721406444111
-858.971203540247
-858.891912973765
-858.792541795192
-858.812105048219
-882.467331397494
-877.843421232883
-861.056677278426
-862.259616541531
-862.412931146341
-883.661113618047
-878.483568221379
-880.185189424785
-871.589558743548
-871.075522941009
-895.253690794672
-891.63842664831
-885.500966109873
-873.721671172882
-873.829871415081
-895.718561391533
-891.243930093512
-891.720080246983
-868.325117206681
-868.389201509814
-890.49756437184
-886.736067778228
-886.030904031429
-886.229462856892
-864.339531148782
-886.787231476789
-885.471241894876
-878.193094588472
-878.84561602442
-878.227449732893
-900.247200480702
-895.643916053788
-896.857216606466
-873.380650901858
-872.539724597309
-894.260940917085
-891.652221963764
-890.326603675539
-889.970263928699
-891.314809021086
-914.86520196226
-909.721208170961
-893.505054986706
-893.281054395453
-894.039193912607
-914.922679974212
-911.454649823145
-893.442400791307
-893.457428070234
-893.243144283309
-915.667019512191
-910.854679374297
-911.556543477829
-889.235619650402
-889.693035289691
-912.439788429936
-907.103292576285
-907.855811635961
-907.927260054559
-906.986898739166
-930.757467956415
-927.992087750416
-896.431137708653
-896.882296209496
-896.10610350438
-916.883836885972
-912.833557286267
-908.317484762572
-890.291148984358
-891.777692913299
-912.177183269711
-909.855451911902
-892.444431487533
-893.074469966531
-892.983546257559
-913.597644559705
-909.671026991179
-910.660230619496
-910.38290607502
-909.699593167027
-933.792532228775
-927.972417971662
-929.926457816692
-930.651378127311
-908.721204842557
-933.114163073136
-929.450187155181
-912.311328764743
-911.864331894249
-911.95056990964
-933.070473214945
-930.156018461171
-907.763733466275
-908.400236686255
-906.626205519483
-928.304269796886
-925.080932760267
-925.276434453452
-902.993615254356
-903.25737798379
-924.8583648291
-919.979072822026
-920.661138841646
-920.531733876975
-898.8239577661
-922.754742171455
-920.922124976473
-892.976834575602
-893.171709838118
-892.593961809672
-917.409760609659
-913.100912432812
-895.060129537298
-862.341391324677
-838.186979997798
-860.525249242032
-858.325804711074
-857.468143677114
-841.228175714883
-841.555562836387
-860.634959480354
-857.091795593616
-840.387284348156
-840.057052667226
-840.33236170345
-739.240908335186
-739.039239694464
-734.453041826524
-717.833273165279
-717.527608095509
-749.14446911115
-737.043035264722
-733.757003292992
-733.557597590596
-732.283721460408
-760.268253476599
-742.706054730815
-737.849612867108
-738.013614740917
-738.756820531031
-772.490979786827
-754.875985539836
-755.306767341069
-743.861668983582
-740.739141272008
-775.003063415306
-766.71432087433
-744.923562898022
-726.404962118081
-723.529541826816
-749.512531858817
-736.256934749383
-734.891543673492
-735.311399254776
-727.543586592597
-762.484952229061
-748.037829113339
-746.238132183563
-746.525201513584
-746.324967236301
-781.918438688319
-764.601340589015
-759.891743713913
-740.765310058385
-736.981906021167
-772.909711232932
-759.922392476078
-753.090061327165
-752.650555305515
-715.170593422699
-746.652395178414
-731.839476562926
-730.331500429741
-729.634178327997
-731.969137734684
-763.923172801891
-747.46944541324
-742.510184906503
-734.676378789978
-736.473516537521
-765.052167214328
-755.830934171962
-748.123250451154
-732.865537321535
-732.570976453362
-760.828271276592
-742.2537032716
-744.726961090458
-744.431192248334
-747.050543998687
-780.542246510728
-764.622250261316
-765.731381789938
-766.341610782488
-768.491547252415
-799.599049563903
-785.053115216476
-784.104590771831
-783.123044955667
-776.040627978244
-813.479505332067
-799.504640634482
-798.462366302547
-800.765639410681
-801.661845597894
-834.44990171286
-819.481096679274
-822.325576370012
-817.792613407037
-816.357679782611
-851.458788930108
-839.015252009698
-837.369990649785
-837.029738574772
-830.188349326563
-863.20260188301
-846.738937012459
-848.484977320024
-845.88834027833
-842.468499853252
-877.808242873371
-860.27943461032
-859.493591394455
-860.329841228555
-849.137040005007
-851.043837724539
-834.407614524808
-823.962595998238
-770.695228454769
-755.115321292399
-783.132633075181
-767.262523999434
-749.941656918668
-742.45656351945
-729.182399753621
-742.260286017986
-728.735039858203
-728.687297234789
-725.172093995232
-727.826932606574
-761.996654797567
-742.956216537431
-743.061807636201
-744.256508379802
-745.624710609821
-779.15042286931
-763.111829131195
-764.510988737941
-765.126439253539
-757.350396394129
-792.502399400196
-777.588164394316
-777.776532155718
-770.830908262318
-768.867950460397
-803.333301172087
-790.166112824552
-788.433307888889
-782.810513700149
-784.779432279103
-816.644155552983
-802.006786651172
-800.901838167371
-802.480976923674
-773.283716047735
-806.740464152957
-790.112171175514
-789.985289621757
-791.033585756178
-791.489891539142
-827.411491224994
-812.956671050858
-816.623160367327
-798.054804201154
-800.211791338477
-833.056030404827
-819.480754623892
-807.282283463205
-806.94811710864
-808.264165809296
-835.570761477372
-819.175754584301
-819.297428895727
-777.79024491016
-776.9343623016
-805.15735527496
-788.704908981632
-790.692153236936
-792.427685516704
-778.576720646865
-815.607025610216
-798.294117067927
-798.131448920521
-800.031056711084
-800.497064325616
-833.643220309872
-820.229360818537
-819.142357284314
-802.302492756759
-798.645966293795
-836.159152727202
-818.800008541614
-820.071925214838
-821.122465443914
-820.755515585396
-856.248114046256
-843.358742042768
-844.793990958185
-824.667605690442
-796.462873674865
-827.789568003942
-814.38324070798
-806.219356031466
-785.756839772118
-786.220113857296
-815.407197123039
-799.770826242826
-786.12102718348
-769.607851822433
-767.562880035245
-797.710591932435
-782.39582712741
-770.893670700113
-770.893144435398
-753.598068142645
-782.376195191795
-764.494132691991
-738.697056239351
-730.400815831251
-729.979193369537
-758.516531378058
-742.320133964946
-743.046999273905
-741.728336419128
-742.298731190711
-776.409684809429
-762.156214716127
-753.119452550028
-755.033352579945
-756.495406037945
-789.067561392179
-773.778163340784
-774.469298005831
-704.776653668121
-708.874988779424
-737.912007413716
-723.863726314172
-722.383083690381
-719.850736354154
-717.722455825483
-753.719363058957
-738.306127208726
-728.808943262749
-719.864563809325
-721.215536628375
-757.32113611952
-742.084700080513
-742.082833272413
-742.910399923572
-743.741331644166
-778.700362285053
-763.58975694425
-758.455570328337
-733.993991979317
-735.736138809609
-773.68581350094
-761.593830202842
-754.656659762653
-727.690975086967
-726.833031803912
-755.63026294777
-740.903623832498
-730.913367261577
-725.442114720697
-712.911744602962
-739.590278817153
-742.133438463852
-743.498048837358
-744.76574967238
-730.419798288288
-760.32595720789
-756.768529837061
-756.551972422726
-738.657223883078
-738.346720541724
-760.20073662854
-756.193691020686
-755.948850112563
-754.799100566279
-756.114175006805
-764.051140427696
-761.395417412117
-760.728024011838
-752.411828978939
-753.891010394204
-776.144323803706
-771.736903480732
-766.854181601196
-755.318967652919
-755.013387091773
-779.17169326328
-774.91081216577
-777.225940379131
-775.974610664638
-775.67523306834
-801.868623171903
-796.776770477677
-796.841184313033
-796.512953349525
-779.526584376682
-801.980218602275
-797.939832023126
-797.079003848986
-798.087934626517
-797.717226912443
-819.858900173697
-816.813400340777
-802.840191317151
-781.092797927381
-781.15906652562
-802.02006719717
-798.628205308742
-797.195232304156
-797.566685674534
-775.751741754117
-797.826419130298
-794.578717494925
-793.791173252747
-767.645245169183
-766.698045437885
-790.757258578967
-786.278920503753
-786.287619225851
-787.082371195894
-786.912233044324
-811.953157015814
-806.154470178167
-807.260046315048
-808.275240593727
-807.193144224004
-831.837388836478
-828.889134853665
-829.232963390935
-805.422117384818
-805.86049762572
-827.672070107431
-823.345442217553
-825.088058265458
-824.166542779027
-824.671425005463
-850.101581418129
-844.732464606297
-845.14689554756
-845.514691504297
-822.899283620176
-844.755695635539
-842.668149755711
-823.389761971277
-824.74762215215
-823.053253129002
-846.794135109689
-840.361743762069
-841.472353278081
-841.672232068218
-841.109299138735
-863.963468911522
-860.154980878515
-860.55081516892
-860.397207295579
-862.549717859563
-858.829754261805
-854.283413729501
-836.81735678999
-836.141009220492
-837.562991511918
-858.466719139917
-854.24025323355
-853.081815393004
-854.036628900327
-853.26966601635
-877.677056143359
-872.91584743116
-872.760716129472
-856.670883581001
-835.427860944936
-863.100942777163
-858.184059873538
-858.933854074888
-859.499035670651
-859.913480253844
-855.911182257423
-853.24449528158
-852.837045507437
-852.190075950675
-853.269577525633
-877.6637508904
-872.69193324876
-873.259533663475
-855.425022433663
-855.71508836302
-878.148822122447
-876.552213206329
-864.840499222862
-858.368852778694
-857.700513029161
-877.725335211739
-874.868123511431
-873.847712878994
-856.772299426554
-859.335691427304
-884.597727122124
-882.565288112713
-864.955735441173
-864.868698358982
-865.000571419456
-885.068014167105
-880.809742377366
-881.8856020375
-869.316749886819
-844.905064889596
-868.044441892848
-863.402368913711
-865.044970496881
-858.664898643105
-859.800265311769
-884.389316874742
-880.678122271161
-863.709911515795
-862.828881218381
-863.666428787249
-884.402233566857
-880.631157839184
-869.312867093819
-868.812241538139
-867.412637628688
-888.48130563698
-884.777940691912
-866.230238604278
-866.735545207879
-866.702800950138
-888.549924471471
-885.808797965705
-885.478190782512
-884.707598215811
-884.864474993553
-908.838312742173
-905.321587172903
-899.836988815524
-887.474159260895
-869.641916002826
-893.345999857352
-889.936392972051
-887.574570275959
-871.663066574144
-849.009880065208
-872.14747761799
-867.859295917302
-868.911350579866
-854.482519657941
-843.726427722499
-867.792738865067
-864.435048827621
-863.866405545204
-863.702463305711
-864.521535025718
-888.64959617373
-886.405531022858
-868.68352717666
-869.305615144037
-868.638439615164
-889.123377403725
-885.030200189521
-863.177644140608
-862.874757581629
-862.460072782482
-879.30155285402
-874.145068677
-869.065996856368
-868.683832432155
-868.147313068454
-893.59019711211
-890.279318160107
-889.815411554453
-851.818828093269
-851.551206732285
-874.086379077631
-870.830054836072
-866.35085132187
-868.117824972075
-867.360622725319
-891.82435476127
-887.126596823632
-881.670041277105
-870.531216359289
-870.041310814913
-896.282627344723
-890.747364743331
-891.330133405915
-867.332009811682
-794.200202374732
-795.120060726322
-791.798156519866
-791.834181657685
-790.602641977556
-782.671673003692
-805.417413647007
-802.185573608723
-802.023155063873
-779.134923281119
-778.356586235535
-801.242798960817
-798.033155794726
-799.440753525749
-797.773367421066
-798.615254859818
-822.632702562132
-819.601346128303
-794.866297359824
-793.574501004579
-793.826516343079
-814.646286042416
-810.948915049436
-800.456379867989
-792.033019369313
-791.915083509021
-739.590278817153
-739.13408714391
-724.375569124144
-723.092876466357
-723.870847054721
-753.667560321268
-740.578421230423
-740.07646275681
-741.151931791906
-738.850722686124
-776.768811658332
-770.535534160386
-754.947799856885
-741.522920432732
-741.80681153953
-770.397656928475
-755.099124121145
-751.679213888199
-748.823561225507
-750.15646388453
-779.961981939002
-765.765737760439
-769.018070647171
-738.765745022128
-740.473631230996
-771.495572564375
-752.056907889027
-755.181809828904
-754.746137811451
-718.835828888026
-749.547486963854
-734.191679717261
-737.049648973807
-737.919854690863
-738.040613423262
-767.354123842465
-751.35776937298
-747.884137632422
-730.449862261833
-729.622403378685
-764.770238562623
-751.604739995398
-743.757679152958
-744.709819832138
-731.57189967229
-761.846872476127
-745.981854175447
-747.703728262989
-717.600803978909
-716.382846952801
-751.019164173854
-735.395428119657
-732.831260188306
-711.780288707411
-685.092386478067
-715.002087144436
-698.510379385382
-701.1254069124
-700.430741982655
-701.562800312449
-734.813243510596
-721.276207977525
-724.341975787325
-709.908510478684
-678.324003484899
-707.634735817723
-690.511486134371
-685.708325113509
-681.985588727864
-682.911892835433
-719.457013990968
-704.04155986262
-703.320574820383
-696.957991321728
-691.466752736493
-720.463545754793
-710.293461468075
-670.952738984365
-664.775458848028
-664.655574013171
-686.787005824186
-670.022278499881
-672.214415671585
-654.655214814408
-631.150029620498
-663.484479977307
-645.786045142408
-646.861944968856
-647.152793197552
-633.464331617858
-666.095778164483
-653.020740119199
-650.285915542094
-621.240899163474
-620.025919744811
-634.227276565036
-616.41217567029
-618.135612449545
-616.992915225847
-611.332600510827
-643.888765316132
-638.955542856956
-639.743930537888
-621.788121222506
-622.285442287368
-643.606181050706
-628.685953933289
-622.023361009023
-605.577636895347
-596.39033474608
-628.480762772776
-609.90055136244
-610.938767219493
-612.875755694432
-607.777057318672
-622.976665120194
-610.342286440174
-605.849883026739
-591.645485257597
-594.692589806509
-627.419907969285
-611.690907383512
-611.697366493362
-611.357425750007
-611.053794085983
-632.137024096465
-621.494038611875
-620.038112700616
-609.963115231376
-584.204009509873
-611.143093236127
-598.628456887017
-597.868575250154
-590.08609980502
-546.228834817877
-578.781998921434
-564.560589435307
-565.086934972343
-552.662781505689
-551.563604363118
-581.411520686883
-568.817653506247
-570.063300614375
-549.219612490735
-542.38608580794
-574.715482779102
-555.826833044344
-557.996634349877
-558.311470767396
-558.161387165482
-591.188515100356
-584.527233946532
-581.793456112766
-568.162051896414
-568.159939303045
-591.64301403664
-578.321364117435
-580.721060992177
-579.432230370569
-577.059986798514
-599.430616257529
-585.966743089481
-570.016972608039
-572.958582653516
-564.145056754393
-599.849420698855
-580.569864746645
-581.041596016914
-581.391120497928
-570.905746435049
-605.31029460098
-585.633980725107
-584.423721193308
-585.848506027113
-582.86076950457
-619.569238524026
-604.381806113135
-604.907355397895
-591.544420294271
-592.616315100648
-629.873386147098
-616.170975282488
-613.382047500788
-609.39992748354
-609.962533643635
-642.031843308716
-629.314086341768
-616.638869993042
-616.791482278226
-551.461026276883
-581.287556837299
-567.690936726393
-560.839317547001
-560.743853732164
-561.587148675719
-593.699353540068
-583.080806496377
-569.778748063971
-569.962988576354
-568.67372118207
-593.382386068711
-576.405336200599
-577.867653038793
-577.759960537646
-561.953005383125
-596.268482423471
-581.906964102051
-582.456276515857
-562.204213169594
-556.46454117628
-594.756583264971
-578.026082226656
-576.263788812797
-581.690079130252
-560.192525995603
-591.120292765507
-577.536986055141
-578.91830961398
-560.93755863016
-540.704566351747
-576.197350505293
-562.596699823512
-563.907171362081
-543.437619548402
-538.436968497458
-568.573200770131
-552.660722340524
-551.935087670426
-524.639762137864
-525.269154826662
-550.660577265803
-537.433215393603
-538.800867530181
-535.716378216313
-528.468886962321
-562.172714291415
-547.537731787665
-543.15561559155
-508.606644543475
-472.298954633484
-499.311733830875
-481.447863464695
-486.520125845021
-476.386351701841
-476.952135015164
-512.159265340129
-498.343991009408
-499.247772151037
-489.322838094232
-487.159635937024
