CF 10 1 0 -730.32478389 101
CF 10 1 1 -727.65936856 101
CF 10 1 2 -729.11453640 101
CF 10 1 3 -732.83834254 101
CF 10 1 4 -733.73200859 101
CF 10 2 0 -759.75147954 103
CF 10 2 1 -754.24667851 103
CF 10 2 2 -753.67122170 103
CF 10 2 3 -755.47899392 103
CF 10 2 4 -756.52817902 103
CF 10 3 0 -770.87600890 105
CF 10 3 1 -765.94321467 105
CF 10 3 2 -763.87056437 105
CF 10 3 3 -766.25275301 105
CF 10 3 4 -765.23479707 105
CF 10 4 0 -779.41908976 107
CF 10 4 1 -774.03436392 107
CF 10 4 2 -771.90699998 107
CF 10 4 3 -772.80994315 107
CF 10 4 4 -773.70003744 107
CF 10 5 0 -791.38840986 109
CF 10 5 1 -787.13674391 109
CF 10 5 2 -790.94960602 109
CF 10 5 3 -789.06313248 109
CF 10 5 4 -791.70250518 109
CF 10 6 0 -806.93997516 111
CF 10 6 1 -801.91213391 111
CF 10 6 2 -801.66777728 111
CF 10 6 3 -802.79734731 111
CF 10 6 4 -785.06934391 109
CF 10 7 0 -802.45558289 111
CF 10 7 1 -798.27361628 111
CF 10 7 2 -797.03900976 111
CF 10 7 3 -797.38304331 111
CF 10 7 4 -796.31343021 111
CF 10 8 0 -812.22682122 113
CF 10 8 1 -807.34388237 113
CF 10 8 2 -806.70829241 113
CF 10 8 3 -804.84860643 113
CF 10 8 4 -804.59731797 113
CF 10 9 0 -819.52599639 115
CF 10 9 1 -819.77669498 115
CF 10 9 2 -805.93575405 113
CF 10 9 3 -807.30096658 113
CF 10 9 4 -807.46238539 113
CF 10 10 0 -820.82483830 115
CF 10 10 1 -819.22010049 115
CF 10 10 2 -819.20148867 115
CF 10 10 3 -820.44635624 115
CF 10 10 4 -819.04181929 115
CF 10 11 0 -837.87278042 117
CF 10 11 1 -831.88909633 117
CF 10 11 2 -832.22736711 117
CF 10 11 3 -831.03690612 117
CF 10 11 4 -834.29906123 117
CF 10 12 0 -847.72308258 119
CF 10 12 1 -843.48424656 119
CF 10 12 2 -843.47715545 119
CF 10 12 3 -843.39246886 119
CF 10 12 4 -846.26382018 119
CF 10 13 0 -863.76887477 121
CF 10 13 1 -858.87792089 121
CF 10 13 2 -859.03896236 121
CF 10 13 3 -859.77874944 121
CF 10 13 4 -860.58407004 121
CF 10 14 0 -875.58961358 123
CF 10 14 1 -868.84874701 123
CF 10 14 2 -870.98663144 123
CF 10 14 3 -872.12589045 123
CF 10 14 4 -871.23516898 123
CF 10 15 0 -886.80830370 125
CF 10 15 1 -882.97306120 125
CF 10 15 2 -883.10251161 125
CF 10 15 3 -867.34695239 123
CF 10 15 4 -869.81164857 123
CF 10 16 0 -883.75383726 125
CF 10 16 1 -880.52750060 125
CF 10 16 2 -880.23464004 125
CF 10 16 3 -880.35105755 125
CF 10 16 4 -877.74108462 125
CF 10 17 0 -898.33575152 127
CF 10 17 1 -893.06102278 127
CF 10 17 2 -891.97225984 127
CF 10 17 3 -884.91831945 125
CF 10 17 4 -885.76022505 125
CF 10 18 0 -898.64829329 127
CF 10 18 1 -896.10508016 127
CF 10 18 2 -895.02260107 127
CF 10 18 3 -898.49616481 127
CF 10 18 4 -901.31232534 127
CF 10 19 0 -916.25153013 129
CF 10 19 1 -912.04849061 129
CF 10 19 2 -911.38816846 129
CF 10 19 3 -912.50844340 129
CF 10 19 4 -912.12438699 129
CF 10 20 0 -928.39354885 131
CF 10 20 1 -923.45922468 131
CF 10 20 2 -924.07091819 131
CF 10 20 3 -923.76437401 131
CF 10 20 4 -921.45660170 131
CF 10 21 0 -937.18559355 133
CF 10 21 1 -933.84458912 133
CF 10 21 2 -925.88658876 132
CF 10 21 3 -927.06283779 132
CF 10 21 4 -924.65094765 132
CF 10 22 0 -943.10861457 134
CF 10 22 1 -939.89179754 134
CF 10 22 2 -931.67253091 132
CF 10 22 3 -931.67466869 132
CF 10 22 4 -930.97050800 132
CF 10 23 0 -942.52497866 134
CF 10 23 1 -941.01539269 134
CF 10 23 2 -940.88687972 134
CF 10 23 3 -942.61141176 134
CF 10 23 4 -940.49906066 134
CF 10 24 0 -956.37058305 136
CF 10 24 1 -955.41870961 136
CF 10 24 2 -924.30383836 132
CF 10 24 3 -918.28071538 131
CF 10 24 4 -894.50870816 128
CF 10 25 0 -905.05372921 128
CF 10 25 1 -901.99505226 128
CF 10 25 2 -901.49742040 128
CF 10 25 3 -901.98338187 128
CF 10 25 4 -876.80795569 125
CF 10 26 0 -891.94834200 127
CF 10 26 1 -889.93838676 127
CF 10 26 2 -889.94543826 127
CF 10 26 3 -884.61331888 126
CF 10 26 4 -864.87367798 123
CF 10 27 0 -885.81230596 125
CF 10 27 1 -883.15165060 125
CF 10 27 2 -881.31874539 125
CF 10 27 3 -881.94718683 125
CF 10 27 4 -882.13337073 125
CF 10 28 0 -897.76093496 127
CF 10 28 1 -892.97803340 127
CF 10 28 2 -893.96836449 127
CF 10 28 3 -887.71630292 126
CF 10 28 4 -889.69965903 126
CF 10 29 0 -904.70556709 128
CF 10 29 1 -903.64270441 128
CF 10 29 2 -893.57866088 127
CF 10 29 3 -895.56960227 127
CF 10 29 4 -888.35236834 126
CF 10 30 0 -907.12354997 128
CF 10 30 1 -904.54802730 128
CF 10 30 2 -905.86716981 128
CF 10 30 3 -902.89421677 128
CF 10 30 4 -902.87473710 128
CF 10 31 0 -919.33623824 130
CF 10 31 1 -915.00203033 130
CF 10 31 2 -916.40425615 130
CF 10 31 3 -915.35789275 130
CF 10 31 4 -917.77764215 130
CF 10 32 0 -931.81764944 132
CF 10 32 1 -928.28854880 132
CF 10 32 2 -926.40727395 132
CF 10 32 3 -927.09462371 132
CF 10 32 4 -910.68909671 130
CF 10 33 0 -933.13655985 132
CF 10 33 1 -928.60900607 132
CF 10 33 2 -930.09756841 132
CF 10 33 3 -925.32348084 132
CF 10 33 4 -928.72729321 132
CF 10 34 0 -944.19987106 134
CF 10 34 1 -936.49822885 134
CF 10 34 2 -937.94131931 134
CF 10 34 3 -938.55977721 134
CF 10 34 4 -937.23449164 134
CF 10 35 0 -953.40307738 136
CF 10 35 1 -948.21331324 136
CF 10 35 2 -948.58689504 135
CF 10 35 3 -934.07816225 133
CF 10 35 4 -935.23348637 133
CF 10 36 0 -951.01833542 135
CF 10 36 1 -946.20750404 135
CF 10 36 2 -941.51385565 135
CF 10 36 3 -941.29210582 135
CF 10 36 4 -942.89668523 135
CF 10 37 0 -959.18533166 137
CF 10 37 1 -953.49866407 137
CF 10 37 2 -954.91489011 137
CF 10 37 3 -953.60828452 137
CF 10 37 4 -956.53453464 137
CF 10 38 0 -969.52808959 139
CF 10 38 1 -965.21554707 139
CF 10 38 2 -966.82900831 139
CF 10 38 3 -947.03151517 136
CF 10 38 4 -946.40490257 136
CF 10 39 0 -963.36484022 138
CF 10 39 1 -959.75346428 138
CF 10 39 2 -958.75407069 138
CF 10 39 3 -959.13815023 138
CF 10 39 4 -959.53959564 138
CF 10 40 0 -973.78074350 140
CF 10 40 1 -971.38819874 140
CF 10 40 2 -950.53462458 137
CF 10 40 3 -954.07633907 137
CF 10 40 4 -952.39540628 137
CF 10 41 0
CF 10 41 1 -962.36924969 139
CF 10 41 2 -965.77986692 139
CF 10 41 3 -966.19699997 139
CF 10 41 4 -968.00667453 139
CF 10 42 0
CF 10 42 1 -976.74945018 141
CF 10 42 2 -978.57679692 141
CF 10 42 3 -974.41927142 140
CF 10 42 4 -976.33292861 140
CF 10 43 0
CF 10 43 1 -986.97276766 142
CF 10 43 2 -986.62703444 142
CF 10 43 3 -984.67428276 141
CF 10 43 4 -974.85917921 140
CF 10 44 0
CF 10 44 1 -985.04772331 142
CF 10 44 2 -985.84707490 142
CF 10 44 3 -987.46206381 142
CF 10 44 4 -987.32759284 142
CF 10 45 0
CF 10 45 1
CF 10 45 2 -1000.37442549 144
CF 10 45 3 -994.93433019 143
CF 10 45 4 -994.68377735 143
CF 10 46 0
CF 10 46 1
CF 10 46 2 -1011.67299409 145
CF 10 46 3 -1007.41350686 145
CF 10 46 4 -1009.87531723 145
CF 10 47 0
CF 10 47 1
CF 10 47 2 -1003.71352869 144
CF 10 47 3 -955.39319174 137
CF 10 47 4 -956.59775227 137
CF 10 48 0
CF 10 48 1
CF 10 48 2 -966.25857395 139
CF 10 48 3 -966.18582452 139
CF 10 48 4 -965.13035437 139
CF 10 49 0
CF 10 49 1
CF 10 49 2
CF 10 49 3 -965.25668426 139
CF 10 49 4 -931.57216885 135
CF 10 50 0
CF 10 50 1
CF 10 50 2
CF 10 50 3
CF 10 50 4 -928.40734208 134
CF 30 1 0 -730.32985142 101
CF 30 1 1 -723.47010127 101
CF 30 1 2 -706.70305548 99
CF 30 1 3 -708.47787721 98
CF 30 1 4 -710.09023436 98
CF 30 2 0 -732.41456649 100
CF 30 2 1 -715.12965443 100
CF 30 2 2 -717.99282529 100
CF 30 2 3 -721.02737739 100
CF 30 2 4 -708.81175783 98
CF 30 3 0 -733.52886124 100
CF 30 3 1 -716.41653120 99
CF 30 3 2 -719.39347705 99
CF 30 3 3 -719.20666954 99
CF 30 3 4 -718.80852858 99
CF 30 4 0 -740.80666308 101
CF 30 4 1 -731.28909480 101
CF 30 4 2 -715.66473849 99
CF 30 4 3 -716.02103896 99
CF 30 4 4 -716.67162901 99
CF 30 5 0 -735.14208498 101
CF 30 5 1 -720.55215922 101
CF 30 5 2 -706.16068621 99
CF 30 5 3 -709.39694279 99
CF 30 5 4 -709.81820333 99
CF 30 6 0 -735.04257249 101
CF 30 6 1 -715.99294166 101
CF 30 6 2 -720.03511772 101
CF 30 6 3 -717.88295822 101
CF 30 6 4 -718.69600831 101
CF 30 7 0 -741.62469664 103
CF 30 7 1 -724.52403988 103
CF 30 7 2 -728.51184317 103
CF 30 7 3 -733.07008228 103
CF 30 7 4 -729.91449386 103
CF 30 8 0 -759.47194188 105
CF 30 8 1 -740.93459600 105
CF 30 8 2 -743.78832147 105
CF 30 8 3 -712.38704209 101
CF 30 8 4 -714.96977109 101
CF 30 9 0 -738.20497103 103
CF 30 9 1 -730.19017834 103
CF 30 9 2 -729.49261905 102
CF 30 9 3 -727.54466142 102
CF 30 9 4 -730.37140242 102
CF 30 10 0 -749.26233969 104
CF 30 10 1 -735.32533038 104
CF 30 10 2 -728.74617655 104
CF 30 10 3 -733.64660553 104
CF 30 10 4 -731.35584467 104
CF 30 11 0 -757.18280927 106
CF 30 11 1 -744.43260642 106
CF 30 11 2 -747.00699752 106
CF 30 11 3 -743.16351475 106
CF 30 11 4 -717.50138326 102
CF 30 12 0 -735.55906296 104
CF 30 12 1 -724.94324945 104
CF 30 12 2 -727.87130874 104
CF 30 12 3 -691.00573143 99
CF 30 12 4 -693.53623920 99
CF 30 13 0 -718.12388250 101
CF 30 13 1 -692.64664845 100
CF 30 13 2 -674.59806157 98
CF 30 13 3 -674.56583036 98
CF 30 13 4 -678.60685197 98
CF 30 14 0 -705.18539500 100
CF 30 14 1 -677.68022201 98
CF 30 14 2 -662.79009005 96
CF 30 14 3 -664.25356364 96
CF 30 14 4 -661.59362032 96
CF 30 15 0 -682.20511828 98
CF 30 15 1 -662.11817688 97
CF 30 15 2 -643.29576599 94
CF 30 15 3 -629.16478155 93
CF 30 15 4 -613.61843276 90
CF 30 16 0 -635.48972136 92
CF 30 16 1 -615.82595258 91
CF 30 16 2 -609.42462379 90
CF 30 16 3 -610.59800706 90
CF 30 16 4 -595.65592126 88
CF 30 17 0 -620.11029671 90
CF 30 17 1 -605.43135571 90
CF 30 17 2 -593.67046597 88
CF 30 17 3 -595.71426790 88
CF 30 17 4 -583.85565985 86
CF 30 18 0 -601.47736915 88
CF 30 18 1 -588.54070016 88
CF 30 18 2 -586.53260417 88
CF 30 18 3 -590.59828570 88
CF 30 18 4 -588.74415328 88
CF 30 19 0 -618.23199446 90
CF 30 19 1 -603.83129917 90
CF 30 19 2 -606.03722913 90
CF 30 19 3 -603.65397010 90
CF 30 19 4 -590.60677611 88
CF 30 20 0 -614.67425790 90
CF 30 20 1 -596.77016648 90
CF 30 20 2 -595.47863058 88
CF 30 20 3 -599.20744880 88
CF 30 20 4 -570.41194395 85
CF 30 21 0 -599.08295016 87
CF 30 21 1 -583.23837104 87
CF 30 21 2 -587.99347513 87
CF 30 21 3 -571.43023365 86
CF 30 21 4 -567.22393694 85
CF 30 22 0 -594.78524706 87
CF 30 22 1 -585.58025647 87
CF 30 22 2 -581.65386076 86
CF 30 22 3 -583.80141108 86
CF 30 22 4 -582.08084715 86
CF 30 23 0 -603.29461134 88
CF 30 23 1 -587.94742666 88
CF 30 23 2 -595.16795731 88
CF 30 23 3 -592.60590558 88
CF 30 23 4 -593.26631532 88
CF 30 24 0 -618.94451446 90
CF 30 24 1 -603.93958912 90
CF 30 24 2 -606.16516934 90
CF 30 24 3 -602.96175164 90
CF 30 24 4 -593.64252984 88
CF 30 25 0 -615.97527763 90
CF 30 25 1 -584.85351753 87
CF 30 25 2 -583.50815119 87
CF 30 25 3 -584.26735175 87
CF 30 25 4 -578.03112954 86
CF 30 26 0 -596.84737786 88
CF 30 26 1 -580.41143894 88
CF 30 26 2 -582.04324360 88
CF 30 26 3 -582.29784380 88
CF 30 26 4 -581.10951919 88
CF 30 27 0 -605.88281732 90
CF 30 27 1 -591.03481243 90
CF 30 27 2 -591.75352475 90
CF 30 27 3 -587.20504118 90
CF 30 27 4 -590.35030231 90
CF 30 28 0 -616.19471594 92
CF 30 28 1 -602.82861083 92
CF 30 28 2 -606.00262744 92
CF 30 28 3 -593.58716199 90
CF 30 28 4 -594.80240445 90
CF 30 29 0 -603.51494700 90
CF 30 29 1 -584.54733790 90
CF 30 29 2 -586.46215667 90
CF 30 29 3 -574.55764360 88
CF 30 29 4 -557.29614990 84
CF 30 30 0 -582.03873651 86
CF 30 30 1 -558.99192386 85
CF 30 30 2 -551.95520028 84
CF 30 30 3 -538.63114206 82
CF 30 30 4 -525.56826765 80
CF 30 31 0 -549.74329732 82
CF 30 31 1 -535.39477247 82
CF 30 31 2 -536.93861708 82
CF 30 31 3 -523.78602871 79
CF 30 31 4 -513.89325954 78
CF 30 32 0 -533.65987365 80
CF 30 32 1 -521.93770314 80
CF 30 32 2 -520.50418368 79
CF 30 32 3 -506.97094793 77
CF 30 32 4 -505.94278665 77
CF 30 33 0 -520.66755584 79
CF 30 33 1 -505.74973459 79
CF 30 33 2 -509.60027967 79
CF 30 33 3 -491.73037889 77
CF 30 33 4 -445.06770003 69
CF 30 34 0 -447.13621518 68
CF 30 34 1 -430.08777357 67
CF 30 34 2 -426.86884286 65
CF 30 34 3 -427.04839180 65
CF 30 34 4 -426.59594648 65
CF 30 35 0 -445.32209293 67
CF 30 35 1 -434.87229931 66
CF 30 35 2 -433.08656462 66
CF 30 35 3 -421.75032453 65
CF 30 35 4 -423.85350605 65
CF 30 36 0 -445.31036536 67
CF 30 36 1 -432.39814286 67
CF 30 36 2 -426.04149874 66
CF 30 36 3 -429.16123787 66
CF 30 36 4 -431.02852783 66
CF 30 37 0 -457.00812867 68
CF 30 37 1 -439.19123719 68
CF 30 37 2 -441.48428326 68
CF 30 37 3 -442.03423795 68
CF 30 37 4 -377.88144742 58
CF 30 38 0 -398.62524890 60
CF 30 38 1 -380.40545040 59
CF 30 38 2 -379.69388989 59
CF 30 38 3 -381.16190074 59
CF 30 38 4 -380.58596647 59
CF 30 39 0 -401.05796136 61
CF 30 39 1 -381.52211865 59
CF 30 39 2 -378.00538318 58
CF 30 39 3 -380.22139933 58
CF 30 39 4 -380.04524677 58
CF 30 40 0 -397.78950457 60
CF 30 40 1 -378.78826059 60
CF 30 40 2 -380.82710922 60
CF 30 40 3 -380.87285459 60
CF 30 40 4 -359.89685211 56
CF 30 41 0 -382.37084091 58
CF 30 41 1 -370.76989217 56
CF 30 41 2 -371.09258529 56
CF 30 41 3 -371.63882783 56
CF 30 41 4 -371.26964475 56
CF 30 42 0 -382.67677758 58
CF 30 42 1 -362.40295814 57
CF 30 42 2 -362.67986365 57
CF 30 42 3 -365.39806343 57
CF 30 42 4 -344.30185772 54
CF 30 43 0 -368.49835178 56
CF 30 43 1 -355.30758475 56
CF 30 43 2 -336.84916685 54
CF 30 43 3 -307.44408208 50
CF 30 43 4 -276.37706404 44
CF 30 44 0 -294.43775307 46
CF 30 44 1 -257.71533665 43
CF 30 44 2 -260.93014926 43
CF 30 44 3 -262.73651037 43
CF 30 44 4 -162.91520096 27
CF 30 45 0 -177.40186715 29
CF 30 45 1 -166.51027291 27
CF 30 45 2 -165.80229479 27
CF 30 45 3 -167.01251747 27
CF 30 45 4 -166.55273894 27
CF 30 46 0 -180.23037740 29
CF 30 46 1 -172.77721184 28
CF 30 46 2 -171.62534511 27
CF 30 46 3 -170.95587700 27
CF 30 46 4 -163.18603459 25
CF 30 47 0 -172.59567841 27
CF 30 47 1 -161.49433754 25
CF 30 47 2 -158.79600364 25
CF 30 47 3 -159.96265154 25
CF 30 47 4 -154.29844198 24
CF 30 48 0 -165.37529425 26
CF 30 48 1 -157.39940495 25
CF 30 48 2 -149.26017953 23
CF 30 48 3 -149.72142242 23
CF 30 48 4 -149.96782226 23
CF 30 49 0 -158.52555772 25
CF 30 49 1 -156.13819658 25
CF 30 49 2 -149.49099068 24
CF 30 49 3 -149.03082627 23
CF 30 49 4 -147.03860322 23
CF 30 50 0 -158.59793255 25
CF 30 50 1 -147.98175913 23
CF 30 50 2 -138.72766162 22
CF 30 50 3 -138.60662750 22
CF 30 50 4 -138.22064049 22
CF3 10 1 0 -741.16840831 103
CF3 10 1 1 -744.50950177 103
CF3 10 1 2 -744.48867363 103
CF3 10 1 3 -726.51584240 99
CF3 10 1 4 -726.54260813 99
CF3 10 2 0 -754.56305556 103
CF3 10 2 1 -751.59757664 103
CF3 10 2 2 -750.24516779 103
CF3 10 2 3 -745.23953751 102
CF3 10 2 4 -732.37020370 99
CF3 10 3 0 -755.19782786 103
CF3 10 3 1 -749.97879443 103
CF3 10 3 2 -751.19779076 103
CF3 10 3 3 -750.47014926 103
CF3 10 3 4 -749.87069274 103
CF3 10 4 0 -774.63871034 107
CF3 10 4 1 -771.24811418 107
CF3 10 4 2 -773.44968060 107
CF3 10 4 3 -754.85560230 103
CF3 10 4 4 -754.90489032 103
CF3 10 5 0 -778.86107511 107
CF3 10 5 1 -773.71204811 107
CF3 10 5 2 -759.92768743 105
CF3 10 5 3 -759.18583226 104
CF3 10 5 4 -758.05349884 104
CF3 10 6 0 -781.91389176 108
CF3 10 6 1 -775.93623594 108
CF3 10 6 2 -776.83848041 108
CF3 10 6 3 -776.72927982 108
CF3 10 6 4 -776.82641292 108
CF3 10 7 0 -801.88664006 112
CF3 10 7 1 -796.25150496 112
CF3 10 7 2 -796.32764860 112
CF3 10 7 3 -774.04658112 107
CF3 10 7 4 -760.12083715 104
CF3 10 8 0 -781.86420139 108
CF3 10 8 1 -777.33999723 108
CF3 10 8 2 -777.96624379 108
CF3 10 8 3 -777.79860259 108
CF3 10 8 4 -758.74441313 105
CF3 10 9 0 -782.19668727 108
CF3 10 9 1 -781.16594626 108
CF3 10 9 2 -757.81403882 104
CF3 10 9 3 -756.44974094 103
CF3 10 9 4 -757.62333221 103
CF3 10 10 0 -779.47401686 107
CF3 10 10 1 -774.39464055 107
CF3 10 10 2 -775.29236859 107
CF3 10 10 3 -764.90038895 105
CF3 10 10 4 -756.41970070 103
CF3 10 11 0 -779.35155034 107
CF3 10 11 1 -775.78500952 107
CF3 10 11 2 -776.80239238 107
CF3 10 11 3 -755.97885144 103
CF3 10 11 4 -758.04228937 103
CF3 10 12 0 -779.39334354 107
CF3 10 12 1 -773.89414089 107
CF3 10 12 2 -774.86272675 107
CF3 10 12 3 -774.31400922 107
CF3 10 12 4 -776.04203156 107
CF3 10 13 0 -798.97728467 111
CF3 10 13 1 -793.48620288 111
CF3 10 13 2 -794.80017453 111
CF3 10 13 3 -775.95304337 107
CF3 10 13 4 -776.76635469 107
CF3 10 14 0 -799.29412731 111
CF3 10 14 1 -792.31470601 111
CF3 10 14 2 -793.69198347 111
CF3 10 14 3 -794.36424158 111
CF3 10 14 4 -755.73626506 104
CF3 10 15 0 -780.80447931 108
CF3 10 15 1 -775.27564541 108
CF3 10 15 2 -776.95951177 108
CF3 10 15 3 -757.33183213 104
CF3 10 15 4 -758.26823967 104
CF3 10 16 0 -780.62359084 108
CF3 10 16 1 -779.11407777 108
CF3 10 16 2 -777.75563090 108
CF3 10 16 3 -777.42213548 108
CF3 10 16 4 -752.96294579 104
CF3 10 17 0 -776.84072217 108
CF3 10 17 1 -773.42649738 108
CF3 10 17 2 -769.52797848 107
CF3 10 17 3 -753.71715314 104
CF3 10 17 4 -754.35003797 104
CF3 10 18 0 -776.81370236 108
CF3 10 18 1 -776.23198314 108
CF3 10 18 2 -777.27607432 108
CF3 10 18 3 -755.51693268 104
CF3 10 18 4 -736.74804118 100
CF3 10 19 0 -761.35048622 104
CF3 10 19 1 -754.55472407 104
CF3 10 19 2 -755.31926926 104
CF3 10 19 3 -740.85901836 101
CF3 10 19 4 -741.86919387 101
CF3 10 20 0 -764.20652796 105
CF3 10 20 1 -760.10272933 105
CF3 10 20 2 -762.94570150 105
CF3 10 20 3 -762.81218363 105
CF3 10 20 4 -761.52029618 105
CF3 10 21 0 -787.83398004 109
CF3 10 21 1 -785.04153018 109
CF3 10 21 2 -785.54521598 109
CF3 10 21 3 -764.92220686 105
CF3 10 21 4 -766.19345867 105
CF3 10 22 0 -788.64716006 109
CF3 10 22 1 -785.89464456 109
CF3 10 22 2 -784.26454311 109
CF3 10 22 3 -764.87156755 105
CF3 10 22 4 -764.99374036 105
CF3 10 23 0 -788.01135629 109
CF3 10 23 1 -784.57182399 109
CF3 10 23 2 -784.46448735 109
CF3 10 23 3 -764.87929028 105
CF3 10 23 4 -765.39959525 105
CF3 10 24 0 -787.75051530 109
CF3 10 24 1 -782.84167938 109
CF3 10 24 2 -781.19079384 108
CF3 10 24 3 -765.29564219 105
CF3 10 24 4 -765.64859309 105
CF3 10 25 0 -788.26908513 109
CF3 10 25 1 -782.89667599 109
CF3 10 25 2 -783.65403963 109
CF3 10 25 3 -764.73421629 105
CF3 10 25 4 -764.82243846 105
CF3 10 26 0 -788.63270930 109
CF3 10 26 1 -783.58133209 109
CF3 10 26 2 -785.09606533 109
CF3 10 26 3 -765.80805668 106
CF3 10 26 4 -766.30301348 105
CF3 10 27 0 -788.04942291 109
CF3 10 27 1 -783.70667293 109
CF3 10 27 2 -782.85687922 109
CF3 10 27 3 -764.07870182 105
CF3 10 27 4 -764.78623281 105
CF3 10 28 0 -787.92659713 109
CF3 10 28 1 -783.76168966 109
CF3 10 28 2 -784.37729932 109
CF3 10 28 3 -765.02472151 105
CF3 10 28 4 -764.95138758 105
CF3 10 29 0 -788.07254769 109
CF3 10 29 1 -783.67773577 109
CF3 10 29 2 -783.04180776 109
CF3 10 29 3 -764.20854160 105
CF3 10 29 4 -765.58900354 105
CF3 10 30 0 -787.94239643 109
CF3 10 30 1 -783.08726574 109
CF3 10 30 2 -783.73518864 109
CF3 10 30 3 -765.97428341 105
CF3 10 30 4 -765.03247474 105
CF3 10 31 0 -787.45329261 109
CF3 10 31 1 -785.51082674 109
CF3 10 31 2 -785.31845707 109
CF3 10 31 3 -760.71852838 104
CF3 10 31 4 -761.11107207 104
CF3 10 32 0 -781.30520106 108
CF3 10 32 1 -777.38448850 108
CF3 10 32 2 -777.58744964 108
CF3 10 32 3 -753.26198575 103
CF3 10 32 4 -735.62540184 100
CF3 10 33 0 -757.85994577 104
CF3 10 33 1 -752.78818997 104
CF3 10 33 2 -752.94956166 104
CF3 10 33 3 -735.63594129 100
CF3 10 33 4 -733.29983481 100
CF3 10 34 0 -757.34876532 104
CF3 10 34 1 -752.76802148 104
CF3 10 34 2 -751.65763328 104
CF3 10 34 3 -752.84892155 104
CF3 10 34 4 -751.88883203 104
CF3 10 35 0 -777.26972559 108
CF3 10 35 1 -772.20012029 108
CF3 10 35 2 -772.49254069 108
CF3 10 35 3 -752.63880116 104
CF3 10 35 4 -753.23023255 104
CF3 10 36 0 -777.13868516 108
CF3 10 36 1 -773.38490166 108
CF3 10 36 2 -773.07968711 108
CF3 10 36 3 -753.21005620 104
CF3 10 36 4 -754.16365656 104
CF3 10 37 0 -776.76345363 108
CF3 10 37 1 -774.07344933 108
CF3 10 37 2 -774.01689135 108
CF3 10 37 3 -755.28503329 105
CF3 10 37 4 -755.50106407 104
CF3 10 38 0 -778.47019725 108
CF3 10 38 1 -771.40537636 108
CF3 10 38 2 -772.22885838 108
CF3 10 38 3 -751.98355248 104
CF3 10 38 4 -754.72031567 104
CF3 10 39 0 -754.65892316 104
CF3 10 39 1 -751.80612470 104
CF3 10 39 2 -750.94634054 104
CF3 10 39 3 -732.22652697 100
CF3 10 39 4 -732.35753611 100
CF3 10 40 0 -754.22147073 104
CF3 10 40 1 -750.87792453 104
CF3 10 40 2 -749.66612633 104
CF3 10 40 3 -734.14934444 100
CF3 10 40 4 -733.41951725 100
CF3 10 41 0 -754.84416501 104
CF3 10 41 1 -750.16302669 104
CF3 10 41 2 -750.86953110 104
CF3 10 41 3 -752.60288206 104
CF3 10 41 4 -750.14231501 104
CF3 10 42 0 -776.45053296 108
CF3 10 42 1 -770.82298715 108
CF3 10 42 2 -772.46456024 108
CF3 10 42 3 -772.80509001 108
CF3 10 42 4 -752.99065428 104
CF3 10 43 0 -777.07525143 108
CF3 10 43 1 -771.78829622 108
CF3 10 43 2 -773.32869082 108
CF3 10 43 3 -753.99859363 104
CF3 10 43 4 -753.83019985 104
CF3 10 44 0 -777.62738053 108
CF3 10 44 1 -773.00699796 108
CF3 10 44 2 -773.80320448 108
CF3 10 44 3 -772.58734074 108
CF3 10 44 4 -753.51285036 104
CF3 10 45 0 -777.59390238 108
CF3 10 45 1 -772.79295329 108
CF3 10 45 2 -772.95680654 108
CF3 10 45 3 -753.43076565 104
CF3 10 45 4 -753.83169330 104
CF3 10 46 0 -777.59525774 108
CF3 10 46 1 -774.31190641 108
CF3 10 46 2 -775.17941732 108
CF3 10 46 3 -755.35867875 104
CF3 10 46 4 -755.55866696 104
CF3 10 47 0 -777.34331092 108
CF3 10 47 1 -771.97562624 108
CF3 10 47 2 -772.48770280 108
CF3 10 47 3 -755.09636752 105
CF3 10 47 4 -753.31669262 104
CF3 10 48 0 -776.76473346 108
CF3 10 48 1 -771.80140031 108
CF3 10 48 2 -759.18038827 105
CF3 10 48 3 -758.13453813 105
CF3 10 48 4 -744.62008085 102
CF3 10 49 0 -767.77827081 106
CF3 10 49 1 -764.03987871 106
CF3 10 49 2 -764.86365004 106
CF3 10 49 3 -746.22901422 102
CF3 10 49 4 -746.11718981 102
CF3 10 50 0 -766.78850158 106
CF3 10 50 1 -762.17639393 106
CF3 10 50 2 -763.80570828 106
CF3 10 50 3 -745.73395007 103
CF3 10 50 4 -743.58782057 102
CF3 30 1 0 -741.17081597 103
CF3 30 1 1 -742.81825231 103
CF3 30 1 2 -725.52403636 100
CF3 30 1 3 -723.84760414 99
CF3 30 1 4 -725.21267212 99
CF3 30 2 0 -755.56524244 103
CF3 30 2 1 -736.29700444 103
CF3 30 2 2 -738.57782662 103
CF3 30 2 3 -726.11323162 100
CF3 30 2 4 -726.36674725 100
CF3 30 3 0 -758.45382487 104
CF3 30 3 1 -742.52679813 104
CF3 30 3 2 -743.65099040 104
CF3 30 3 3 -744.30609970 104
CF3 30 3 4 -720.52844456 100
CF3 30 4 0 -759.57393181 104
CF3 30 4 1 -744.94788608 104
CF3 30 4 2 -732.78345259 101
CF3 30 4 3 -732.22786277 101
CF3 30 4 4 -732.97284915 101
CF3 30 5 0 -763.85021155 105
CF3 30 5 1 -746.57935580 105
CF3 30 5 2 -748.41579009 105
CF3 30 5 3 -732.42299181 102
CF3 30 5 4 -733.86988508 102
CF3 30 6 0 -763.30634362 106
CF3 30 6 1 -751.04197724 106
CF3 30 6 2 -750.24928222 106
CF3 30 6 3 -737.52526592 104
CF3 30 6 4 -733.50273820 104
CF3 30 7 0 -772.34359763 108
CF3 30 7 1 -752.77988075 108
CF3 30 7 2 -753.36708937 108
CF3 30 7 3 -754.63203449 108
CF3 30 7 4 -733.07702232 104
CF3 30 8 0 -770.51191001 108
CF3 30 8 1 -751.88791940 108
CF3 30 8 2 -754.08793654 108
CF3 30 8 3 -751.96153793 108
CF3 30 8 4 -752.60650686 108
CF3 30 9 0 -791.77034929 112
CF3 30 9 1 -782.96561374 112
CF3 30 9 2 -751.28439479 107
CF3 30 9 3 -752.41900690 107
CF3 30 9 4 -752.45054809 107
CF3 30 10 0 -779.86481754 111
CF3 30 10 1 -764.64698446 111
CF3 30 10 2 -762.18440205 111
CF3 30 10 3 -750.29766918 108
CF3 30 10 4 -753.16736070 108
CF3 30 11 0 -782.18709975 112
CF3 30 11 1 -770.26753810 112
CF3 30 11 2 -756.41947907 110
CF3 30 11 3 -752.63108343 109
CF3 30 11 4 -756.24802713 109
CF3 30 12 0 -784.48536506 113
CF3 30 12 1 -767.34368328 113
CF3 30 12 2 -775.97555138 113
CF3 30 12 3 -773.87533936 113
CF3 30 12 4 -771.33572999 113
CF3 30 13 0 -809.90605214 117
CF3 30 13 1 -791.20648709 117
CF3 30 13 2 -790.55731454 117
CF3 30 13 3 -787.88862752 116
CF3 30 13 4 -776.91943833 114
CF3 30 14 0 -810.06253206 118
CF3 30 14 1 -792.57760979 118
CF3 30 14 2 -790.86700930 118
CF3 30 14 3 -792.84591762 117
CF3 30 14 4 -776.64731608 113
CF3 30 15 0 -802.80351927 116
CF3 30 15 1 -786.24568552 116
CF3 30 15 2 -773.55052295 114
CF3 30 15 3 -775.59537643 114
CF3 30 15 4 -762.57454761 111
CF3 30 16 0 -798.58347705 115
CF3 30 16 1 -786.82872931 115
CF3 30 16 2 -783.37332139 115
CF3 30 16 3 -764.23471410 111
CF3 30 16 4 -765.66814580 111
CF3 30 17 0 -797.52423920 115
CF3 30 17 1 -784.37029267 115
CF3 30 17 2 -772.11456900 112
CF3 30 17 3 -770.95670533 112
CF3 30 17 4 -758.86662273 110
CF3 30 18 0 -789.87765419 114
CF3 30 18 1 -773.70233057 114
CF3 30 18 2 -760.34553821 111
CF3 30 18 3 -761.62345110 111
CF3 30 18 4 -759.63018886 111
CF3 30 19 0 -791.69206402 115
CF3 30 19 1 -774.83662309 115
CF3 30 19 2 -768.57759438 114
CF3 30 19 3 -772.28538951 114
CF3 30 19 4 -752.95526679 111
CF3 30 20 0 -791.10007968 115
CF3 30 20 1 -774.36241264 115
CF3 30 20 2 -779.74534452 115
CF3 30 20 3 -761.56981701 112
CF3 30 20 4 -743.04342874 109
CF3 30 21 0 -780.87571030 113
CF3 30 21 1 -765.24641684 113
CF3 30 21 2 -759.83166585 111
CF3 30 21 3 -738.32736927 107
CF3 30 21 4 -738.78607333 107
CF3 30 22 0 -767.03316622 111
CF3 30 22 1 -754.41239762 111
CF3 30 22 2 -741.41162278 108
CF3 30 22 3 -714.98771655 103
CF3 30 22 4 -716.02846814 103
CF3 30 23 0 -741.64470431 107
CF3 30 23 1 -725.72850531 107
CF3 30 23 2 -726.30153433 107
CF3 30 23 3 -708.47179491 104
CF3 30 23 4 -709.88614336 104
CF3 30 24 0 -743.21088267 108
CF3 30 24 1 -725.70413710 108
CF3 30 24 2 -731.03625912 108
CF3 30 24 3 -712.35770337 104
CF3 30 24 4 -712.91226886 104
CF3 30 25 0 -743.75063574 108
CF3 30 25 1 -724.76351558 108
CF3 30 25 2 -723.99830733 108
CF3 30 25 3 -727.17776884 108
CF3 30 25 4 -727.68706206 108
CF3 30 26 0 -763.83117912 112
CF3 30 26 1 -753.65789416 112
CF3 30 26 2 -737.72444609 110
CF3 30 26 3 -737.33848941 109
CF3 30 26 4 -737.39273570 109
CF3 30 27 0 -767.45838101 113
CF3 30 27 1 -753.01570308 113
CF3 30 27 2 -756.40699628 113
CF3 30 27 3 -713.40034223 106
CF3 30 27 4 -671.71178723 100
CF3 30 28 0 -697.59918327 103
CF3 30 28 1 -684.89990151 103
CF3 30 28 2 -682.00768672 103
CF3 30 28 3 -684.77180604 103
CF3 30 28 4 -676.88864133 101
CF3 30 29 0 -710.38312563 105
CF3 30 29 1 -696.33008157 105
CF3 30 29 2 -694.54839321 105
CF3 30 29 3 -669.67346054 100
CF3 30 29 4 -646.70578409 95
CF3 30 30 0 -678.46908372 99
CF3 30 30 1 -666.92625372 99
CF3 30 30 2 -664.68719123 99
CF3 30 30 3 -652.70718464 96
CF3 30 30 4 -652.78948712 96
CF3 30 31 0 -684.40962122 100
CF3 30 31 1 -669.10837070 100
CF3 30 31 2 -674.39507801 100
CF3 30 31 3 -639.64860642 94
CF3 30 31 4 -642.34773688 94
CF3 30 32 0 -670.44283159 98
CF3 30 32 1 -659.96405901 98
CF3 30 32 2 -656.05825857 97
CF3 30 32 3 -646.78957413 96
CF3 30 32 4 -620.49605197 90
CF3 30 33 0 -644.70429444 94
CF3 30 33 1 -629.35458326 94
CF3 30 33 2 -629.53949225 94
CF3 30 33 3 -630.29263723 94
CF3 30 33 4 -605.65769635 89
CF3 30 34 0 -638.35536923 93
CF3 30 34 1 -621.52174766 93
CF3 30 34 2 -622.21444045 93
CF3 30 34 3 -623.21592853 93
CF3 30 34 4 -611.21070579 91
CF3 30 35 0 -643.75808910 95
CF3 30 35 1 -633.40212474 95
CF3 30 35 2 -635.89021110 95
CF3 30 35 3 -614.58336128 91
CF3 30 35 4 -615.15307674 91
CF3 30 36 0 -643.82173652 95
CF3 30 36 1 -626.13837312 95
CF3 30 36 2 -629.40155302 95
CF3 30 36 3 -613.78663850 92
CF3 30 36 4 -611.88708619 92
CF3 30 37 0 -644.65079105 96
CF3 30 37 1 -631.28123350 96
CF3 30 37 2 -606.05092797 91
CF3 30 37 3 -587.62369042 87
CF3 30 37 4 -581.72946042 86
CF3 30 38 0 -604.62301649 89
CF3 30 38 1 -589.80552190 89
CF3 30 38 2 -591.66152878 89
CF3 30 38 3 -589.76142464 89
CF3 30 38 4 -578.01998766 86
CF3 30 39 0 -611.48034510 90
CF3 30 39 1 -591.22396837 90
CF3 30 39 2 -596.12627140 90
CF3 30 39 3 -595.65775392 90
CF3 30 39 4 -542.01936331 80
CF3 30 40 0 -572.75876701 84
CF3 30 40 1 -567.39645896 84
CF3 30 40 2 -567.86711791 84
CF3 30 40 3 -549.37645700 81
CF3 30 40 4 -548.58133626 81
CF3 30 41 0 -574.55466649 85
CF3 30 41 1 -559.09126662 85
CF3 30 41 2 -558.80457778 84
CF3 30 41 3 -553.17140597 84
CF3 30 41 4 -544.28025079 81
CF3 30 42 0 -583.72035201 85
CF3 30 42 1 -565.77488321 85
CF3 30 42 2 -566.67993743 85
CF3 30 42 3 -566.70037254 85
CF3 30 42 4 -548.00343923 81
CF3 30 43 0 -579.95937136 85
CF3 30 43 1 -563.09058965 85
CF3 30 43 2 -565.33613470 85
CF3 30 43 3 -555.63252304 82
CF3 30 43 4 -556.22946895 82
CF3 30 44 0 -586.34601828 86
CF3 30 44 1 -572.06005785 86
CF3 30 44 2 -570.89770331 86
CF3 30 44 3 -558.16714262 83
CF3 30 44 4 -559.41307852 83
CF3 30 45 0 -589.26324525 87
CF3 30 45 1 -574.30695412 87
CF3 30 45 2 -574.34504493 87
CF3 30 45 3 -574.66363222 87
CF3 30 45 4 -554.12780506 83
CF3 30 46 0 -584.90851204 87
CF3 30 46 1 -571.18955477 87
CF3 30 46 2 -571.26898011 87
CF3 30 46 3 -572.50463050 87
CF3 30 46 4 -558.94980075 84
CF3 30 47 0 -591.26436326 88
CF3 30 47 1 -569.57361898 86
CF3 30 47 2 -569.25746116 86
CF3 30 47 3 -568.08679541 86
CF3 30 47 4 -550.12641033 84
CF3 30 48 0 -581.33866744 87
CF3 30 48 1 -565.05292287 87
CF3 30 48 2 -566.79152421 87
CF3 30 48 3 -512.69288257 78
CF3 30 48 4 -460.84403135 69
CF3 30 49 0 -484.86129640 73
CF3 30 49 1 -477.59517661 73
CF3 30 49 2 -462.17843743 71
CF3 30 49 3 -444.58911945 67
CF3 30 49 4 -444.70479220 67
CF3 30 50 0 -471.61835214 71
CF3 30 50 1 -454.01455105 71
CF3 30 50 2 -457.70497527 71
CF3 30 50 3 -444.04087582 68
CF3 30 50 4 -416.51637506 63
CH2F 10 1 0 -740.39220162 103
CH2F 10 1 1 -743.45850046 103
CH2F 10 1 2 -742.78525684 103
CH2F 10 1 3 -730.52931001 101
CH2F 10 1 4 -734.90912926 101
CH2F 10 2 0 -765.78066287 105
CH2F 10 2 1 -762.35117976 105
CH2F 10 2 2 -765.96351378 105
CH2F 10 2 3 -751.49660931 103
CH2F 10 2 4 -752.44848271 103
CH2F 10 3 0 -776.29362156 107
CH2F 10 3 1 -769.88475740 107
CH2F 10 3 2 -770.81415868 107
CH2F 10 3 3 -770.87018306 107
CH2F 10 3 4 -770.52672592 107
CH2F 10 4 0 -795.39562514 111
CH2F 10 4 1 -788.86239769 111
CH2F 10 4 2 -790.07652033 111
CH2F 10 4 3 -788.60942421 111
CH2F 10 4 4 -789.32881306 111
CH2F 10 5 0 -813.24087269 115
CH2F 10 5 1 -810.38298663 115
CH2F 10 5 2 -790.42704749 111
CH2F 10 5 3 -791.12086180 111
CH2F 10 5 4 -790.47928862 111
CH2F 10 6 0 -813.14832607 115
CH2F 10 6 1 -809.10188851 115
CH2F 10 6 2 -809.87121740 115
CH2F 10 6 3 -786.20268526 110
CH2F 10 6 4 -785.68011681 110
CH2F 10 7 0 -807.70847280 114
CH2F 10 7 1 -802.66091569 114
CH2F 10 7 2 -803.14607234 114
CH2F 10 7 3 -803.14269779 114
CH2F 10 7 4 -804.75999344 114
CH2F 10 8 0 -828.47742489 118
CH2F 10 8 1 -825.32767750 118
CH2F 10 8 2 -790.97909574 111
CH2F 10 8 3 -791.15862824 111
CH2F 10 8 4 -791.35052664 111
CH2F 10 9 0 -812.48033730 115
CH2F 10 9 1 -809.70484666 115
CH2F 10 9 2 -798.28801304 113
CH2F 10 9 3 -798.87048467 113
CH2F 10 9 4 -799.25587541 113
CH2F 10 10 0 -822.71247887 117
CH2F 10 10 1 -818.37758543 117
CH2F 10 10 2 -819.29712934 117
CH2F 10 10 3 -800.14275486 113
CH2F 10 10 4 -800.59923069 113
CH2F 10 11 0 -821.96312124 117
CH2F 10 11 1 -818.40616266 117
CH2F 10 11 2 -800.66964278 113
CH2F 10 11 3 -800.13079079 113
CH2F 10 11 4 -800.91990996 113
CH2F 10 12 0 -823.19906554 117
CH2F 10 12 1 -820.39547614 117
CH2F 10 12 2 -820.18513506 117
CH2F 10 12 3 -799.04762410 113
CH2F 10 12 4 -798.71653208 113
CH2F 10 13 0 -820.36809682 117
CH2F 10 13 1 -815.50435608 117
CH2F 10 13 2 -816.83889185 117
CH2F 10 13 3 -797.52522844 113
CH2F 10 13 4 -797.91205520 113
CH2F 10 14 0 -821.69998649 117
CH2F 10 14 1 -816.33872698 117
CH2F 10 14 2 -816.91836380 117
CH2F 10 14 3 -814.23782154 117
CH2F 10 14 4 -816.08363574 117
CH2F 10 15 0 -839.17560899 121
CH2F 10 15 1 -835.23444494 121
CH2F 10 15 2 -823.31411568 119
CH2F 10 15 3 -821.76109059 119
CH2F 10 15 4 -821.60277611 119
CH2F 10 16 0 -848.07557347 123
CH2F 10 16 1 -846.23190305 123
CH2F 10 16 2 -823.57640737 118
CH2F 10 16 3 -823.04297808 118
CH2F 10 16 4 -822.92986122 118
CH2F 10 17 0 -842.50689859 122
CH2F 10 17 1 -838.14000749 122
CH2F 10 17 2 -820.17064454 118
CH2F 10 17 3 -820.88663757 118
CH2F 10 17 4 -820.16435375 118
CH2F 10 18 0 -842.29667014 122
CH2F 10 18 1 -837.22572330 122
CH2F 10 18 2 -837.28169071 122
CH2F 10 18 3 -814.35288023 117
CH2F 10 18 4 -815.85771681 117
CH2F 10 19 0 -837.63492598 121
CH2F 10 19 1 -831.67050208 121
CH2F 10 19 2 -832.65299247 121
CH2F 10 19 3 -832.56844090 121
CH2F 10 19 4 -832.36814693 121
CH2F 10 20 0 -855.67017856 125
CH2F 10 20 1 -850.01477895 125
CH2F 10 20 2 -850.51227463 125
CH2F 10 20 3 -833.20720182 121
CH2F 10 20 4 -832.94158397 121
CH2F 10 21 0 -855.37435640 125
CH2F 10 21 1 -853.02179075 125
CH2F 10 21 2 -834.88244000 121
CH2F 10 21 3 -834.50416959 121
CH2F 10 21 4 -835.73706885 121
CH2F 10 22 0 -854.39121176 125
CH2F 10 22 1 -852.00653475 125
CH2F 10 22 2 -834.53967774 121
CH2F 10 22 3 -834.77736505 121
CH2F 10 22 4 -834.12311993 121
CH2F 10 23 0 -855.56651051 125
CH2F 10 23 1 -851.92637480 125
CH2F 10 23 2 -835.92952327 121
CH2F 10 23 3 -837.31623232 121
CH2F 10 23 4 -822.07219973 119
CH2F 10 24 0 -844.25792310 123
CH2F 10 24 1 -839.82595056 123
CH2F 10 24 2 -837.78708545 123
CH2F 10 24 3 -839.47506622 123
CH2F 10 24 4 -839.98744408 123
CH2F 10 25 0 -863.49753864 127
CH2F 10 25 1 -861.03413213 127
CH2F 10 25 2 -859.89675976 127
CH2F 10 25 3 -860.29301221 127
CH2F 10 25 4 -860.07236112 127
CH2F 10 26 0 -884.34340548 131
CH2F 10 26 1 -879.01989034 131
CH2F 10 26 2 -864.08080831 128
CH2F 10 26 3 -865.14307065 127
CH2F 10 26 4 -865.04636557 127
CH2F 10 27 0 -886.43339941 131
CH2F 10 27 1 -881.72678939 131
CH2F 10 27 2 -884.39591797 131
CH2F 10 27 3 -876.42746005 129
CH2F 10 27 4 -874.86903529 129
CH2F 10 28 0 -899.82660894 133
CH2F 10 28 1 -895.22471042 133
CH2F 10 28 2 -890.56307657 132
CH2F 10 28 3 -878.62272455 129
CH2F 10 28 4 -877.90363316 129
CH2F 10 29 0 -900.20490896 133
CH2F 10 29 1 -895.43485391 133
CH2F 10 29 2 -895.63703437 133
CH2F 10 29 3 -871.24232574 128
CH2F 10 29 4 -872.13566664 128
CH2F 10 30 0 -894.47507443 132
CH2F 10 30 1 -889.51403392 132
CH2F 10 30 2 -888.05992370 132
CH2F 10 30 3 -888.80093552 132
CH2F 10 30 4 -868.36514160 127
CH2F 10 31 0 -891.43459263 131
CH2F 10 31 1 -887.89511060 131
CH2F 10 31 2 -881.52147346 129
CH2F 10 31 3 -881.26660780 129
CH2F 10 31 4 -879.86955285 129
CH2F 10 32 0 -904.02771066 133
CH2F 10 32 1 -899.86493321 133
CH2F 10 32 2 -901.43974503 133
CH2F 10 32 3 -878.61113085 128
CH2F 10 32 4 -878.00231040 128
CH2F 10 33 0 -897.62516912 132
CH2F 10 33 1 -893.81713012 132
CH2F 10 33 2 -894.58411400 132
CH2F 10 33 3 -892.47665196 132
CH2F 10 33 4 -895.00460320 132
CH2F 10 34 0 -917.40784643 136
CH2F 10 34 1 -914.35952228 136
CH2F 10 34 2 -897.94638012 132
CH2F 10 34 3 -897.25593272 132
CH2F 10 34 4 -897.99643155 132
CH2F 10 35 0 -915.96707163 136
CH2F 10 35 1 -911.96546608 136
CH2F 10 35 2 -899.38872803 133
CH2F 10 35 3 -895.53882245 132
CH2F 10 35 4 -896.80455645 132
CH2F 10 36 0 -916.40563003 136
CH2F 10 36 1 -912.35446817 136
CH2F 10 36 2 -915.24648711 136
CH2F 10 36 3 -894.30283190 131
CH2F 10 36 4 -891.79030162 131
CH2F 10 37 0 -913.70571333 135
CH2F 10 37 1 -910.44927495 135
CH2F 10 37 2 -911.87152257 135
CH2F 10 37 3 -913.10802343 135
CH2F 10 37 4 -908.26626165 135
CH2F 10 38 0 -934.18229015 139
CH2F 10 38 1 -930.33836303 139
CH2F 10 38 2 -901.37090865 132
CH2F 10 38 3 -898.48064323 132
CH2F 10 38 4 -897.86951909 132
CH2F 10 39 0 -916.22091718 136
CH2F 10 39 1 -915.86983834 136
CH2F 10 39 2 -912.02364882 135
CH2F 10 39 3 -892.74791288 131
CH2F 10 39 4 -894.60175588 131
CH2F 10 40 0 -914.98494255 135
CH2F 10 40 1 -912.45411259 135
CH2F 10 40 2 -896.23791809 131
CH2F 10 40 3 -894.14538755 131
CH2F 10 40 4 -896.73152251 131
CH2F 10 41 0 -916.20397812 135
CH2F 10 41 1 -913.93417066 135
CH2F 10 41 2 -914.35704392 135
CH2F 10 41 3 -911.65166109 135
CH2F 10 41 4 -912.82111317 135
CH2F 10 42 0 -938.17059984 139
CH2F 10 42 1 -929.48619266 139
CH2F 10 42 2 -932.26618110 139
CH2F 10 42 3 -930.98071740 139
CH2F 10 42 4 -908.40265655 134
CH2F 10 43 0 -936.76035051 138
CH2F 10 43 1 -930.78446708 138
CH2F 10 43 2 -914.31165012 134
CH2F 10 43 3 -912.35286169 134
CH2F 10 43 4 -913.79986536 134
CH2F 10 44 0 -934.65898504 138
CH2F 10 44 1 -928.68880480 138
CH2F 10 44 2 -908.01630536 133
CH2F 10 44 3 -908.33387623 133
CH2F 10 44 4 -906.94074628 133
CH2F 10 45 0 -928.82418879 137
CH2F 10 45 1 -924.25628942 137
CH2F 10 45 2 -924.91715196 137
CH2F 10 45 3 -903.61831003 132
CH2F 10 45 4 -902.78378531 132
CH2F 10 46 0 -920.94432582 136
CH2F 10 46 1 -918.83453655 136
CH2F 10 46 2 -920.59220246 136
CH2F 10 46 3 -918.61068411 136
CH2F 10 46 4 -897.94262261 132
CH2F 10 47 0 -922.13979541 136
CH2F 10 47 1 -918.84293352 136
CH2F 10 47 2 -891.22442373 130
CH2F 10 47 3 -890.28099341 130
CH2F 10 47 4 -892.04783109 130
CH2F 10 48 0
CH2F 10 48 1 -911.96587588 134
CH2F 10 48 2 -896.98397547 130
CH2F 10 48 3 -862.00866589 125
CH2F 10 48 4 -836.89595157 120
CH2F 10 49 0 -861.32440715 124
CH2F 10 49 1 -859.80160399 124
CH2F 10 49 2 -858.33634988 124
CH2F 10 49 3 -840.62570079 120
CH2F 10 49 4 -841.09758966 120
CH2F 10 50 0
CH2F 10 50 1 -857.96059731 124
CH2F 10 50 2 -841.23371401 120
CH2F 10 50 3 -840.86715564 120
CH2F 10 50 4 -841.44435665 120
CH2F 30 1 0 -740.39439499 103
CH2F 30 1 1 -739.82165294 103
CH2F 30 1 2 -734.14097063 101
CH2F 30 1 3 -717.92773782 99
CH2F 30 1 4 -715.75106885 99
CH2F 30 2 0 -748.42699353 103
CH2F 30 2 1 -736.45751885 103
CH2F 30 2 2 -733.17731273 101
CH2F 30 2 3 -733.10238236 101
CH2F 30 2 4 -732.22373862 101
CH2F 30 3 0 -759.73043161 105
CH2F 30 3 1 -741.26648698 105
CH2F 30 3 2 -736.58397182 103
CH2F 30 3 3 -736.65824520 103
CH2F 30 3 4 -737.60771710 103
CH2F 30 4 0 -772.87336901 107
CH2F 30 4 1 -753.48153500 107
CH2F 30 4 2 -753.77118467 107
CH2F 30 4 3 -744.77049244 105
CH2F 30 4 4 -739.39429851 105
CH2F 30 5 0 -774.50171779 109
CH2F 30 5 1 -764.45126030 109
CH2F 30 5 2 -741.71266792 104
CH2F 30 5 3 -723.71122349 101
CH2F 30 5 4 -722.05833530 101
CH2F 30 6 0 -748.55819380 105
CH2F 30 6 1 -735.48551562 105
CH2F 30 6 2 -735.48962163 105
CH2F 30 6 3 -734.08063272 105
CH2F 30 6 4 -726.72304197 104
CH2F 30 7 0 -763.20574527 108
CH2F 30 7 1 -748.88586667 108
CH2F 30 7 2 -747.60928311 107
CH2F 30 7 3 -747.29645628 107
CH2F 30 7 4 -748.31609429 107
CH2F 30 8 0 -783.52348060 111
CH2F 30 8 1 -764.50237154 111
CH2F 30 8 2 -759.14434317 110
CH2F 30 8 3 -735.38077516 108
CH2F 30 8 4 -737.25222471 106
CH2F 30 9 0 -774.66091648 110
CH2F 30 9 1 -760.54008692 110
CH2F 30 9 2 -753.41921501 108
CH2F 30 9 3 -753.35607436 108
CH2F 30 9 4 -714.96772129 101
CH2F 30 10 0 -746.49031062 105
CH2F 30 10 1 -732.36665137 105
CH2F 30 10 2 -731.06674477 105
CH2F 30 10 3 -729.46643215 105
CH2F 30 10 4 -733.43571688 105
CH2F 30 11 0 -765.67065855 109
CH2F 30 11 1 -746.29502212 109
CH2F 30 11 2 -743.06512412 108
CH2F 30 11 3 -734.95208605 106
CH2F 30 11 4 -736.97466808 106
CH2F 30 12 0 -765.72845231 110
CH2F 30 12 1 -756.78348820 110
CH2F 30 12 2 -748.99175676 108
CH2F 30 12 3 -735.22264503 106
CH2F 30 12 4 -733.92166284 106
CH2F 30 13 0 -762.79163703 110
CH2F 30 13 1 -743.14674290 110
CH2F 30 13 2 -744.25923990 110
CH2F 30 13 3 -744.08201517 110
CH2F 30 13 4 -746.38143146 110
CH2F 30 14 0 -781.47361686 114
CH2F 30 14 1 -763.85674605 114
CH2F 30 14 2 -764.64063905 114
CH2F 30 14 3 -766.59101736 114
CH2F 30 14 4 -768.27600398 114
CH2F 30 15 0 -799.98293547 118
CH2F 30 15 1 -786.21819368 118
CH2F 30 15 2 -785.26065531 118
CH2F 30 15 3 -782.28685376 117
CH2F 30 15 4 -775.87349023 116
CH2F 30 16 0 -814.74950391 120
CH2F 30 16 1 -799.32386473 119
CH2F 30 16 2 -798.97024662 119
CH2F 30 16 3 -801.75122859 119
CH2F 30 16 4 -803.22544469 119
CH2F 30 17 0 -836.97298333 123
CH2F 30 17 1 -820.08088130 123
CH2F 30 17 2 -822.22611625 123
CH2F 30 17 3 -817.50328095 123
CH2F 30 17 4 -817.92892459 122
CH2F 30 18 0 -852.87706153 126
CH2F 30 18 1 -840.33647682 126
CH2F 30 18 2 -838.59263875 126
CH2F 30 18 3 -837.07107866 126
CH2F 30 18 4 -831.05719718 124
CH2F 30 19 0 -862.97764541 128
CH2F 30 19 1 -844.07047484 128
CH2F 30 19 2 -845.60433866 128
CH2F 30 19 3 -844.48245490 127
CH2F 30 19 4 -842.29614983 127
CH2F 30 20 0 -880.35054261 130
CH2F 30 20 1 -860.52496790 130
CH2F 30 20 2 -857.32534428 130
CH2F 30 20 3 -858.71582828 130
CH2F 30 20 4 -846.10412785 128
CH2F 30 21 0 -850.76040222 125
CH2F 30 21 1 -831.49677732 125
CH2F 30 21 2 -822.30115339 123
CH2F 30 21 3 -769.74245803 113
CH2F 30 21 4 -755.14374294 110
CH2F 30 22 0 -783.20122430 114
CH2F 30 22 1 -766.44052989 114
CH2F 30 22 2 -751.15633209 109
CH2F 30 22 3 -739.66239911 107
CH2F 30 22 4 -727.69142374 105
CH2F 30 23 0 -742.06309924 107
CH2F 30 23 1 -725.76341244 107
CH2F 30 23 2 -725.42470403 107
CH2F 30 23 3 -722.21671831 107
CH2F 30 23 4 -724.83811175 107
CH2F 30 24 0 -758.78283272 111
CH2F 30 24 1 -741.59867495 110
CH2F 30 24 2 -741.69053605 110
CH2F 30 24 3 -743.40467067 110
CH2F 30 24 4 -745.84794656 110
CH2F 30 25 0 -778.01463098 114
CH2F 30 25 1 -761.02579954 113
CH2F 30 25 2 -764.91217294 113
CH2F 30 25 3 -764.94538261 113
CH2F 30 25 4 -755.51569183 111
CH2F 30 26 0 -791.87969425 115
CH2F 30 26 1 -776.57492921 115
CH2F 30 26 2 -775.41012461 115
CH2F 30 26 3 -768.09189616 113
CH2F 30 26 4 -765.85796470 113
CH2F 30 27 0 -801.13443440 117
CH2F 30 27 1 -787.58011843 117
CH2F 30 27 2 -780.37131141 117
CH2F 30 27 3 -780.98867038 115
CH2F 30 27 4 -780.47616280 115
CH2F 30 28 0 -814.72481590 119
CH2F 30 28 1 -796.84952576 119
CH2F 30 28 2 -796.46837316 119
CH2F 30 28 3 -796.75957528 119
CH2F 30 28 4 -766.82206147 114
CH2F 30 29 0 -799.51275861 118
CH2F 30 29 1 -782.07098343 118
CH2F 30 29 2 -785.62114888 118
CH2F 30 29 3 -788.42453322 118
CH2F 30 29 4 -786.37821644 118
CH2F 30 30 0 -821.75920716 122
CH2F 30 30 1 -809.34708007 122
CH2F 30 30 2 -814.26861806 122
CH2F 30 30 3 -796.84153548 120
CH2F 30 30 4 -797.79964428 120
CH2F 30 31 0 -830.39632382 124
CH2F 30 31 1 -812.41303906 124
CH2F 30 31 2 -802.87900994 121
CH2F 30 31 3 -799.74003184 121
CH2F 30 31 4 -806.37506005 121
CH2F 30 32 0 -829.10888743 125
CH2F 30 32 1 -814.37764458 124
CH2F 30 32 2 -818.09876939 124
CH2F 30 32 3 -773.94185687 115
CH2F 30 32 4 -775.92547139 115
CH2F 30 33 0 -804.93254211 119
CH2F 30 33 1 -788.22415837 119
CH2F 30 33 2 -789.98631598 119
CH2F 30 33 3 -788.14744634 119
CH2F 30 33 4 -777.44409384 117
CH2F 30 34 0 -813.30988649 121
CH2F 30 34 1 -795.52873740 121
CH2F 30 34 2 -796.14422589 121
CH2F 30 34 3 -798.61997711 121
CH2F 30 34 4 -797.10660075 121
CH2F 30 35 0 -828.89857550 125
CH2F 30 35 1 -816.20364062 125
CH2F 30 35 2 -814.70815328 125
CH2F 30 35 3 -799.64603508 123
CH2F 30 35 4 -798.14359844 122
CH2F 30 36 0 -832.99157536 126
CH2F 30 36 1 -805.37980160 126
CH2F 30 36 2 -812.67483969 126
CH2F 30 36 3 -813.86735159 126
CH2F 30 36 4 -814.76970104 126
CH2F 30 37 0 -848.10976647 130
CH2F 30 37 1 -838.83562402 130
CH2F 30 37 2 -843.42021547 130
CH2F 30 37 3 -824.15371973 125
CH2F 30 37 4 -796.81874268 120
CH2F 30 38 0 -828.53788143 124
CH2F 30 38 1 -811.69327880 124
CH2F 30 38 2 -807.34068432 122
CH2F 30 38 3 -787.40791739 117
CH2F 30 38 4 -785.83269748 117
CH2F 30 39 0 -816.58448002 121
CH2F 30 39 1 -798.98051644 121
CH2F 30 39 2 -783.82281791 119
CH2F 30 39 3 -769.44643170 116
CH2F 30 39 4 -764.61800033 115
CH2F 30 40 0 -794.55202873 119
CH2F 30 40 1 -777.71320030 119
CH2F 30 40 2 -768.52726074 116
CH2F 30 40 3 -769.90904166 116
CH2F 30 40 4 -753.21686375 113
CH2F 30 41 0 -781.51765487 116
CH2F 30 41 1 -760.54579847 116
CH2F 30 41 2 -736.61872468 112
CH2F 30 41 3 -727.89494776 108
CH2F 30 41 4 -729.03418273 108
CH2F 30 42 0 -756.99956146 112
CH2F 30 42 1 -740.31324164 112
CH2F 30 42 2 -741.23065689 112
CH2F 30 42 3 -740.44506477 112
CH2F 30 42 4 -741.08689709 112
CH2F 30 43 0 -774.93011577 116
CH2F 30 43 1 -752.68038195 116
CH2F 30 43 2 -752.07820352 114
CH2F 30 43 3 -754.13936915 114
CH2F 30 43 4 -756.59545358 114
CH2F 30 44 0 -791.22350270 118
CH2F 30 44 1 -773.45211006 118
CH2F 30 44 2 -773.58254381 118
CH2F 30 44 3 -703.91645612 107
CH2F 30 44 4 -709.71920268 107
CH2F 30 45 0 -738.16760124 111
CH2F 30 45 1 -722.92128439 111
CH2F 30 45 2 -722.34393272 111
CH2F 30 45 3 -720.23828825 110
CH2F 30 45 4 -718.44957541 110
CH2F 30 46 0 -754.80315433 114
CH2F 30 46 1 -736.81781428 114
CH2F 30 46 2 -727.70930536 112
CH2F 30 46 3 -718.10255393 110
CH2F 30 46 4 -719.50225368 110
CH2F 30 47 0 -755.55317848 114
CH2F 30 47 1 -740.18235974 114
CH2F 30 47 2 -739.29608522 114
CH2F 30 47 3 -739.59962727 114
CH2F 30 47 4 -741.04219441 114
CH2F 30 48 0 -777.51538980 118
CH2F 30 48 1 -756.32429419 118
CH2F 30 48 2 -752.99458542 117
CH2F 30 48 3 -729.74599760 114
CH2F 30 48 4 -732.23608595 114
CH2F 30 49 0 -766.11344581 118
CH2F 30 49 1 -756.53271144 118
CH2F 30 49 2 -750.27889233 118
CH2F 30 49 3 -725.19172442 113
CH2F 30 49 4 -726.44836585 113
CH2F 30 50 0 -753.92253777 116
CH2F 30 50 1 -737.22287063 116
CH2F 30 50 2 -729.38540521 113
CH2F 30 50 3 -723.10686629 112
CH2F 30 50 4 -710.67720397 110
CHF2 10 1 0 -740.76846922 103
CHF2 10 1 1 -743.05888364 103
CHF2 10 1 2 -744.41078406 103
CHF2 10 1 3 -744.91948184 103
CHF2 10 1 4 -731.31348687 100
CHF2 10 2 0 -761.87851314 104
CHF2 10 2 1 -757.29280189 104
CHF2 10 2 2 -757.66776222 104
CHF2 10 2 3 -739.24735134 100
CHF2 10 2 4 -738.61248432 100
CHF2 10 3 0 -761.69572025 104
CHF2 10 3 1 -757.10938876 104
CHF2 10 3 2 -757.09500035 104
CHF2 10 3 3 -755.59819640 104
CHF2 10 3 4 -757.24020605 104
CHF2 10 4 0 -766.32041612 106
CHF2 10 4 1 -761.82356525 106
CHF2 10 4 2 -759.47664153 106
CHF2 10 4 3 -750.98204513 104
CHF2 10 4 4 -752.27246050 104
CHF2 10 5 0 -775.54082238 108
CHF2 10 5 1 -771.24108962 108
CHF2 10 5 2 -765.58201492 107
CHF2 10 5 3 -755.29737502 104
CHF2 10 5 4 -754.70120711 104
CHF2 10 6 0 -779.37831578 108
CHF2 10 6 1 -774.32777666 108
CHF2 10 6 2 -776.39105046 108
CHF2 10 6 3 -775.52898924 108
CHF2 10 6 4 -775.61473991 108
CHF2 10 7 0 -802.12355802 112
CHF2 10 7 1 -796.50478318 112
CHF2 10 7 2 -796.93516880 112
CHF2 10 7 3 -796.57858099 112
CHF2 10 7 4 -779.18911320 108
CHF2 10 8 0 -802.61461773 112
CHF2 10 8 1 -798.33102455 112
CHF2 10 8 2 -797.23721810 112
CHF2 10 8 3 -798.19707369 112
CHF2 10 8 4 -797.01385108 112
CHF2 10 9 0 -820.37432797 116
CHF2 10 9 1 -816.73431940 116
CHF2 10 9 2 -803.81083812 114
CHF2 10 9 3 -780.63554255 108
CHF2 10 9 4 -780.70179387 108
CHF2 10 10 0 -802.42776653 112
CHF2 10 10 1 -798.20879690 112
CHF2 10 10 2 -797.08356210 112
CHF2 10 10 3 -797.03108915 112
CHF2 10 10 4 -774.92292850 107
CHF2 10 11 0 -798.08870080 111
CHF2 10 11 1 -793.79654100 111
CHF2 10 11 2 -793.24085473 111
CHF2 10 11 3 -768.51930352 106
CHF2 10 11 4 -767.33989896 106
CHF2 10 12 0 -792.41329483 110
CHF2 10 12 1 -787.17911958 110
CHF2 10 12 2 -786.85334429 110
CHF2 10 12 3 -788.59430048 110
CHF2 10 12 4 -789.38360221 110
CHF2 10 13 0 -814.96899358 114
CHF2 10 13 1 -805.88061379 114
CHF2 10 13 2 -807.87296803 114
CHF2 10 13 3 -809.00225929 114
CHF2 10 13 4 -808.49224987 114
CHF2 10 14 0 -832.91853797 118
CHF2 10 14 1 -828.90318811 118
CHF2 10 14 2 -829.89405788 118
CHF2 10 14 3 -805.65406035 113
CHF2 10 14 4 -805.72518845 113
CHF2 10 15 0 -828.30156670 117
CHF2 10 15 1 -822.37659428 117
CHF2 10 15 2 -823.23936357 117
CHF2 10 15 3 -825.06937225 117
CHF2 10 15 4 -824.37706040 117
CHF2 10 16 0 -851.10530922 121
CHF2 10 16 1 -846.16080968 121
CHF2 10 16 2 -846.14205120 121
CHF2 10 16 3 -846.36656884 121
CHF2 10 16 4 -822.89601346 116
CHF2 10 17 0 -845.48563999 120
CHF2 10 17 1 -843.76456776 120
CHF2 10 17 2 -824.40084939 117
CHF2 10 17 3 -823.85050569 116
CHF2 10 17 4 -822.63723587 116
CHF2 10 18 0 -847.53265185 120
CHF2 10 18 1 -837.91146431 120
CHF2 10 18 2 -839.57103425 120
CHF2 10 18 3 -839.17929339 120
CHF2 10 18 4 -837.99278931 120
CHF2 10 19 0 -861.59478263 124
CHF2 10 19 1 -857.97872643 124
CHF2 10 19 2 -860.42330901 124
CHF2 10 19 3 -860.91763303 124
CHF2 10 19 4 -863.34878768 124
CHF2 10 20 0 -860.67553276 123
CHF2 10 20 1 -857.03971520 123
CHF2 10 20 2 -838.91946655 118
CHF2 10 20 3 -837.37954179 118
CHF2 10 20 4 -837.19808857 118
CHF2 10 21 0 -859.57345259 122
CHF2 10 21 1 -853.97115626 122
CHF2 10 21 2 -852.60380747 122
CHF2 10 21 3 -855.52787800 122
CHF2 10 21 4 -853.83164046 122
CHF2 10 22 0 -878.03703076 126
CHF2 10 22 1 -872.17286771 126
CHF2 10 22 2 -872.00565687 126
CHF2 10 22 3 -857.79361568 123
CHF2 10 22 4 -836.52200132 119
CHF2 10 23 0 -863.60574307 123
CHF2 10 23 1 -857.38598279 123
CHF2 10 23 2 -858.69915256 123
CHF2 10 23 3 -859.30845118 123
CHF2 10 23 4 -859.71428998 123
CHF2 10 24 0 -858.45845230 122
CHF2 10 24 1 -853.42515270 122
CHF2 10 24 2 -852.53442623 122
CHF2 10 24 3 -852.85794766 122
CHF2 10 24 4 -854.80397722 122
CHF2 10 25 0 -877.93782708 126
CHF2 10 25 1 -873.10085386 126
CHF2 10 25 2 -874.27419641 126
CHF2 10 25 3 -855.14706890 122
CHF2 10 25 4 -854.96917628 122
CHF2 10 26 0 -878.11768722 126
CHF2 10 26 1 -875.98202353 126
CHF2 10 26 2 -865.40326165 124
CHF2 10 26 3 -858.04761527 122
CHF2 10 26 4 -857.75019912 122
CHF2 10 27 0 -878.62586073 126
CHF2 10 27 1 -876.07516776 126
CHF2 10 27 2 -874.14701626 126
CHF2 10 27 3 -857.67601125 123
CHF2 10 27 4 -859.14023805 123
CHF2 10 28 0 -885.12991046 127
CHF2 10 28 1 -883.70816528 127
CHF2 10 28 2 -863.33858025 123
CHF2 10 28 3 -864.45262458 123
CHF2 10 28 4 -864.62720123 123
CHF2 10 29 0 -885.74485960 127
CHF2 10 29 1 -882.17369595 127
CHF2 10 29 2 -880.91140959 127
CHF2 10 29 3 -869.70802238 124
CHF2 10 29 4 -844.84004502 119
CHF2 10 30 0 -868.67497156 123
CHF2 10 30 1 -861.45031753 123
CHF2 10 30 2 -865.94295132 123
CHF2 10 30 3 -857.25752758 122
CHF2 10 30 4 -858.31176462 122
CHF2 10 31 0 -885.29296070 126
CHF2 10 31 1 -881.12066702 126
CHF2 10 31 2 -861.35120720 122
CHF2 10 31 3 -861.87769416 122
CHF2 10 31 4 -862.78232517 122
CHF2 10 32 0 -884.26619369 126
CHF2 10 32 1 -879.49592398 126
CHF2 10 32 2 -869.65281784 123
CHF2 10 32 3 -869.81390674 123
CHF2 10 32 4 -867.88076586 123
CHF2 10 33 0 -889.60159005 127
CHF2 10 33 1 -886.65845911 127
CHF2 10 33 2 -866.75940050 123
CHF2 10 33 3 -868.07733081 123
CHF2 10 33 4 -866.32180847 123
CHF2 10 34 0 -890.54328274 127
CHF2 10 34 1 -886.35699072 127
CHF2 10 34 2 -886.06474002 127
CHF2 10 34 3 -885.21178485 127
CHF2 10 34 4 -886.64646503 127
CHF2 10 35 0 -911.80957605 131
CHF2 10 35 1 -906.67352394 131
CHF2 10 35 2 -900.14231605 130
CHF2 10 35 3 -890.30179847 127
CHF2 10 35 4 -870.23418787 124
CHF2 10 36 0 -894.05751234 128
CHF2 10 36 1 -890.60227311 128
CHF2 10 36 2 -889.30923981 128
CHF2 10 36 3 -871.10803659 125
CHF2 10 36 4 -849.23643310 120
CHF2 10 37 0 -872.83728650 124
CHF2 10 37 1 -868.38223011 124
CHF2 10 37 2 -868.99121289 124
CHF2 10 37 3 -852.48806368 121
CHF2 10 37 4 -843.42878849 119
CHF2 10 38 0 -868.49005672 123
CHF2 10 38 1 -861.57977271 123
CHF2 10 38 2 -862.62016074 123
CHF2 10 38 3 -862.78338536 123
CHF2 10 38 4 -862.14697037 123
CHF2 10 39 0 -886.23717013 127
CHF2 10 39 1 -884.99968752 127
CHF2 10 39 2 -867.20473921 123
CHF2 10 39 3 -868.48122425 123
CHF2 10 39 4 -866.60834665 123
CHF2 10 40 0 -887.36047188 127
CHF2 10 40 1 -883.90659005 127
CHF2 10 40 2 -862.13336254 122
CHF2 10 40 3 -861.06708578 122
CHF2 10 40 4 -863.19924983 122
CHF2 10 41 0 -879.49768614 125
CHF2 10 41 1 -873.91019893 125
CHF2 10 41 2 -867.84827082 124
CHF2 10 41 3 -866.87739931 124
CHF2 10 41 4 -866.03745079 124
CHF2 10 42 0 -892.52756044 128
CHF2 10 42 1 -889.48887915 128
CHF2 10 42 2 -887.99673067 128
CHF2 10 42 3 -850.01602627 120
CHF2 10 42 4 -849.53583215 120
CHF2 10 43 0 -873.17167036 124
CHF2 10 43 1 -869.97588182 124
CHF2 10 43 2 -865.61535766 123
CHF2 10 43 3 -867.90955437 123
CHF2 10 43 4 -865.42898016 123
CHF2 10 44 0 -891.49997318 127
CHF2 10 44 1 -887.61715403 127
CHF2 10 44 2 -882.76556484 126
CHF2 10 44 3 -868.82038050 124
CHF2 10 44 4 -868.68848891 124
CHF2 10 45 0 -895.95236063 128
CHF2 10 45 1 -889.80937372 128
CHF2 10 45 2 -888.88467522 128
CHF2 10 45 3 -865.03565555 124
CHF2 10 45 4 -793.76069443 114
CHF2 10 46 0 -796.23738455 113
CHF2 10 46 1 -791.17983946 113
CHF2 10 46 2 -790.39105022 112
CHF2 10 46 3 -791.37756765 112
CHF2 10 46 4 -782.81346365 110
CHF2 10 47 0 -805.29914408 114
CHF2 10 47 1 -801.59628749 114
CHF2 10 47 2 -801.50965953 114
CHF2 10 47 3 -778.50716600 109
CHF2 10 47 4 -777.55245992 109
CHF2 10 48 0 -800.81886733 113
CHF2 10 48 1 -797.48398502 113
CHF2 10 48 2 -798.52521688 113
CHF2 10 48 3 -797.89032883 113
CHF2 10 48 4 -798.71838807 113
CHF2 10 49 0 -823.57322670 117
CHF2 10 49 1 -820.25034289 117
CHF2 10 49 2
CHF2 10 49 3 -793.64662133 111
CHF2 10 49 4 -793.87053535 111
CHF2 10 50 0 -815.53825761 115
CHF2 10 50 1 -812.07254962 115
CHF2 10 50 2 -800.48850870 113
CHF2 10 50 3 -791.73794755 111
CHF2 10 50 4 -792.05100664 111
CHF2 30 1 0 -740.76992526 103
CHF2 30 1 1 -739.88761265 103
CHF2 30 1 2 -724.51222749 99
CHF2 30 1 3 -722.91179180 99
CHF2 30 1 4 -723.64971311 99
CHF2 30 2 0 -754.91187695 103
CHF2 30 2 1 -740.31987308 103
CHF2 30 2 2 -740.00477738 103
CHF2 30 2 3 -741.21105759 103
CHF2 30 2 4 -739.61742468 103
CHF2 30 3 0 -775.82115204 107
CHF2 30 3 1 -770.00790456 107
CHF2 30 3 2 -755.80742994 105
CHF2 30 3 3 -742.57859719 103
CHF2 30 3 4 -742.64396329 103
CHF2 30 4 0 -772.20583611 107
CHF2 30 4 1 -755.60578136 107
CHF2 30 4 2 -751.45339847 105
CHF2 30 4 3 -748.06250318 105
CHF2 30 4 4 -750.60181245 105
CHF2 30 5 0 -781.60928811 109
CHF2 30 5 1 -765.97575164 109
CHF2 30 5 2 -770.52523216 109
CHF2 30 5 3 -740.80880567 105
CHF2 30 5 4 -742.22976984 105
CHF2 30 6 0 -773.48423078 109
CHF2 30 6 1 -751.94693818 109
CHF2 30 6 2 -755.54147274 109
CHF2 30 6 3 -755.29602207 109
CHF2 30 6 4 -719.42228440 102
CHF2 30 7 0 -750.72369990 106
CHF2 30 7 1 -733.42921099 106
CHF2 30 7 2 -737.42014665 106
CHF2 30 7 3 -737.98973965 106
CHF2 30 7 4 -739.87578831 106
CHF2 30 8 0 -768.95088120 109
CHF2 30 8 1 -749.04553446 109
CHF2 30 8 2 -746.81844244 108
CHF2 30 8 3 -730.36994840 104
CHF2 30 8 4 -730.04822552 104
CHF2 30 9 0 -766.04929791 108
CHF2 30 9 1 -749.92157302 108
CHF2 30 9 2 -742.98479498 106
CHF2 30 9 3 -742.46462678 106
CHF2 30 9 4 -731.98296454 104
CHF2 30 10 0 -762.05182750 108
CHF2 30 10 1 -745.64666533 108
CHF2 30 10 2 -745.43205144 108
CHF2 30 10 3 -717.73238295 104
CHF2 30 10 4 -717.26956085 103
CHF2 30 11 0 -752.46848158 107
CHF2 30 11 1 -734.87695016 107
CHF2 30 11 2 -734.27736773 107
CHF2 30 11 3 -712.00542052 103
CHF2 30 11 4 -687.09163293 98
CHF2 30 12 0 -717.62195819 102
CHF2 30 12 1 -700.11802221 102
CHF2 30 12 2 -702.74001664 102
CHF2 30 12 3 -700.34269353 102
CHF2 30 12 4 -701.88442578 102
CHF2 30 13 0 -735.11026024 106
CHF2 30 13 1 -721.28864934 106
CHF2 30 13 2 -724.72040306 106
CHF2 30 13 3 -709.85472922 104
CHF2 30 13 4 -678.92141602 98
CHF2 30 14 0 -709.12781302 102
CHF2 30 14 1 -689.35674628 101
CHF2 30 14 2 -684.99660439 100
CHF2 30 14 3 -678.93632205 100
CHF2 30 14 4 -682.31861036 100
CHF2 30 15 0 -720.33227804 104
CHF2 30 15 1 -703.00135557 104
CHF2 30 15 2 -702.79351413 104
CHF2 30 15 3 -696.51010638 103
CHF2 30 15 4 -691.07724960 102
CHF2 30 16 0 -722.39132669 104
CHF2 30 16 1 -712.70840210 104
CHF2 30 16 2 -672.60435476 98
CHF2 30 16 3 -666.64756152 95
CHF2 30 16 4 -666.69177376 95
CHF2 30 17 0 -689.25546339 99
CHF2 30 17 1 -667.58650627 99
CHF2 30 17 2 -672.15707901 99
CHF2 30 17 3 -656.32786079 97
CHF2 30 17 4 -632.32869799 92
CHF2 30 18 0 -665.67558239 96
CHF2 30 18 1 -647.36263133 96
CHF2 30 18 2 -649.76506262 96
CHF2 30 18 3 -648.66223049 96
CHF2 30 18 4 -633.70251495 93
CHF2 30 19 0 -667.41651247 97
CHF2 30 19 1 -653.89651121 97
CHF2 30 19 2 -650.49317292 97
CHF2 30 19 3 -622.11365317 91
CHF2 30 19 4 -620.03140511 90
CHF2 30 20 0 -635.76709189 92
CHF2 30 20 1 -616.48019123 92
CHF2 30 20 2 -618.19632271 92
CHF2 30 20 3 -618.73268447 92
CHF2 30 20 4 -611.12495606 90
CHF2 30 21 0 -644.03663916 94
CHF2 30 21 1 -639.08050468 94
CHF2 30 21 2 -640.21894610 94
CHF2 30 21 3 -621.23627274 90
CHF2 30 21 4 -621.80130005 90
CHF2 30 22 0 -644.07250982 94
CHF2 30 22 1 -629.79651976 94
CHF2 30 22 2 -622.90349225 92
CHF2 30 22 3 -607.76574406 89
CHF2 30 22 4 -597.04041127 87
CHF2 30 23 0 -629.72009375 91
CHF2 30 23 1 -608.53644332 91
CHF2 30 23 2 -609.95018421 91
CHF2 30 23 3 -611.77063385 91
CHF2 30 23 4 -607.16347797 90
CHF2 30 24 0 -623.24010886 92
CHF2 30 24 1 -609.38251263 92
CHF2 30 24 2 -605.28079502 91
CHF2 30 24 3 -591.14481886 89
CHF2 30 24 4 -593.54593789 89
CHF2 30 25 0 -625.32320704 93
CHF2 30 25 1 -610.24449127 93
CHF2 30 25 2 -612.50944914 93
CHF2 30 25 3 -610.95766604 93
CHF2 30 25 4 -611.60302458 93
CHF2 30 26 0 -632.96620271 94
CHF2 30 26 1 -619.83736743 94
CHF2 30 26 2 -618.18989014 94
CHF2 30 26 3 -609.16684535 92
CHF2 30 26 4 -583.21260591 87
CHF2 30 27 0 -610.43896653 91
CHF2 30 27 1 -594.28793196 91
CHF2 30 27 2 -598.78341086 91
CHF2 30 27 3 -589.93442307 90
CHF2 30 27 4 -546.86007548 82
CHF2 30 28 0 -580.07049841 86
CHF2 30 28 1 -564.86319674 86
CHF2 30 28 2 -565.91462865 86
CHF2 30 28 3 -553.57200347 83
CHF2 30 28 4 -552.98703841 83
CHF2 30 29 0 -582.78871504 87
CHF2 30 29 1 -565.33054863 87
CHF2 30 29 2 -567.79947886 87
CHF2 30 29 3 -550.38073564 83
CHF2 30 29 4 -543.24233723 81
CHF2 30 30 0 -576.13676325 85
CHF2 30 30 1 -555.82515717 85
CHF2 30 30 2 -556.86740769 85
CHF2 30 30 3 -557.73089139 85
CHF2 30 30 4 -557.77370959 85
CHF2 30 31 0 -591.68550028 89
CHF2 30 31 1 -585.15827119 89
CHF2 30 31 2 -580.55208187 89
CHF2 30 31 3 -567.96735426 85
CHF2 30 31 4 -569.69539328 85
CHF2 30 32 0 -592.08173318 89
CHF2 30 32 1 -579.25856333 89
CHF2 30 32 2 -580.49545815 89
CHF2 30 32 3 -576.74988160 89
CHF2 30 32 4 -575.48982499 88
CHF2 30 33 0 -600.49035622 90
CHF2 30 33 1 -584.36781919 90
CHF2 30 33 2 -569.57563087 88
CHF2 30 33 3 -573.37647956 88
CHF2 30 33 4 -563.04348758 86
CHF2 30 34 0 -600.74736440 90
CHF2 30 34 1 -580.98831640 88
CHF2 30 34 2 -579.10063088 88
CHF2 30 34 3 -579.21740883 88
CHF2 30 34 4 -568.83269911 86
CHF2 30 35 0 -603.54638283 90
CHF2 30 35 1 -584.84705640 89
CHF2 30 35 2 -582.50470552 89
CHF2 30 35 3 -584.99580037 89
CHF2 30 35 4 -581.46586294 89
CHF2 30 36 0 -616.37394499 93
CHF2 30 36 1 -599.70764560 93
CHF2 30 36 2 -601.64266963 93
CHF2 30 36 3 -587.58131427 92
CHF2 30 36 4 -590.55862696 91
CHF2 30 37 0 -628.56715140 95
CHF2 30 37 1 -615.25351212 95
CHF2 30 37 2 -612.17516430 95
CHF2 30 37 3 -608.14465128 93
CHF2 30 37 4 -609.94008552 93
CHF2 30 38 0 -641.60070487 97
CHF2 30 38 1 -628.20626541 97
CHF2 30 38 2 -615.90072565 94
CHF2 30 38 3 -614.77577696 94
CHF2 30 38 4 -550.85255182 85
CHF2 30 39 0 -580.91560518 89
CHF2 30 39 1 -566.75652554 89
CHF2 30 39 2 -560.03001901 86
CHF2 30 39 3 -559.98245082 86
CHF2 30 39 4 -560.07798441 86
CHF2 30 40 0 -593.34188876 90
CHF2 30 40 1 -583.64870808 90
CHF2 30 40 2 -570.30568956 87
CHF2 30 40 3 -569.19903021 86
CHF2 30 40 4 -567.51513712 86
CHF2 30 41 0 -592.71635312 90
CHF2 30 41 1 -573.14307836 90
CHF2 30 41 2 -577.50303816 90
CHF2 30 41 3 -577.71220488 90
CHF2 30 41 4 -559.40013967 86
CHF2 30 42 0 -594.53132850 90
CHF2 30 42 1 -579.88389831 90
CHF2 30 42 2 -581.40989704 90
CHF2 30 42 3 -562.27217650 87
CHF2 30 42 4 -556.51900386 86
CHF2 30 43 0 -592.81276981 90
CHF2 30 43 1 -576.15916657 90
CHF2 30 43 2 -574.57747889 90
CHF2 30 43 3 -579.32012050 90
CHF2 30 43 4 -558.53163019 86
CHF2 30 44 0 -589.96809891 90
CHF2 30 44 1 -577.93698057 90
CHF2 30 44 2 -578.40104542 90
CHF2 30 44 3 -562.20537990 88
CHF2 30 44 4 -539.34589289 84
CHF2 30 45 0 -576.24429668 88
CHF2 30 45 1 -561.43630472 88
CHF2 30 45 2 -562.79971432 88
CHF2 30 45 3 -543.85416922 85
CHF2 30 45 4 -537.60705607 83
CHF2 30 46 0 -567.45473252 87
CHF2 30 46 1 -551.42737737 87
CHF2 30 46 2 -552.06761938 87
CHF2 30 46 3 -523.09766560 80
CHF2 30 46 4 -524.26129488 80
CHF2 30 47 0 -551.30014686 84
CHF2 30 47 1 -536.84467615 84
CHF2 30 47 2 -539.91880159 84
CHF2 30 47 3 -535.16660410 84
CHF2 30 47 4 -528.28057483 82
CHF2 30 48 0 -562.25864522 86
CHF2 30 48 1 -545.94047522 86
CHF2 30 48 2 -542.19033120 85
CHF2 30 48 3 -508.66073837 77
CHF2 30 48 4 -471.67006064 71
CHF2 30 49 0 -500.20309071 75
CHF2 30 49 1 -483.25180113 75
CHF2 30 49 2 -483.26963869 75
CHF2 30 49 3 -474.31605022 72
CHF2 30 49 4 -474.69002289 72
CHF2 30 50 0 -512.35436934 76
CHF2 30 50 1 -498.55344307 76
CHF2 30 50 2 -498.43639844 75
CHF2 30 50 3 -488.81351449 72
CHF2 30 50 4 -486.67985020 72
