CF 10 1 0 -748.51734606 101
CF 10 1 1 -745.43699719 101
CF 10 1 2 -745.05928008 101
CF 10 1 3 -747.17949105 101
CF 10 1 4 -748.90965721 101
CF 10 2 0 -765.91621896 103
CF 10 2 1 -761.52930370 103
CF 10 2 2 -761.27855497 103
CF 10 2 3 -761.17787705 103
CF 10 2 4 -761.16128761 103
CF 10 3 0 -775.07887287 105
CF 10 3 1 -770.84038767 105
CF 10 3 2 -770.68935792 105
CF 10 3 3 -771.33698985 105
CF 10 3 4 -771.18037800 105
CF 10 4 0 -785.96266680 107
CF 10 4 1 -783.50209779 107
CF 10 4 2 -785.04344740 107
CF 10 4 3 -756.55323717 104
CF 10 4 4 -755.98115420 104
CF 10 5 0 -772.32286998 106
CF 10 5 1 -768.57339894 106
CF 10 5 2 -769.19709532 106
CF 10 5 3 -758.19764334 104
CF 10 5 4 -757.09421626 104
CF 10 6 0 -772.41567969 106
CF 10 6 1 -768.25323464 106
CF 10 6 2 -768.49067007 106
CF 10 6 3 -769.21712710 106
CF 10 6 4 -769.20108882 106
CF 10 7 0 -782.14595306 108
CF 10 7 1 -778.22038428 108
CF 10 7 2 -780.26818806 108
CF 10 7 3 -765.74372923 105
CF 10 7 4 -766.85307354 105
CF 10 8 0 -779.28616302 107
CF 10 8 1 -774.18564214 107
CF 10 8 2 -774.38714458 107
CF 10 8 3 -776.58142579 107
CF 10 8 4 -775.18398365 107
CF 10 9 0 -789.68846468 109
CF 10 9 1 -785.39075242 109
CF 10 9 2 -786.47149906 109
CF 10 9 3 -787.97066954 109
CF 10 9 4 -785.38098657 109
CF 10 10 0 -801.11035974 111
CF 10 10 1 -799.18326312 111
CF 10 10 2 -800.23714586 111
CF 10 10 3 -785.64377929 109
CF 10 10 4 -783.51680250 109
CF 10 11 0 -800.43633844 111
CF 10 11 1 -795.42625257 111
CF 10 11 2 -795.74989222 111
CF 10 11 3 -782.68103154 109
CF 10 11 4 -783.23381547 109
CF 10 12 0 -798.65369040 111
CF 10 12 1 -792.71423386 111
CF 10 12 2 -792.79417589 111
CF 10 12 3 -793.73225603 111
CF 10 12 4 -797.47300742 111
CF 10 13 0 -811.52527520 113
CF 10 13 1 -805.61330180 113
CF 10 13 2 -806.29619672 113
CF 10 13 3 -792.74675917 111
CF 10 13 4 -793.93365920 111
CF 10 14 0 -808.40133021 113
CF 10 14 1 -803.83470653 113
CF 10 14 2 -809.27479884 113
CF 10 14 3 -810.67013180 113
CF 10 14 4 -807.89288516 113
CF 10 15 0 -822.17477332 115
CF 10 15 1 -822.96262091 115
CF 10 15 2 -821.65298678 115
CF 10 15 3 -820.79415828 115
CF 10 15 4 -808.20803761 113
CF 10 16 0 -821.40275100 114
CF 10 16 1 -815.89051963 114
CF 10 16 2 -808.31355610 113
CF 10 16 3 -782.86654361 109
CF 10 16 4 -782.50660511 109
CF 10 17 0 -799.29546575 111
CF 10 17 1 -794.28944374 111
CF 10 17 2 -795.77511403 111
CF 10 17 3 -795.17095144 111
CF 10 17 4 -795.85949708 111
CF 10 18 0 -812.97410365 113
CF 10 18 1 -810.98532410 113
CF 10 18 2 -805.42416015 113
CF 10 18 3 -808.99598917 113
CF 10 18 4 -811.27378943 113
CF 10 19 0 -826.14299878 115
CF 10 19 1 -819.80289728 115
CF 10 19 2 -819.25357389 115
CF 10 19 3 -821.21703862 115
CF 10 19 4 -805.36412635 113
CF 10 20 0 -819.84516511 115
CF 10 20 1 -820.75461718 115
CF 10 20 2 -820.20318229 115
CF 10 20 3 -805.93411035 113
CF 10 20 4 -804.46683819 113
CF 10 21 0 -820.42764221 115
CF 10 21 1 -815.18481046 115
CF 10 21 2 -813.42358779 115
CF 10 21 3 -813.89594201 115
CF 10 21 4 -815.08002745 115
CF 10 22 0 -828.48827389 117
CF 10 22 1 -824.57461213 117
CF 10 22 2 -824.93571865 117
CF 10 22 3 -827.25973905 117
CF 10 22 4 -825.94118619 117
CF 10 23 0 -844.21001948 119
CF 10 23 1 -842.55395835 119
CF 10 23 2 -818.63152059 116
CF 10 23 3 -753.08254576 106
CF 10 23 4 -752.67140475 106
CF 10 24 0 -770.46570676 108
CF 10 24 1 -765.84111572 108
CF 10 24 2 -765.44462688 108
CF 10 24 3 -764.68045628 108
CF 10 24 4 -766.71402032 108
CF 10 25 0 -779.68143561 110
CF 10 25 1 -774.28091651 110
CF 10 25 2 -775.01232988 110
CF 10 25 3 -773.91457462 110
CF 10 25 4 -774.50356386 110
CF 10 26 0 -788.24064552 112
CF 10 26 1 -784.04047358 112
CF 10 26 2 -785.10798258 112
CF 10 26 3 -764.77865319 108
CF 10 26 4 -765.27290013 108
CF 10 27 0 -777.05409575 110
CF 10 27 1 -774.43650832 110
CF 10 27 2 -772.02532431 110
CF 10 27 3 -761.46612745 108
CF 10 27 4 -759.79775519 108
CF 10 28 0 -774.12031711 110
CF 10 28 1 -769.64775813 110
CF 10 28 2 -770.94240052 110
CF 10 28 3 -769.69126587 110
CF 10 28 4 -770.85597865 110
CF 10 29 0 -787.92298027 112
CF 10 29 1 -783.18520709 112
CF 10 29 2 -782.55771760 112
CF 10 29 3 -747.22884623 106
CF 10 29 4 -748.56184699 106
CF 10 30 0 -763.08095868 108
CF 10 30 1 -758.65743745 108
CF 10 30 2 -759.03527237 108
CF 10 30 3 -745.30546195 105
CF 10 30 4 -730.17428963 103
CF 10 31 0 -742.95593731 105
CF 10 31 1 -737.62734699 105
CF 10 31 2 -739.26451780 105
CF 10 31 3 -739.67031299 105
CF 10 31 4 -739.13893883 105
CF 10 32 0 -753.50898308 107
CF 10 32 1 -745.91546068 107
CF 10 32 2 -748.09808883 107
CF 10 32 3 -747.57650625 107
CF 10 32 4 -734.62133717 104
CF 10 33 0 -745.86487746 106
CF 10 33 1 -744.03052293 106
CF 10 33 2 -745.09703954 106
CF 10 33 3 -744.88486121 106
CF 10 33 4 -745.81107812 106
CF 10 34 0 -760.46974522 108
CF 10 34 1 -757.57725058 108
CF 10 34 2 -748.33281259 106
CF 10 34 3 -749.43783094 106
CF 10 34 4 -749.69202671 106
CF 10 35 0 -762.51413268 108
CF 10 35 1 -756.45730712 108
CF 10 35 2 -756.23297554 108
CF 10 35 3 -755.17438230 107
CF 10 35 4 -755.69721031 107
CF 10 36 0 -767.33768239 109
CF 10 36 1 -764.91989123 109
CF 10 36 2 -765.64044907 109
CF 10 36 3 -756.31928340 108
CF 10 36 4 -687.75536819 96
CF 10 37 0 -699.74539708 98
CF 10 37 1 -695.47643172 98
CF 10 37 2 -694.48740256 98
CF 10 37 3 -694.47267042 98
CF 10 37 4 -693.60895473 98
CF 10 38 0 -709.44522889 100
CF 10 38 1 -704.46837703 100
CF 10 38 2 -705.46639769 100
CF 10 38 3 -704.09063954 100
CF 10 38 4 -704.84437133 100
CF 10 39 0 -719.17067371 102
CF 10 39 1 -717.30142396 102
CF 10 39 2 -718.77237888 102
CF 10 39 3 -704.71316295 100
CF 10 39 4 -704.81601132 100
CF 10 40 0 -719.88928837 102
CF 10 40 1 -718.91196326 102
CF 10 40 2 -718.20666225 102
CF 10 40 3 -716.81941048 102
CF 10 40 4 -717.35592602 102
CF 10 41 0 -733.86231416 104
CF 10 41 1 -729.22124752 104
CF 10 41 2 -728.80759019 104
CF 10 41 3 -729.77514781 104
CF 10 41 4 -693.01250026 98
CF 10 42 0 -704.81768782 100
CF 10 42 1 -698.96633068 100
CF 10 42 2 -697.33247598 100
CF 10 42 3 -697.85063608 100
CF 10 42 4 -698.53025442 100
CF 10 43 0 -710.95445434 102
CF 10 43 1 -708.31329975 102
CF 10 43 2 -707.67069184 102
CF 10 43 3 -706.38394115 102
CF 10 43 4 -695.02555045 99
CF 10 44 0 -708.48515546 101
CF 10 44 1 -704.13891826 101
CF 10 44 2 -701.33990969 101
CF 10 44 3 -705.88200693 101
CF 10 44 4 -704.97479214 101
CF 10 45 0 -720.10111426 103
CF 10 45 1 -716.65865268 103
CF 10 45 2 -715.84302418 103
CF 10 45 3 -714.56188542 103
CF 10 45 4 -716.66937593 103
CF 10 46 0 -729.10223824 105
CF 10 46 1 -725.14111705 105
CF 10 46 2 -725.72788073 105
CF 10 46 3 -723.82776713 105
CF 10 46 4 -723.95455091 105
CF 10 47 0 -739.36484056 107
CF 10 47 1 -733.85648175 107
CF 10 47 2 -735.12951882 107
CF 10 47 3 -726.17670225 105
CF 10 47 4 -730.14315328 105
CF 10 48 0 -745.21308302 107
CF 10 48 1 -740.63631162 107
CF 10 48 2 -739.75016909 107
CF 10 48 3 -739.42032380 107
CF 10 48 4 -741.21179289 107
CF 10 49 0 -755.37056590 109
CF 10 49 1 -754.69431823 109
CF 10 49 2 -744.62473376 108
CF 10 49 3 -704.98293897 102
CF 10 49 4 -706.05016913 102
CF 10 50 0 -719.75754647 104
CF 10 50 1 -717.64269450 104
CF 10 50 2 -718.17789676 104
CF 10 50 3 -717.28609021 104
CF 10 50 4 -706.22549986 101
CF 30 1 0 -748.51595319 101
CF 30 1 1 -734.29965814 101
CF 30 1 2 -735.27750801 101
CF 30 1 3 -727.64688460 100
CF 30 1 4 -722.67538452 99
CF 30 2 0 -748.50994101 101
CF 30 2 1 -734.64807556 101
CF 30 2 2 -733.28585929 101
CF 30 2 3 -733.17566427 101
CF 30 2 4 -733.56841989 101
CF 30 3 0 -760.15756837 103
CF 30 3 1 -746.93966285 103
CF 30 3 2 -746.65827611 103
CF 30 3 3 -733.78155140 101
CF 30 3 4 -733.01413410 101
CF 30 4 0 -759.28731722 103
CF 30 4 1 -743.05892441 103
CF 30 4 2 -743.63351341 103
CF 30 4 3 -744.69683465 103
CF 30 4 4 -746.19749842 103
CF 30 5 0 -770.75457816 105
CF 30 5 1 -752.70729842 105
CF 30 5 2 -754.27670860 105
CF 30 5 3 -756.96788039 105
CF 30 5 4 -758.12914151 105
CF 30 6 0 -785.45046564 107
CF 30 6 1 -767.62223568 107
CF 30 6 2 -768.03125120 107
CF 30 6 3 -767.02713678 107
CF 30 6 4 -767.52427531 107
CF 30 7 0 -792.08091159 109
CF 30 7 1 -768.33711510 108
CF 30 7 2 -765.79169984 107
CF 30 7 3 -766.23410735 107
CF 30 7 4 -768.32245751 107
CF 30 8 0 -790.63626458 109
CF 30 8 1 -763.68959645 107
CF 30 8 2 -764.44144164 107
CF 30 8 3 -762.55520801 107
CF 30 8 4 -764.05477021 107
CF 30 9 0 -788.41359374 109
CF 30 9 1 -774.18111507 109
CF 30 9 2 -770.31600337 109
CF 30 9 3 -756.97182630 107
CF 30 9 4 -759.14157114 107
CF 30 10 0 -787.91187708 109
CF 30 10 1 -770.85059600 109
CF 30 10 2 -772.15600519 109
CF 30 10 3 -772.40638346 109
CF 30 10 4 -772.47179933 109
CF 30 11 0 -800.44193125 111
CF 30 11 1 -781.54150815 111
CF 30 11 2 -781.39260313 111
CF 30 11 3 -784.96882906 111
CF 30 11 4 -758.06404153 108
CF 30 12 0 -787.11157344 110
CF 30 12 1 -771.91840190 110
CF 30 12 2 -772.69013856 110
CF 30 12 3 -765.43631543 109
CF 30 12 4 -767.06122388 109
CF 30 13 0 -792.74828128 111
CF 30 13 1 -775.54531423 111
CF 30 13 2 -780.01363586 111
CF 30 13 3 -782.84074196 111
CF 30 13 4 -768.68157261 109
CF 30 14 0 -795.26269502 111
CF 30 14 1 -775.88230149 111
CF 30 14 2 -777.94409476 111
CF 30 14 3 -780.36922887 111
CF 30 14 4 -758.59155087 108
CF 30 15 0 -781.84800042 110
CF 30 15 1 -766.01322415 110
CF 30 15 2 -766.82759504 110
CF 30 15 3 -757.36565962 109
CF 30 15 4 -748.52045324 107
CF 30 16 0 -774.73400071 109
CF 30 16 1 -753.22862679 109
CF 30 16 2 -752.24060077 109
CF 30 16 3 -742.44779924 106
CF 30 16 4 -748.03968708 106
CF 30 17 0 -771.76082140 108
CF 30 17 1 -757.73887638 108
CF 30 17 2 -755.19595456 107
CF 30 17 3 -738.82510205 105
CF 30 17 4 -738.02696209 105
CF 30 18 0 -756.93832839 107
CF 30 18 1 -741.47203662 107
CF 30 18 2 -740.91184624 107
CF 30 18 3 -742.22413257 107
CF 30 18 4 -740.85657864 107
CF 30 19 0 -771.01386109 109
CF 30 19 1 -752.77164261 109
CF 30 19 2 -753.44055079 109
CF 30 19 3 -754.28378395 109
CF 30 19 4 -715.60389649 104
CF 30 20 0 -741.70514336 106
CF 30 20 1 -728.60606208 106
CF 30 20 2 -721.09069666 105
CF 30 20 3 -707.69779948 103
CF 30 20 4 -708.62622032 103
CF 30 21 0 -732.85792157 105
CF 30 21 1 -714.35953244 104
CF 30 21 2 -714.43648189 104
CF 30 21 3 -706.76471481 103
CF 30 21 4 -681.36094586 99
CF 30 22 0 -701.94631378 101
CF 30 22 1 -686.95231441 101
CF 30 22 2 -685.90032398 101
CF 30 22 3 -669.04467239 99
CF 30 22 4 -675.05237483 99
CF 30 23 0 -700.44017269 101
CF 30 23 1 -683.98472924 101
CF 30 23 2 -682.67694741 101
CF 30 23 3 -684.04431065 101
CF 30 23 4 -683.47749813 101
CF 30 24 0 -707.66643308 103
CF 30 24 1 -693.48679606 103
CF 30 24 2 -694.11688354 103
CF 30 24 3 -693.34189842 103
CF 30 24 4 -673.70395288 100
CF 30 25 0 -703.18024818 102
CF 30 25 1 -684.06523396 102
CF 30 25 2 -689.00985956 102
CF 30 25 3 -686.03935575 102
CF 30 25 4 -689.94720338 102
CF 30 26 0 -716.68192554 104
CF 30 26 1 -695.60156320 104
CF 30 26 2 -700.65738918 104
CF 30 26 3 -699.71499874 104
CF 30 26 4 -700.85713392 104
CF 30 27 0 -726.96501780 106
CF 30 27 1 -710.99485751 106
CF 30 27 2 -713.54600971 106
CF 30 27 3 -695.30224160 104
CF 30 27 4 -674.79345756 100
CF 30 28 0 -699.46635616 102
CF 30 28 1 -684.14877899 102
CF 30 28 2 -682.52892317 101
CF 30 28 3 -659.74106287 98
CF 30 28 4 -646.19290740 96
CF 30 29 0 -669.87844137 98
CF 30 29 1 -653.59933387 98
CF 30 29 2 -659.49551192 98
CF 30 29 3 -644.02111795 96
CF 30 29 4 -635.95761672 94
CF 30 30 0 -659.51338428 96
CF 30 30 1 -642.74794504 96
CF 30 30 2 -628.46123702 94
CF 30 30 3 -630.23772598 94
CF 30 30 4 -632.02423849 94
CF 30 31 0 -652.85798453 96
CF 30 31 1 -639.71167030 96
CF 30 31 2 -633.25789606 94
CF 30 31 3 -630.12043555 94
CF 30 31 4 -630.15703890 94
CF 30 32 0 -657.08320584 96
CF 30 32 1 -643.31453976 96
CF 30 32 2 -644.44673209 96
CF 30 32 3 -632.84684715 95
CF 30 32 4 -558.72183737 83
CF 30 33 0 -573.88302942 84
CF 30 33 1 -560.94613814 84
CF 30 33 2 -563.92037003 84
CF 30 33 3 -561.90641550 84
CF 30 33 4 -535.74589120 81
CF 30 34 0 -566.15432494 83
CF 30 34 1 -546.91587554 82
CF 30 34 2 -548.26545335 82
CF 30 34 3 -511.27338329 76
CF 30 34 4 -494.28651417 72
CF 30 35 0 -507.73893022 74
CF 30 35 1 -491.66599496 74
CF 30 35 2 -486.53901249 73
CF 30 35 3 -487.71013668 73
CF 30 35 4 -474.03611579 71
CF 30 36 0 -499.55068486 73
CF 30 36 1 -484.08870753 73
CF 30 36 2 -480.10190301 73
CF 30 36 3 -484.30272604 73
CF 30 36 4 -487.98682403 73
CF 30 37 0 -512.14691923 75
CF 30 37 1 -497.75032494 75
CF 30 37 2 -498.81300803 75
CF 30 37 3 -496.88124662 75
CF 30 37 4 -486.65268299 74
CF 30 38 0 -527.16726658 76
CF 30 38 1 -505.21499512 76
CF 30 38 2 -506.79454641 76
CF 30 38 3 -496.67579407 75
CF 30 38 4 -485.26693788 73
CF 30 39 0 -511.76538978 75
CF 30 39 1 -496.39682153 75
CF 30 39 2 -499.40972688 75
CF 30 39 3 -499.20732707 74
CF 30 39 4 -482.61624362 72
CF 30 40 0 -502.15570361 74
CF 30 40 1 -488.63667037 74
CF 30 40 2 -491.55425140 74
CF 30 40 3 -473.32946096 73
CF 30 40 4 -473.97263363 72
CF 30 41 0 -501.84248105 74
CF 30 41 1 -487.30703163 74
CF 30 41 2 -478.46627045 73
CF 30 41 3 -479.34321497 73
CF 30 41 4 -460.13164618 71
CF 30 42 0 -453.08137204 66
CF 30 42 1 -439.01110773 66
CF 30 42 2 -440.35780744 66
CF 30 42 3 -441.02938329 66
CF 30 42 4 -439.65046526 66
CF 30 43 0 -466.26285253 68
CF 30 43 1 -454.10689615 68
CF 30 43 2 -449.79856768 67
CF 30 43 3 -452.44103398 67
CF 30 43 4 -449.44919372 67
CF 30 44 0 -448.47891581 66
CF 30 44 1 -434.57847784 65
CF 30 44 2 -436.28520016 65
CF 30 44 3 -439.16229382 65
CF 30 44 4 -420.20739839 62
CF 30 45 0 -421.77547789 62
CF 30 45 1 -406.54732671 62
CF 30 45 2 -408.15052325 62
CF 30 45 3 -395.19611348 60
CF 30 45 4 -349.43661890 53
CF 30 46 0 -369.94957918 54
CF 30 46 1 -328.15971381 50
CF 30 46 2 -327.47654837 50
CF 30 46 3 -329.54151734 50
CF 30 46 4 -322.83515489 49
CF 30 47 0 -342.93359176 51
CF 30 47 1 -329.58835570 49
CF 30 47 2 -331.77053937 49
CF 30 47 3 -330.73566090 49
CF 30 47 4 -331.03900371 49
CF 30 48 0 -343.00405467 51
CF 30 48 1 -318.54346855 49
CF 30 48 2 -314.44608697 49
CF 30 48 3 -322.07679889 49
CF 30 48 4 -307.96876796 47
CF 30 49 0 -307.48054860 46
CF 30 49 1 -293.53124955 45
CF 30 49 2 -291.82245807 44
CF 30 49 3 -293.69452732 44
CF 30 49 4 -293.67135248 44
CF 30 50 0 -307.67725079 46
CF 30 50 1 -296.35472807 46
CF 30 50 2 -291.12346705 46
CF 30 50 3 -291.28398427 46
CF 30 50 4 -275.25601293 43
CF3 10 1 0 -759.50949839 103
CF3 10 1 1 -756.05372390 103
CF3 10 1 2 -758.41587901 103
CF3 10 1 3 -747.34874284 101
CF3 10 1 4 -738.09114630 99
CF3 10 2 0 -762.19238373 103
CF3 10 2 1 -759.07036064 103
CF3 10 2 2 -758.21716450 103
CF3 10 2 3 -740.16047189 99
CF3 10 2 4 -740.57898618 99
CF3 10 3 0 -762.85246902 103
CF3 10 3 1 -758.67766811 103
CF3 10 3 2 -754.24610558 102
CF3 10 3 3 -740.51596478 99
CF3 10 3 4 -740.28594358 99
CF3 10 4 0 -762.43627048 103
CF3 10 4 1 -760.24260962 103
CF3 10 4 2 -759.20931356 103
CF3 10 4 3 -745.58365481 100
CF3 10 4 4 -744.73735583 100
CF3 10 5 0 -769.54833155 104
CF3 10 5 1 -765.26611918 104
CF3 10 5 2 -763.69785263 104
CF3 10 5 3 -765.21713572 104
CF3 10 5 4 -747.90912302 101
CF3 10 6 0 -771.88594311 105
CF3 10 6 1 -765.63135986 105
CF3 10 6 2 -768.65579001 105
CF3 10 6 3 -768.54335018 105
CF3 10 6 4 -769.48363993 105
CF3 10 7 0 -795.30140284 109
CF3 10 7 1 -791.71052443 109
CF3 10 7 2 -791.90058861 109
CF3 10 7 3 -749.59449688 101
CF3 10 7 4 -749.84119741 101
CF3 10 8 0 -774.05626865 105
CF3 10 8 1 -770.72215490 105
CF3 10 8 2 -770.21612637 105
CF3 10 8 3 -751.40784281 101
CF3 10 8 4 -751.82506719 101
CF3 10 9 0 -773.93983377 105
CF3 10 9 1 -766.46022215 105
CF3 10 9 2 -771.84649752 105
CF3 10 9 3 -771.18425317 105
CF3 10 9 4 -749.90344247 102
CF3 10 10 0 -776.02613284 106
CF3 10 10 1 -767.81216023 106
CF3 10 10 2 -768.48446405 106
CF3 10 10 3 -769.56602488 106
CF3 10 10 4 -770.37688400 106
CF3 10 11 0 -795.71556719 110
CF3 10 11 1 -791.87965844 110
CF3 10 11 2 -792.19212049 110
CF3 10 11 3 -790.97953955 110
CF3 10 11 4 -792.04626466 110
CF3 10 12 0 -816.67646547 114
CF3 10 12 1 -812.91112078 114
CF3 10 12 2 -813.49565635 114
CF3 10 12 3 -793.08254987 110
CF3 10 12 4 -792.78127513 110
CF3 10 13 0 -817.00767403 114
CF3 10 13 1 -813.55052307 114
CF3 10 13 2 -812.77480718 114
CF3 10 13 3 -813.32549043 114
CF3 10 13 4 -793.51382796 110
CF3 10 14 0 -817.35793468 114
CF3 10 14 1 -814.50665377 114
CF3 10 14 2 -813.88667959 114
CF3 10 14 3 -809.27781798 113
CF3 10 14 4 -803.40845362 112
CF3 10 15 0 -825.92400278 116
CF3 10 15 1 -819.01104843 116
CF3 10 15 2 -821.41775128 116
CF3 10 15 3 -823.66786568 116
CF3 10 15 4 -824.79469481 116
CF3 10 16 0 -848.07723411 120
CF3 10 16 1 -842.80156355 120
CF3 10 16 2 -831.14305737 118
CF3 10 16 3 -807.05874955 113
CF3 10 16 4 -807.31673186 113
CF3 10 17 0 -831.13882800 117
CF3 10 17 1 -829.04832573 117
CF3 10 17 2 -812.40307155 114
CF3 10 17 3 -811.83447966 114
CF3 10 17 4 -811.81871424 114
CF3 10 18 0 -836.12246039 118
CF3 10 18 1 -832.86521625 118
CF3 10 18 2 -833.51669082 118
CF3 10 18 3 -814.39283668 114
CF3 10 18 4 -795.55476552 110
CF3 10 19 0 -817.61569352 114
CF3 10 19 1 -812.37493425 114
CF3 10 19 2 -814.49048070 114
CF3 10 19 3 -807.70551396 113
CF3 10 19 4 -759.19630606 105
CF3 10 20 0 -784.06036157 109
CF3 10 20 1 -779.32456290 109
CF3 10 20 2 -779.27414647 109
CF3 10 20 3 -779.44391025 109
CF3 10 20 4 -761.81815180 105
CF3 10 21 0 -783.67603414 109
CF3 10 21 1 -778.69706997 109
CF3 10 21 2 -779.12889100 109
CF3 10 21 3 -779.85363930 109
CF3 10 21 4 -779.05840343 109
CF3 10 22 0 -803.53952491 113
CF3 10 22 1 -798.84248646 113
CF3 10 22 2 -802.02928378 113
CF3 10 22 3 -801.48552528 113
CF3 10 22 4 -802.62655591 113
CF3 10 23 0 -827.39470171 117
CF3 10 23 1 -822.30018865 117
CF3 10 23 2 -824.15930458 117
CF3 10 23 3 -804.14331908 113
CF3 10 23 4 -804.36807817 113
CF3 10 24 0 -827.52463159 117
CF3 10 24 1 -823.90495959 117
CF3 10 24 2 -819.37811859 116
CF3 10 24 3 -804.77965872 113
CF3 10 24 4 -784.54539753 109
CF3 10 25 0 -808.13329949 113
CF3 10 25 1 -803.53337128 113
CF3 10 25 2 -804.29230130 113
CF3 10 25 3 -785.24431556 109
CF3 10 25 4 -785.61887088 109
CF3 10 26 0 -807.90308474 113
CF3 10 26 1 -803.39688483 113
CF3 10 26 2 -799.31928478 112
CF3 10 26 3 -784.42644390 109
CF3 10 26 4 -785.68694207 109
CF3 10 27 0 -808.87582888 113
CF3 10 27 1 -801.30867418 113
CF3 10 27 2 -795.33659335 112
CF3 10 27 3 -786.67506455 110
CF3 10 27 4 -787.26209690 110
CF3 10 28 0 -809.50724965 114
CF3 10 28 1 -805.34659522 114
CF3 10 28 2 -806.41022442 114
CF3 10 28 3 -800.68159736 113
CF3 10 28 4 -786.13464326 110
CF3 10 29 0 -809.64932517 114
CF3 10 29 1 -805.85626221 114
CF3 10 29 2 -799.71142481 113
CF3 10 29 3 -781.17537633 109
CF3 10 29 4 -780.97475215 109
CF3 10 30 0 -804.50309768 113
CF3 10 30 1 -799.67476830 113
CF3 10 30 2 -800.64757118 113
CF3 10 30 3 -800.12304468 113
CF3 10 30 4 -801.37134836 113
CF3 10 31 0 -826.65444533 117
CF3 10 31 1 -823.02013393 117
CF3 10 31 2 -822.64433981 117
CF3 10 31 3 -803.32404623 113
CF3 10 31 4 -803.48944714 113
CF3 10 32 0 -825.84138099 117
CF3 10 32 1 -822.20668455 117
CF3 10 32 2 -803.97450975 113
CF3 10 32 3 -804.47765254 113
CF3 10 32 4 -803.73249524 113
CF3 10 33 0 -825.65589041 117
CF3 10 33 1 -821.02160518 117
CF3 10 33 2 -821.69896113 117
CF3 10 33 3 -820.27829289 117
CF3 10 33 4 -797.34702826 112
CF3 10 34 0 -820.18765527 116
CF3 10 34 1 -817.19959598 116
CF3 10 34 2 -817.75222530 116
CF3 10 34 3 -798.97807798 112
CF3 10 34 4 -760.31139310 105
CF3 10 35 0 -781.79278540 109
CF3 10 35 1 -775.05736986 109
CF3 10 35 2 -777.19835772 109
CF3 10 35 3 -758.10085878 105
CF3 10 35 4 -758.78395695 105
CF3 10 36 0 -782.18359223 109
CF3 10 36 1 -777.91438546 109
CF3 10 36 2 -776.75392059 109
CF3 10 36 3 -777.20092146 109
CF3 10 36 4 -758.75256941 105
CF3 10 37 0 -781.70210202 109
CF3 10 37 1 -775.58408446 109
CF3 10 37 2 -777.54115014 109
CF3 10 37 3 -763.28703182 106
CF3 10 37 4 -763.39576416 106
CF3 10 38 0 -786.28190070 110
CF3 10 38 1 -782.46454046 110
CF3 10 38 2 -781.78346249 110
CF3 10 38 3 -763.26321683 106
CF3 10 38 4 -763.60226853 106
CF3 10 39 0 -786.27090695 110
CF3 10 39 1 -782.37215555 110
CF3 10 39 2 -781.22785438 110
CF3 10 39 3 -762.98509130 107
CF3 10 39 4 -762.20563985 106
CF3 10 40 0 -785.99972864 110
CF3 10 40 1 -780.87966052 110
CF3 10 40 2 -782.01042709 110
CF3 10 40 3 -782.50782880 110
CF3 10 40 4 -762.27614988 106
CF3 10 41 0 -786.24738464 110
CF3 10 41 1 -780.16600615 110
CF3 10 41 2 -782.44542445 110
CF3 10 41 3 -782.26255325 110
CF3 10 41 4 -762.30327797 106
CF3 10 42 0 -786.97784147 110
CF3 10 42 1 -783.98321838 110
CF3 10 42 2 -786.41622481 110
CF3 10 42 3 -763.15351945 105
CF3 10 42 4 -762.79693175 105
CF3 10 43 0 -784.05321234 109
CF3 10 43 1 -779.33635656 109
CF3 10 43 2 -780.18663019 109
CF3 10 43 3 -763.01357917 105
CF3 10 43 4 -761.63501775 105
CF3 10 44 0 -784.77683939 109
CF3 10 44 1 -780.23850466 109
CF3 10 44 2 -781.50577827 109
CF3 10 44 3 -762.15419532 105
CF3 10 44 4 -761.80546272 105
CF3 10 45 0 -785.21790954 109
CF3 10 45 1 -779.73246867 109
CF3 10 45 2 -780.92612549 109
CF3 10 45 3 -762.74950954 105
CF3 10 45 4 -761.75733563 105
CF3 10 46 0 -784.66408627 109
CF3 10 46 1 -780.69964622 109
CF3 10 46 2 -776.62693586 108
CF3 10 46 3 -762.26974848 105
CF3 10 46 4 -762.97323583 105
CF3 10 47 0 -784.82466979 109
CF3 10 47 1 -780.82896500 109
CF3 10 47 2 -781.09725319 109
CF3 10 47 3 -762.90938294 106
CF3 10 47 4 -761.24405890 105
CF3 10 48 0 -785.20093069 109
CF3 10 48 1 -779.69183452 109
CF3 10 48 2 -780.71846984 109
CF3 10 48 3 -780.91453428 109
CF3 10 48 4 -780.18784033 109
CF3 10 49 0 -803.91346400 113
CF3 10 49 1 -799.34083228 113
CF3 10 49 2 -795.62900040 112
CF3 10 49 3 -762.26657948 105
CF3 10 49 4 -762.09976598 105
CF3 10 50 0 -785.21272786 109
CF3 10 50 1 -780.86645936 109
CF3 10 50 2 -782.20465157 109
CF3 10 50 3 -762.13370810 105
CF3 10 50 4 -763.64408976 105
CF3 30 1 0 -759.51148141 103
CF3 30 1 1 -740.18391443 103
CF3 30 1 2 -746.81694530 103
CF3 30 1 3 -749.41960273 103
CF3 30 1 4 -746.77818738 103
CF3 30 2 0 -785.59677012 107
CF3 30 2 1 -771.55423421 107
CF3 30 2 2 -775.01638313 107
CF3 30 2 3 -736.69528295 101
CF3 30 2 4 -735.56569263 101
CF3 30 3 0 -769.89301177 105
CF3 30 3 1 -750.33870884 105
CF3 30 3 2 -753.88845760 105
CF3 30 3 3 -754.36160150 105
CF3 30 3 4 -752.98394844 105
CF3 30 4 0 -787.49535574 109
CF3 30 4 1 -770.56067891 109
CF3 30 4 2 -769.65256918 109
CF3 30 4 3 -773.15697541 109
CF3 30 4 4 -760.82031681 107
CF3 30 5 0 -795.67014183 111
CF3 30 5 1 -779.77397125 111
CF3 30 5 2 -780.88775315 111
CF3 30 5 3 -760.26329155 108
CF3 30 5 4 -747.71915038 106
CF3 30 6 0 -783.11259396 110
CF3 30 6 1 -766.84553294 110
CF3 30 6 2 -770.03078390 110
CF3 30 6 3 -769.39845695 110
CF3 30 6 4 -766.12845030 109
CF3 30 7 0 -799.49142129 113
CF3 30 7 1 -784.10735060 113
CF3 30 7 2 -783.77434224 113
CF3 30 7 3 -772.21503654 111
CF3 30 7 4 -756.89535177 108
CF3 30 8 0 -789.63931179 112
CF3 30 8 1 -773.24983244 112
CF3 30 8 2 -776.97641912 112
CF3 30 8 3 -756.21690238 109
CF3 30 8 4 -760.58217938 109
CF3 30 9 0 -793.64473961 113
CF3 30 9 1 -773.53042675 113
CF3 30 9 2 -777.11512730 113
CF3 30 9 3 -775.80538308 113
CF3 30 9 4 -775.91720911 113
CF3 30 10 0 -820.06532105 117
CF3 30 10 1 -801.21785530 117
CF3 30 10 2 -802.84714353 117
CF3 30 10 3 -802.90548036 117
CF3 30 10 4 -778.13167221 112
CF3 30 11 0 -809.45063962 116
CF3 30 11 1 -788.61113992 116
CF3 30 11 2 -793.99291931 116
CF3 30 11 3 -774.90921322 113
CF3 30 11 4 -769.43822052 112
CF3 30 12 0 -794.91158189 115
CF3 30 12 1 -780.71864333 115
CF3 30 12 2 -777.48726489 115
CF3 30 12 3 -761.48140345 111
CF3 30 12 4 -763.66156414 111
CF3 30 13 0 -795.24019422 115
CF3 30 13 1 -784.67633818 115
CF3 30 13 2 -784.81962201 115
CF3 30 13 3 -782.39089219 115
CF3 30 13 4 -781.39199457 115
CF3 30 14 0 -782.66812891 112
CF3 30 14 1 -766.27932741 112
CF3 30 14 2 -764.11716541 112
CF3 30 14 3 -766.09460174 112
CF3 30 14 4 -751.97415347 109
CF3 30 15 0 -782.92903373 113
CF3 30 15 1 -768.86643204 113
CF3 30 15 2 -768.12049738 113
CF3 30 15 3 -749.47053727 109
CF3 30 15 4 -746.78400863 108
CF3 30 16 0 -770.87485918 111
CF3 30 16 1 -753.04958911 111
CF3 30 16 2 -757.39181419 111
CF3 30 16 3 -757.70550718 111
CF3 30 16 4 -728.81848324 107
CF3 30 17 0 -764.06267397 110
CF3 30 17 1 -753.43397992 110
CF3 30 17 2 -743.92811262 108
CF3 30 17 3 -744.10496705 108
CF3 30 17 4 -724.99159339 105
CF3 30 18 0 -761.62426803 109
CF3 30 18 1 -739.82620451 109
CF3 30 18 2 -743.57997918 109
CF3 30 18 3 -741.77195783 109
CF3 30 18 4 -746.79690386 109
CF3 30 19 0 -779.84857601 113
CF3 30 19 1 -763.12275706 113
CF3 30 19 2 -768.00534951 113
CF3 30 19 3 -741.66549637 108
CF3 30 19 4 -729.34393893 106
CF3 30 20 0 -763.36572900 110
CF3 30 20 1 -746.18001100 110
CF3 30 20 2 -748.50083706 110
CF3 30 20 3 -733.17646556 107
CF3 30 20 4 -734.50866262 107
CF3 30 21 0 -765.81978469 111
CF3 30 21 1 -750.77759857 111
CF3 30 21 2 -739.68205538 110
CF3 30 21 3 -718.80989507 105
CF3 30 21 4 -706.91220184 103
CF3 30 22 0 -735.20609571 107
CF3 30 22 1 -723.36409301 107
CF3 30 22 2 -703.97685635 104
CF3 30 22 3 -684.48053386 100
CF3 30 22 4 -682.89232584 100
CF3 30 23 0 -715.22440596 104
CF3 30 23 1 -698.82558009 104
CF3 30 23 2 -696.69192110 104
CF3 30 23 3 -702.61859424 104
CF3 30 23 4 -691.77974525 103
CF3 30 24 0 -726.52508280 107
CF3 30 24 1 -713.82348917 107
CF3 30 24 2 -715.92137224 107
CF3 30 24 3 -699.34078351 104
CF3 30 24 4 -701.93222016 104
CF3 30 25 0 -731.14682606 107
CF3 30 25 1 -721.19866601 107
CF3 30 25 2 -719.05556888 106
CF3 30 25 3 -689.99962157 101
CF3 30 25 4 -660.92822935 97
CF3 30 26 0 -693.87965286 101
CF3 30 26 1 -677.48116581 101
CF3 30 26 2 -680.50844859 101
CF3 30 26 3 -672.60557458 100
CF3 30 26 4 -665.32153983 99
CF3 30 27 0 -700.97411717 103
CF3 30 27 1 -687.19399928 103
CF3 30 27 2 -687.92356122 103
CF3 30 27 3 -672.10712428 100
CF3 30 27 4 -672.52085197 100
CF3 30 28 0 -685.91678430 101
CF3 30 28 1 -669.24362367 101
CF3 30 28 2 -669.35885177 101
CF3 30 28 3 -655.30336703 99
CF3 30 28 4 -642.19445181 97
CF3 30 29 0 -679.24965379 101
CF3 30 29 1 -665.22407694 101
CF3 30 29 2 -666.81610312 100
CF3 30 29 3 -634.79499694 94
CF3 30 29 4 -575.94286343 84
CF3 30 30 0 -603.02026270 88
CF3 30 30 1 -586.78876005 88
CF3 30 30 2 -587.36347914 88
CF3 30 30 3 -572.06165577 85
CF3 30 30 4 -572.30667020 85
CF3 30 31 0 -605.37965462 89
CF3 30 31 1 -588.52408679 89
CF3 30 31 2 -585.97921202 89
CF3 30 31 3 -573.91449511 86
CF3 30 31 4 -573.25843948 86
CF3 30 32 0 -604.34290362 90
CF3 30 32 1 -594.00615228 90
CF3 30 32 2 -590.64106256 90
CF3 30 32 3 -584.26831382 89
CF3 30 32 4 -551.75037949 84
CF3 30 33 0 -554.37204685 83
CF3 30 33 1 -537.59923644 83
CF3 30 33 2 -538.50089952 82
CF3 30 33 3 -522.89345477 80
CF3 30 33 4 -522.91605352 79
CF3 30 34 0 -555.93026221 83
CF3 30 34 1 -549.07191385 83
CF3 30 34 2 -549.43564740 83
CF3 30 34 3 -533.76493934 81
CF3 30 34 4 -505.48477789 75
CF3 30 35 0 -528.88378296 78
CF3 30 35 1 -514.09445765 78
CF3 30 35 2 -518.15843064 78
CF3 30 35 3 -505.54847139 76
CF3 30 35 4 -471.18133827 69
CF3 30 36 0 -501.50337203 73
CF3 30 36 1 -493.78710735 73
CF3 30 36 2 -494.73916063 73
CF3 30 36 3 -491.26050512 72
CF3 30 36 4 -477.38632661 69
CF3 30 37 0 -502.48073666 73
CF3 30 37 1 -488.69574126 72
CF3 30 37 2 -489.20241393 72
CF3 30 37 3 -474.43919725 69
CF3 30 37 4 -474.55091791 69
CF3 30 38 0 -502.37269719 73
CF3 30 38 1 -486.51814334 73
CF3 30 38 2 -488.34587584 73
CF3 30 38 3 -488.08262763 73
CF3 30 38 4 -471.02572436 69
CF3 30 39 0 -502.73185341 73
CF3 30 39 1 -482.71851469 73
CF3 30 39 2 -485.25397643 73
CF3 30 39 3 -488.12828585 73
CF3 30 39 4 -475.67622326 71
CF3 30 40 0 -509.46873087 75
CF3 30 40 1 -494.48650991 75
CF3 30 40 2 -494.89170125 75
CF3 30 40 3 -494.81591326 75
CF3 30 40 4 -468.97253170 70
CF3 30 41 0 -496.70895724 74
CF3 30 41 1 -480.58066813 74
CF3 30 41 2 -484.39453018 74
CF3 30 41 3 -470.74386427 71
CF3 30 41 4 -470.84559090 71
CF3 30 42 0 -503.54272211 75
CF3 30 42 1 -489.02845121 75
CF3 30 42 2 -488.09486737 75
CF3 30 42 3 -486.32736488 75
CF3 30 42 4 -451.90922137 68
CF3 30 43 0 -483.87067965 72
CF3 30 43 1 -466.03521468 72
CF3 30 43 2 -469.62999178 71
CF3 30 43 3 -466.53644837 71
CF3 30 43 4 -447.81652338 67
CF3 30 44 0 -479.24089622 71
CF3 30 44 1 -462.76832942 71
CF3 30 44 2 -464.95075733 71
CF3 30 44 3 -468.53195649 71
CF3 30 44 4 -452.53322284 68
CF3 30 45 0 -485.07259069 72
CF3 30 45 1 -470.80880645 72
CF3 30 45 2 -468.17253795 72
CF3 30 45 3 -455.89686617 69
CF3 30 45 4 -457.09777732 69
CF3 30 46 0 -487.29754336 73
CF3 30 46 1 -469.19497715 73
CF3 30 46 2 -474.66734389 73
CF3 30 46 3 -473.18669751 73
CF3 30 46 4 -457.79946466 70
CF3 30 47 0 -482.19600217 73
CF3 30 47 1 -447.39279726 70
CF3 30 47 2 -439.05069279 68
CF3 30 47 3 -437.48648656 68
CF3 30 47 4 -440.66606822 68
CF3 30 48 0 -468.65518620 72
CF3 30 48 1 -452.52997306 71
CF3 30 48 2 -450.76707972 71
CF3 30 48 3 -432.61116367 67
CF3 30 48 4 -432.02888656 67
CF3 30 49 0 -467.11303886 71
CF3 30 49 1 -454.68585675 71
CF3 30 49 2 -442.63545724 70
CF3 30 49 3 -442.39740319 68
CF3 30 49 4 -414.81756449 63
CF3 30 50 0 -435.88900589 66
CF3 30 50 1 -420.15095462 66
CF3 30 50 2 -419.24664143 65
CF3 30 50 3 -416.37382752 65
CF3 30 50 4 -397.18140377 62
CH2F 10 1 0 -758.56661496 103
CH2F 10 1 1 -751.88127052 103
CH2F 10 1 2 -754.55358483 103
CH2F 10 1 3 -755.80705257 103
CH2F 10 1 4 -755.18143248 103
CH2F 10 2 0 -780.27748254 107
CH2F 10 2 1 -775.53697404 107
CH2F 10 2 2 -774.48583250 107
CH2F 10 2 3 -772.08589302 106
CH2F 10 2 4 -774.75065502 106
CH2F 10 3 0 -801.71193782 110
CH2F 10 3 1 -797.12659660 110
CH2F 10 3 2 -797.70703383 110
CH2F 10 3 3 -800.90218184 110
CH2F 10 3 4 -798.99065939 110
CH2F 10 4 0 -821.61645068 114
CH2F 10 4 1 -815.30566177 114
CH2F 10 4 2 -818.57325261 114
CH2F 10 4 3 -817.75151494 114
CH2F 10 4 4 -804.90374877 111
CH2F 10 5 0 -825.73320411 115
CH2F 10 5 1 -820.30710726 115
CH2F 10 5 2 -820.94120366 115
CH2F 10 5 3 -821.87003689 115
CH2F 10 5 4 -820.80046981 115
CH2F 10 6 0 -844.77130265 119
CH2F 10 6 1 -839.09075543 119
CH2F 10 6 2 -836.70843292 119
CH2F 10 6 3 -830.54084627 117
CH2F 10 6 4 -827.48385780 116
CH2F 10 7 0 -830.57311525 116
CH2F 10 7 1 -823.54919676 116
CH2F 10 7 2 -823.71488075 116
CH2F 10 7 3 -816.45256536 114
CH2F 10 7 4 -815.05794753 114
CH2F 10 8 0 -838.37022237 118
CH2F 10 8 1 -834.12543538 118
CH2F 10 8 2 -834.29656484 118
CH2F 10 8 3 -835.48641445 118
CH2F 10 8 4 -832.56443531 117
CH2F 10 9 0 -851.31796571 119
CH2F 10 9 1 -847.95714905 119
CH2F 10 9 2 -847.31989822 119
CH2F 10 9 3 -829.87374640 115
CH2F 10 9 4 -828.89388534 115
CH2F 10 10 0 -852.19303645 119
CH2F 10 10 1 -848.51522249 119
CH2F 10 10 2 -849.61605145 119
CH2F 10 10 3 -792.98102412 110
CH2F 10 10 4 -785.51378343 108
CH2F 10 11 0 -808.11409734 112
CH2F 10 11 1 -803.17183092 112
CH2F 10 11 2 -804.52494769 112
CH2F 10 11 3 -804.16492038 112
CH2F 10 11 4 -803.28556847 112
CH2F 10 12 0 -826.73741964 116
CH2F 10 12 1 -824.19424361 116
CH2F 10 12 2 -823.77447508 116
CH2F 10 12 3 -805.32976313 112
CH2F 10 12 4 -805.56195010 112
CH2F 10 13 0 -828.53574502 116
CH2F 10 13 1 -823.38983727 116
CH2F 10 13 2 -822.26357910 116
CH2F 10 13 3 -823.28255849 116
CH2F 10 13 4 -822.85689731 116
CH2F 10 14 0 -847.61846120 120
CH2F 10 14 1 -842.08146869 120
CH2F 10 14 2 -842.89102286 120
CH2F 10 14 3 -844.49374240 120
CH2F 10 14 4 -792.06670431 110
CH2F 10 15 0 -813.37011295 113
CH2F 10 15 1 -808.71266253 113
CH2F 10 15 2 -808.97096049 113
CH2F 10 15 3 -808.50334102 113
CH2F 10 15 4 -808.62475085 113
CH2F 10 16 0 -831.71686113 117
CH2F 10 16 1 -831.27594057 117
CH2F 10 16 2 -828.54300675 117
CH2F 10 16 3 -819.38583396 115
CH2F 10 16 4 -822.86059862 115
CH2F 10 17 0 -848.92441977 119
CH2F 10 17 1 -845.19163654 119
CH2F 10 17 2 -827.46819229 115
CH2F 10 17 3 -827.68962393 115
CH2F 10 17 4 -828.88157473 115
CH2F 10 18 0 -848.72768049 119
CH2F 10 18 1 -843.40824474 119
CH2F 10 18 2 -846.69436355 119
CH2F 10 18 3 -848.28054978 119
CH2F 10 18 4 -848.24313946 119
CH2F 10 19 0 -872.38376667 123
CH2F 10 19 1 -868.45963287 123
CH2F 10 19 2 -868.25038882 123
CH2F 10 19 3 -841.71618259 119
CH2F 10 19 4 -843.46932713 119
CH2F 10 20 0 -869.07518081 123
CH2F 10 20 1 -865.32372497 123
CH2F 10 20 2 -864.75423993 123
CH2F 10 20 3 -827.81066576 116
CH2F 10 20 4 -828.41287666 116
CH2F 10 21 0 -852.48854982 120
CH2F 10 21 1 -849.63103946 120
CH2F 10 21 2 -830.16495799 117
CH2F 10 21 3 -824.30735942 115
CH2F 10 21 4 -822.26450656 115
CH2F 10 22 0 -847.55806094 119
CH2F 10 22 1 -844.22468929 119
CH2F 10 22 2 -844.14966213 119
CH2F 10 22 3 -832.92904179 117
CH2F 10 22 4 -835.80014689 117
CH2F 10 23 0 -859.31520237 121
CH2F 10 23 1 -855.11226521 121
CH2F 10 23 2 -855.54365570 121
CH2F 10 23 3 -837.47252296 117
CH2F 10 23 4 -835.77778564 117
CH2F 10 24 0 -859.12540497 121
CH2F 10 24 1 -856.71216643 121
CH2F 10 24 2 -853.72852742 121
CH2F 10 24 3 -837.52774969 117
CH2F 10 24 4 -836.52656206 117
CH2F 10 25 0 -861.06143138 121
CH2F 10 25 1 -856.81701654 121
CH2F 10 25 2 -837.57784966 117
CH2F 10 25 3 -836.07984094 117
CH2F 10 25 4 -832.60986470 116
CH2F 10 26 0 -855.10705852 120
CH2F 10 26 1 -851.28181090 120
CH2F 10 26 2 -852.49802255 120
CH2F 10 26 3 -827.99537852 115
CH2F 10 26 4 -822.56135060 114
CH2F 10 27 0 -847.61445887 118
CH2F 10 27 1 -841.75093518 118
CH2F 10 27 2 -840.73147146 118
CH2F 10 27 3 -841.03584455 118
CH2F 10 27 4 -844.05354146 118
CH2F 10 28 0 -867.24002067 122
CH2F 10 28 1 -860.07851427 122
CH2F 10 28 2 -853.99309941 120
CH2F 10 28 3 -855.15887357 120
CH2F 10 28 4 -853.96196626 120
CH2F 10 29 0 -875.89354112 124
CH2F 10 29 1 -871.86444636 124
CH2F 10 29 2 -871.46515321 124
CH2F 10 29 3 -871.53027866 124
CH2F 10 29 4 -848.90729168 119
CH2F 10 30 0 -870.79927853 123
CH2F 10 30 1 -869.62002291 123
CH2F 10 30 2 -866.04849959 123
CH2F 10 30 3 -866.52870029 123
CH2F 10 30 4 -865.54183981 123
CH2F 10 31 0 -893.91389857 127
CH2F 10 31 1 -888.76432042 127
CH2F 10 31 2 -882.92546840 126
CH2F 10 31 3 -871.45887930 123
CH2F 10 31 4 -872.20573045 123
CH2F 10 32 0 -891.94895347 127
CH2F 10 32 1 -887.04775655 127
CH2F 10 32 2 -889.70533803 127
CH2F 10 32 3 -888.64715249 127
CH2F 10 32 4 -888.77741063 127
CH2F 10 33 0 -912.63935345 131
CH2F 10 33 1 -912.02208321 131
CH2F 10 33 2 -910.37919348 131
CH2F 10 33 3 -882.95494615 125
CH2F 10 33 4 -882.93552762 125
CH2F 10 34 0 -895.36370311 127
CH2F 10 34 1 -892.30018107 127
CH2F 10 34 2 -886.21793066 125
CH2F 10 34 3 -884.13981657 125
CH2F 10 34 4 -876.04217761 123
CH2F 10 35 0 -900.31360554 127
CH2F 10 35 1 -895.78314436 127
CH2F 10 35 2 -869.63540074 123
CH2F 10 35 3 -870.01864600 123
CH2F 10 35 4 -872.88270426 123
CH2F 10 36 0 -864.71501548 121
CH2F 10 36 1 -862.12487547 121
CH2F 10 36 2 -857.67610366 120
CH2F 10 36 3 -858.70444552 120
CH2F 10 36 4 -855.93183598 120
CH2F 10 37 0 -882.92192833 124
CH2F 10 37 1 -876.95771466 124
CH2F 10 37 2 -876.70075999 124
CH2F 10 37 3 -877.59593639 124
CH2F 10 37 4 -877.94050612 124
CH2F 10 38 0 -899.84619451 128
CH2F 10 38 1 -894.81829588 128
CH2F 10 38 2 -890.36911725 127
CH2F 10 38 3 -889.71412489 127
CH2F 10 38 4 -890.88949333 127
CH2F 10 39 0 -913.38791129 131
CH2F 10 39 1 -909.43336551 131
CH2F 10 39 2 -910.59482758 131
CH2F 10 39 3 -892.50458953 127
CH2F 10 39 4 -883.66032811 125
CH2F 10 40 0 -906.35032308 129
CH2F 10 40 1 -896.87322299 128
CH2F 10 40 2 -897.66374864 128
CH2F 10 40 3 -900.98593751 128
CH2F 10 40 4 -894.45019764 127
CH2F 10 41 0 -913.46359946 130
CH2F 10 41 1 -910.79733681 130
CH2F 10 41 2 -909.09814315 130
CH2F 10 41 3 -910.77747285 130
CH2F 10 41 4 -909.14230162 130
CH2F 10 42 0 -935.31531355 134
CH2F 10 42 1 -928.77633653 134
CH2F 10 42 2 -931.03242510 134
CH2F 10 42 3 -925.62803606 133
CH2F 10 42 4 -883.31340036 125
CH2F 10 43 0 -903.16953120 127
CH2F 10 43 1 -901.87710541 127
CH2F 10 43 2 -900.71656231 127
CH2F 10 43 3 -900.19460858 127
CH2F 10 43 4 -900.68242105 127
CH2F 10 44 0 -924.19991040 131
CH2F 10 44 1 -923.21282393 131
CH2F 10 44 2 -923.48371723 131
CH2F 10 44 3 -849.92618982 120
CH2F 10 44 4 -844.81795998 118
CH2F 10 45 0 -870.02319653 122
CH2F 10 45 1 -865.19733142 122
CH2F 10 45 2 -865.66659439 122
CH2F 10 45 3 -864.77679146 122
CH2F 10 45 4 -865.49610754 122
CH2F 10 46 0 -889.39064168 126
CH2F 10 46 1 -884.60619938 126
CH2F 10 46 2 -884.34417666 126
CH2F 10 46 3 -865.54729464 122
CH2F 10 46 4 -864.27403558 122
CH2F 10 47 0 -888.73007955 126
CH2F 10 47 1 -885.48959610 126
CH2F 10 47 2 -884.95233219 126
CH2F 10 47 3 -885.13329494 126
CH2F 10 47 4 -866.24242604 123
CH2F 10 48 0 -893.82632452 127
CH2F 10 48 1 -890.99544596 127
CH2F 10 48 2 -889.73297246 127
CH2F 10 48 3 -888.86839381 127
CH2F 10 48 4 -890.71536974 127
CH2F 10 49 0 -913.68276056 131
CH2F 10 49 1 -911.55431583 131
CH2F 10 49 2 -888.45216259 126
CH2F 10 49 3 -887.72826816 126
CH2F 10 49 4 -888.86015819 126
CH2F 10 50 0 -909.84347111 130
CH2F 10 50 1 -906.80163521 130
CH2F 10 50 2 -886.04080254 126
CH2F 10 50 3 -886.47191702 126
CH2F 10 50 4 -887.42276222 126
CH2F 30 1 0 -758.56405478 103
CH2F 30 1 1 -743.26192946 103
CH2F 30 1 2 -745.79031974 103
CH2F 30 1 3 -731.13788245 100
CH2F 30 1 4 -731.53949227 100
CH2F 30 2 0 -766.60606940 104
CH2F 30 2 1 -747.72101205 104
CH2F 30 2 2 -748.76899984 104
CH2F 30 2 3 -750.39173495 104
CH2F 30 2 4 -751.41189661 104
CH2F 30 3 0 -786.32753109 108
CH2F 30 3 1 -767.27123267 108
CH2F 30 3 2 -771.07001003 108
CH2F 30 3 3 -771.47579801 108
CH2F 30 3 4 -751.06123328 104
CH2F 30 4 0 -781.36596664 108
CH2F 30 4 1 -761.19490079 108
CH2F 30 4 2 -764.19034262 108
CH2F 30 4 3 -749.56303312 106
CH2F 30 4 4 -751.51507785 106
CH2F 30 5 0 -784.34889613 110
CH2F 30 5 1 -766.35445925 110
CH2F 30 5 2 -770.12994211 110
CH2F 30 5 3 -768.84648421 110
CH2F 30 5 4 -771.01447936 110
CH2F 30 6 0 -809.84572799 114
CH2F 30 6 1 -792.04637137 114
CH2F 30 6 2 -793.38830691 114
CH2F 30 6 3 -796.07858763 114
CH2F 30 6 4 -779.78742135 112
CH2F 30 7 0 -812.59387490 116
CH2F 30 7 1 -796.50047841 116
CH2F 30 7 2 -791.90249944 116
CH2F 30 7 3 -795.39389850 116
CH2F 30 7 4 -782.21166460 114
CH2F 30 8 0 -818.25983759 117
CH2F 30 8 1 -794.37950299 117
CH2F 30 8 2 -796.74178111 117
CH2F 30 8 3 -801.26035904 117
CH2F 30 8 4 -797.10028174 117
CH2F 30 9 0 -837.00409289 121
CH2F 30 9 1 -820.24802147 121
CH2F 30 9 2 -815.26123458 120
CH2F 30 9 3 -814.47111133 120
CH2F 30 9 4 -818.11580069 120
CH2F 30 10 0 -851.71467840 124
CH2F 30 10 1 -832.32908346 124
CH2F 30 10 2 -826.80984946 122
CH2F 30 10 3 -825.63356119 122
CH2F 30 10 4 -820.47545902 121
CH2F 30 11 0 -852.71022694 125
CH2F 30 11 1 -837.19779703 125
CH2F 30 11 2 -837.36128349 125
CH2F 30 11 3 -835.10942667 125
CH2F 30 11 4 -797.38871138 118
CH2F 30 12 0 -810.64833661 118
CH2F 30 12 1 -795.88147403 118
CH2F 30 12 2 -790.56288377 118
CH2F 30 12 3 -785.07979435 116
CH2F 30 12 4 -789.52587696 116
CH2F 30 13 0 -818.16565052 120
CH2F 30 13 1 -808.58153057 120
CH2F 30 13 2 -798.32547901 119
CH2F 30 13 3 -798.57196036 119
CH2F 30 13 4 -774.33937228 114
CH2F 30 14 0 -807.27281568 118
CH2F 30 14 1 -796.37077500 118
CH2F 30 14 2 -791.22365755 118
CH2F 30 14 3 -793.10250202 118
CH2F 30 14 4 -784.18733284 116
CH2F 30 15 0 -819.86933523 120
CH2F 30 15 1 -803.05722516 120
CH2F 30 15 2 -801.73896392 120
CH2F 30 15 3 -802.60612263 120
CH2F 30 15 4 -790.99441149 118
CH2F 30 16 0 -820.39997749 122
CH2F 30 16 1 -799.85059889 122
CH2F 30 16 2 -800.36938114 122
CH2F 30 16 3 -803.14045971 122
CH2F 30 16 4 -772.70701342 117
CH2F 30 17 0 -806.90747058 121
CH2F 30 17 1 -799.53445808 121
CH2F 30 17 2 -781.95091139 117
CH2F 30 17 3 -774.44800195 115
CH2F 30 17 4 -776.27219641 115
CH2F 30 18 0 -796.82819991 119
CH2F 30 18 1 -784.03297471 119
CH2F 30 18 2 -785.89216715 119
CH2F 30 18 3 -751.23632787 112
CH2F 30 18 4 -630.87089519 92
CH2F 30 19 0 -632.60922539 91
CH2F 30 19 1 -615.02486212 91
CH2F 30 19 2 -616.51816383 91
CH2F 30 19 3 -616.88374564 91
CH2F 30 19 4 -617.97604536 91
CH2F 30 20 0 -653.31546032 95
CH2F 30 20 1 -616.48577672 93
CH2F 30 20 2 -616.47743725 92
CH2F 30 20 3 -600.91739275 90
CH2F 30 20 4 -580.59435921 88
CH2F 30 21 0 -616.40653433 92
CH2F 30 21 1 -601.50789392 92
CH2F 30 21 2 -599.75901672 92
CH2F 30 21 3 -606.27011145 92
CH2F 30 21 4 -593.16994294 90
CH2F 30 22 0 -616.98921885 93
CH2F 30 22 1 -606.32291881 93
CH2F 30 22 2 -590.71274498 90
CH2F 30 22 3 -587.27185934 90
CH2F 30 22 4 -563.38909482 85
CH2F 30 23 0 -587.48553065 88
CH2F 30 23 1 -572.05508963 88
CH2F 30 23 2 -571.37139388 87
CH2F 30 23 3 -573.62226379 87
CH2F 30 23 4 -558.70448823 84
CH2F 30 24 0 -593.95884450 88
CH2F 30 24 1 -574.32820498 88
CH2F 30 24 2 -570.50693477 87
CH2F 30 24 3 -551.11443228 83
CH2F 30 24 4 -551.68725904 83
CH2F 30 25 0 -581.81923067 87
CH2F 30 25 1 -560.45306969 87
CH2F 30 25 2 -551.00955947 85
CH2F 30 25 3 -551.67366970 85
CH2F 30 25 4 -556.02333767 85
CH2F 30 26 0 -585.91748790 89
CH2F 30 26 1 -565.24907956 89
CH2F 30 26 2 -564.60255303 89
CH2F 30 26 3 -535.54876975 82
CH2F 30 26 4 -535.76781700 82
CH2F 30 27 0 -567.22636329 86
CH2F 30 27 1 -550.40403389 86
CH2F 30 27 2 -550.99256084 86
CH2F 30 27 3 -549.02117176 86
CH2F 30 27 4 -550.52414212 86
CH2F 30 28 0 -581.58697852 90
CH2F 30 28 1 -554.52130854 88
CH2F 30 28 2 -557.53358105 88
CH2F 30 28 3 -556.64213822 87
CH2F 30 28 4 -525.17742831 81
CH2F 30 29 0 -561.05025495 85
CH2F 30 29 1 -544.45953489 85
CH2F 30 29 2 -535.36471054 82
CH2F 30 29 3 -525.23206280 81
CH2F 30 29 4 -527.00819992 80
CH2F 30 30 0 -558.11585593 84
CH2F 30 30 1 -541.22503236 84
CH2F 30 30 2 -537.08889140 82
CH2F 30 30 3 -538.48509786 82
CH2F 30 30 4 -538.59339598 82
CH2F 30 31 0 -570.52367734 86
CH2F 30 31 1 -555.32138498 85
CH2F 30 31 2 -552.71122145 85
CH2F 30 31 3 -545.78309410 85
CH2F 30 31 4 -551.90341269 83
CH2F 30 32 0 -565.64690081 86
CH2F 30 32 1 -550.80477270 86
CH2F 30 32 2 -549.03115607 86
CH2F 30 32 3 -540.43997918 84
CH2F 30 32 4 -524.41533995 79
CH2F 30 33 0 -555.49485528 83
CH2F 30 33 1 -536.89652841 83
CH2F 30 33 2 -538.91208392 83
CH2F 30 33 3 -535.57955193 82
CH2F 30 33 4 -538.62847975 82
CH2F 30 34 0 -576.01748132 86
CH2F 30 34 1 -571.34392865 86
CH2F 30 34 2 -559.07805048 84
CH2F 30 34 3 -535.26768899 79
CH2F 30 34 4 -533.96078533 79
CH2F 30 35 0 -554.67611111 83
CH2F 30 35 1 -540.37093082 82
CH2F 30 35 2 -540.45719340 82
CH2F 30 35 3 -539.28319752 82
CH2F 30 35 4 -542.05802405 82
CH2F 30 36 0 -576.67953737 86
CH2F 30 36 1 -560.20601856 86
CH2F 30 36 2 -563.98889126 86
CH2F 30 36 3 -555.50938021 84
CH2F 30 36 4 -558.01759301 84
CH2F 30 37 0 -586.97882952 88
CH2F 30 37 1 -562.77710698 87
CH2F 30 37 2 -565.61729885 87
CH2F 30 37 3 -565.82247997 87
CH2F 30 37 4 -567.33936046 87
CH2F 30 38 0 -596.64789401 91
CH2F 30 38 1 -577.60959017 91
CH2F 30 38 2 -580.15052367 91
CH2F 30 38 3 -582.42269532 91
CH2F 30 38 4 -547.30835498 86
CH2F 30 39 0 -575.79797911 88
CH2F 30 39 1 -555.97371670 84
CH2F 30 39 2 -554.52920440 84
CH2F 30 39 3 -553.64201720 84
CH2F 30 39 4 -551.47362708 83
CH2F 30 40 0 -573.71898487 87
CH2F 30 40 1 -558.17745546 87
CH2F 30 40 2 -561.75097522 87
CH2F 30 40 3 -560.78806578 87
CH2F 30 40 4 -557.98108190 87
CH2F 30 41 0 -598.51140046 91
CH2F 30 41 1 -582.84142446 91
CH2F 30 41 2 -555.79787491 86
CH2F 30 41 3 -547.56162510 83
CH2F 30 41 4 -539.05832603 81
CH2F 30 42 0 -570.89359503 85
CH2F 30 42 1 -551.33074147 85
CH2F 30 42 2 -551.36738019 85
CH2F 30 42 3 -552.11155816 85
CH2F 30 42 4 -552.75336086 85
CH2F 30 43 0 -589.79548969 89
CH2F 30 43 1 -576.02085476 89
CH2F 30 43 2 -578.74672250 89
CH2F 30 43 3 -576.08926987 89
CH2F 30 43 4 -576.39910600 89
CH2F 30 44 0 -610.92700111 93
CH2F 30 44 1 -595.10562004 93
CH2F 30 44 2 -597.47585906 93
CH2F 30 44 3 -582.17730615 91
CH2F 30 44 4 -585.76886567 91
CH2F 30 45 0 -621.30883543 95
CH2F 30 45 1 -605.60663233 95
CH2F 30 45 2 -605.38090834 95
CH2F 30 45 3 -591.72386085 92
CH2F 30 45 4 -506.72432244 79
CH2F 30 46 0 -537.23558010 83
CH2F 30 46 1 -511.53046195 80
CH2F 30 46 2 -512.87209492 80
CH2F 30 46 3 -495.06353381 76
CH2F 30 46 4 -497.98922573 76
CH2F 30 47 0 -529.47533954 80
CH2F 30 47 1 -515.15129793 80
CH2F 30 47 2 -520.33630419 80
CH2F 30 47 3 -518.73344281 80
CH2F 30 47 4 -495.07407576 77
CH2F 30 48 0 -537.93927504 81
CH2F 30 48 1 -519.04006748 81
CH2F 30 48 2 -520.43715898 81
CH2F 30 48 3 -514.55157200 81
CH2F 30 48 4 -510.29113328 79
CH2F 30 49 0 -546.42917672 83
CH2F 30 49 1 -532.03856202 83
CH2F 30 49 2 -531.61753183 83
CH2F 30 49 3 -524.63001740 81
CH2F 30 49 4 -520.52293192 79
CH2F 30 50 0 -549.17039213 83
CH2F 30 50 1 -533.45123300 83
CH2F 30 50 2 -530.17577454 82
CH2F 30 50 3 -531.76593923 82
CH2F 30 50 4 -506.49151471 79
CHF2 10 1 0 -759.01908456 103
CHF2 10 1 1 -755.48864725 103
CHF2 10 1 2 -759.20136896 103
CHF2 10 1 3 -739.74448680 99
CHF2 10 1 4 -739.22137891 99
CHF2 10 2 0 -762.57898102 103
CHF2 10 2 1 -756.31608607 103
CHF2 10 2 2 -759.13556343 103
CHF2 10 2 3 -744.37281837 100
CHF2 10 2 4 -745.67614408 100
CHF2 10 3 0 -769.55599260 104
CHF2 10 3 1 -765.74433372 104
CHF2 10 3 2 -763.37255157 104
CHF2 10 3 3 -746.25892111 100
CHF2 10 3 4 -747.28716990 100
CHF2 10 4 0 -768.92914856 104
CHF2 10 4 1 -763.79267757 104
CHF2 10 4 2 -763.25792068 104
CHF2 10 4 3 -739.96719452 99
CHF2 10 4 4 -740.05666418 99
CHF2 10 5 0 -763.35723391 103
CHF2 10 5 1 -760.13288200 103
CHF2 10 5 2 -759.94243101 103
CHF2 10 5 3 -759.46501553 103
CHF2 10 5 4 -741.82977337 99
CHF2 10 6 0 -763.17169147 103
CHF2 10 6 1 -756.82209651 103
CHF2 10 6 2 -757.17084948 103
CHF2 10 6 3 -756.50750217 103
CHF2 10 6 4 -758.84456402 103
CHF2 10 7 0 -782.67410999 107
CHF2 10 7 1 -778.85201925 107
CHF2 10 7 2 -779.57100756 107
CHF2 10 7 3 -778.72723976 107
CHF2 10 7 4 -779.26856158 107
CHF2 10 8 0 -803.83957651 111
CHF2 10 8 1 -795.61054576 111
CHF2 10 8 2 -795.39694701 111
CHF2 10 8 3 -797.12783504 111
CHF2 10 8 4 -798.02807484 111
CHF2 10 9 0 -824.20686391 115
CHF2 10 9 1 -818.53568080 115
CHF2 10 9 2 -818.50879381 115
CHF2 10 9 3 -819.16286007 115
CHF2 10 9 4 -821.65288438 115
CHF2 10 10 0 -844.32586791 119
CHF2 10 10 1 -840.48904059 119
CHF2 10 10 2 -840.90942502 119
CHF2 10 10 3 -818.01046585 114
CHF2 10 10 4 -817.36198650 114
CHF2 10 11 0 -840.04532823 118
CHF2 10 11 1 -834.34393286 118
CHF2 10 11 2 -827.58636833 117
CHF2 10 11 3 -813.81104735 115
CHF2 10 11 4 -811.15491672 114
CHF2 10 12 0 -814.51207648 114
CHF2 10 12 1 -807.65024472 114
CHF2 10 12 2 -809.91521542 113
CHF2 10 12 3 -808.67379776 113
CHF2 10 12 4 -811.03031021 113
CHF2 10 13 0 -835.20894780 117
CHF2 10 13 1 -832.37853620 117
CHF2 10 13 2 -829.76278951 117
CHF2 10 13 3 -830.15733608 117
CHF2 10 13 4 -831.99164250 117
CHF2 10 14 0 -854.67444171 121
CHF2 10 14 1 -849.88623445 121
CHF2 10 14 2 -849.18835233 121
CHF2 10 14 3 -849.35972480 121
CHF2 10 14 4 -851.93596015 121
CHF2 10 15 0 -876.28714664 125
CHF2 10 15 1 -870.75533192 125
CHF2 10 15 2 -873.80137527 125
CHF2 10 15 3 -873.64260454 125
CHF2 10 15 4 -854.78984780 123
CHF2 10 16 0 -882.19962058 127
CHF2 10 16 1 -878.44268042 127
CHF2 10 16 2 -880.28257350 127
CHF2 10 16 3 -880.08513634 127
CHF2 10 16 4 -880.37055270 127
CHF2 10 17 0 -908.09891968 131
CHF2 10 17 1 -906.68723126 131
CHF2 10 17 2 -880.89246597 126
CHF2 10 17 3 -882.39665354 126
CHF2 10 17 4 -880.11032067 126
CHF2 10 18 0 -904.11873434 130
CHF2 10 18 1 -898.47265714 130
CHF2 10 18 2 -899.88893904 130
CHF2 10 18 3 -854.98126977 123
CHF2 10 18 4 -853.75192298 122
CHF2 10 19 0 -877.64277012 126
CHF2 10 19 1 -873.73388386 126
CHF2 10 19 2 -867.27272837 125
CHF2 10 19 3 -847.09868553 121
CHF2 10 19 4 -850.40609096 121
CHF2 10 20 0 -873.97705383 125
CHF2 10 20 1 -871.83277611 125
CHF2 10 20 2 -869.20536193 125
CHF2 10 20 3 -852.38719961 121
CHF2 10 20 4 -851.72994321 121
CHF2 10 21 0 -874.34054460 125
CHF2 10 21 1 -869.10511688 125
CHF2 10 21 2 -869.40802634 125
CHF2 10 21 3 -852.20306422 122
CHF2 10 21 4 -843.86259853 120
CHF2 10 22 0 -868.68118865 124
CHF2 10 22 1 -862.93226318 124
CHF2 10 22 2 -865.22105214 124
CHF2 10 22 3 -841.17825928 119
CHF2 10 22 4 -840.91742306 119
CHF2 10 23 0 -863.59030418 123
CHF2 10 23 1 -861.03476859 123
CHF2 10 23 2 -858.47214181 123
CHF2 10 23 3 -835.82334940 118
CHF2 10 23 4 -836.94376414 118
CHF2 10 24 0 -860.08172388 122
CHF2 10 24 1 -853.92893320 122
CHF2 10 24 2 -852.73038556 122
CHF2 10 24 3 -839.06131334 120
CHF2 10 24 4 -836.23148843 118
CHF2 10 25 0 -857.69180300 122
CHF2 10 25 1 -854.90492267 122
CHF2 10 25 2 -855.21321043 122
CHF2 10 25 3 -854.18492460 122
CHF2 10 25 4 -834.23561151 118
CHF2 10 26 0 -860.25129395 122
CHF2 10 26 1 -854.69714630 122
CHF2 10 26 2 -855.21924999 122
CHF2 10 26 3 -837.65067627 119
CHF2 10 26 4 -836.88966949 118
CHF2 10 27 0 -860.49826346 122
CHF2 10 27 1 -855.82398692 122
CHF2 10 27 2 -856.30267044 122
CHF2 10 27 3 -838.28042788 118
CHF2 10 27 4 -838.00986174 118
CHF2 10 28 0 -860.44172992 122
CHF2 10 28 1 -855.84395711 122
CHF2 10 28 2 -855.31529435 122
CHF2 10 28 3 -855.58784408 122
CHF2 10 28 4 -855.20467975 122
CHF2 10 29 0 -877.95226632 126
CHF2 10 29 1 -874.97864325 126
CHF2 10 29 2 -875.96947867 126
CHF2 10 29 3 -846.75414858 120
CHF2 10 29 4 -837.53595763 118
CHF2 10 30 0 -862.28182216 122
CHF2 10 30 1 -858.00676930 122
CHF2 10 30 2 -859.32813843 122
CHF2 10 30 3 -851.97851101 121
CHF2 10 30 4 -801.18579618 112
CHF2 10 31 0 -824.70443424 116
CHF2 10 31 1 -818.76488320 116
CHF2 10 31 2 -820.71631218 116
CHF2 10 31 3 -801.85316542 112
CHF2 10 31 4 -801.90351380 112
CHF2 10 32 0 -825.11889965 116
CHF2 10 32 1 -821.07058047 116
CHF2 10 32 2 -822.34977384 116
CHF2 10 32 3 -804.35982830 112
CHF2 10 32 4 -803.58799010 112
CHF2 10 33 0 -824.65804069 116
CHF2 10 33 1 -821.16922494 116
CHF2 10 33 2 -821.99310563 116
CHF2 10 33 3 -796.44007005 112
CHF2 10 33 4 -784.36691884 109
CHF2 10 34 0 -808.73015210 113
CHF2 10 34 1 -806.02033628 113
CHF2 10 34 2 -804.70307767 113
CHF2 10 34 3 -786.34654859 109
CHF2 10 34 4 -786.24110634 109
CHF2 10 35 0 -808.18576756 113
CHF2 10 35 1 -804.84543390 113
CHF2 10 35 2 -789.24958287 110
CHF2 10 35 3 -782.05084763 108
CHF2 10 35 4 -782.69040930 108
CHF2 10 36 0 -805.01558430 112
CHF2 10 36 1 -801.30895311 112
CHF2 10 36 2 -801.51004338 112
CHF2 10 36 3 -801.13370036 112
CHF2 10 36 4 -800.57436606 112
CHF2 10 37 0 -825.54466350 116
CHF2 10 37 1 -818.84480976 116
CHF2 10 37 2 -818.40396395 116
CHF2 10 37 3 -818.38031359 116
CHF2 10 37 4 -814.97769636 115
CHF2 10 38 0 -837.54075835 119
CHF2 10 38 1 -832.54312227 119
CHF2 10 38 2 -834.69492846 119
CHF2 10 38 3 -815.89325330 115
CHF2 10 38 4 -807.40194147 113
CHF2 10 39 0 -827.21796508 116
CHF2 10 39 1 -822.26458823 116
CHF2 10 39 2 -823.71821680 116
CHF2 10 39 3 -804.17444985 112
CHF2 10 39 4 -805.01674767 112
CHF2 10 40 0 -829.03573739 116
CHF2 10 40 1 -823.99377245 116
CHF2 10 40 2 -824.73934167 116
CHF2 10 40 3 -824.38733423 116
CHF2 10 40 4 -824.85250340 116
CHF2 10 41 0 -846.77168338 120
CHF2 10 41 1 -843.21356796 120
CHF2 10 41 2 -843.62085565 120
CHF2 10 41 3 -823.83207163 116
CHF2 10 41 4 -823.89487467 116
CHF2 10 42 0 -847.90971853 120
CHF2 10 42 1 -843.50476538 120
CHF2 10 42 2 -840.64226131 120
CHF2 10 42 3 -835.51007650 118
CHF2 10 42 4 -835.19037452 118
CHF2 10 43 0 -859.87358211 122
CHF2 10 43 1 -855.46338280 122
CHF2 10 43 2 -856.02968299 122
CHF2 10 43 3 -836.63509702 118
CHF2 10 43 4 -836.24544578 118
CHF2 10 44 0 -859.57991503 122
CHF2 10 44 1 -853.90546802 122
CHF2 10 44 2 -857.05631819 122
CHF2 10 44 3 -850.88466260 121
CHF2 10 44 4 -833.60579393 118
CHF2 10 45 0 -855.18585311 121
CHF2 10 45 1 -849.27156952 121
CHF2 10 45 2 -847.84720605 121
CHF2 10 45 3 -850.95328462 121
CHF2 10 45 4 -845.69984183 120
CHF2 10 46 0 -873.41212183 124
CHF2 10 46 1 -867.51526598 124
CHF2 10 46 2 -868.61965970 124
CHF2 10 46 3 -870.07774325 124
CHF2 10 46 4 -863.88425053 123
CHF2 10 47 0 -887.02230204 127
CHF2 10 47 1 -880.17565772 127
CHF2 10 47 2 -882.07134662 127
CHF2 10 47 3 -861.65655281 123
CHF2 10 47 4 -861.91835612 123
CHF2 10 48 0 -885.22034061 127
CHF2 10 48 1 -878.05227564 127
CHF2 10 48 2 -878.81900326 127
CHF2 10 48 3 -881.56369256 127
CHF2 10 48 4 -881.04868860 127
CHF2 10 49 0 -907.58922518 131
CHF2 10 49 1 -904.70386396 131
CHF2 10 49 2 -883.67955874 126
CHF2 10 49 3 -884.07785413 126
CHF2 10 49 4 -880.12768411 126
CHF2 10 50 0 -905.31336308 130
CHF2 10 50 1 -902.01363662 130
CHF2 10 50 2 -901.55938984 130
CHF2 10 50 3 -871.48229575 124
CHF2 10 50 4 -871.05873038 124
CHF2 30 1 0 -759.01815326 103
CHF2 30 1 1 -744.18947254 103
CHF2 30 1 2 -744.21211548 103
CHF2 30 1 3 -733.66172266 101
CHF2 30 1 4 -731.79680159 101
CHF2 30 2 0 -769.61999482 105
CHF2 30 2 1 -750.94160367 105
CHF2 30 2 2 -752.97549805 105
CHF2 30 2 3 -738.92087395 102
CHF2 30 2 4 -738.83713760 102
CHF2 30 3 0 -773.49735139 106
CHF2 30 3 1 -759.46929600 106
CHF2 30 3 2 -759.22344665 106
CHF2 30 3 3 -742.36838477 103
CHF2 30 3 4 -741.48704132 103
CHF2 30 4 0 -775.95531652 107
CHF2 30 4 1 -756.30857798 107
CHF2 30 4 2 -760.22969969 107
CHF2 30 4 3 -753.05408246 105
CHF2 30 4 4 -752.54561728 105
CHF2 30 5 0 -784.60458724 109
CHF2 30 5 1 -767.77230324 109
CHF2 30 5 2 -772.12466414 109
CHF2 30 5 3 -773.28297271 109
CHF2 30 5 4 -769.04030414 107
CHF2 30 6 0 -802.87526358 111
CHF2 30 6 1 -783.29442770 111
CHF2 30 6 2 -783.62870806 111
CHF2 30 6 3 -785.68846003 111
CHF2 30 6 4 -786.40312287 111
CHF2 30 7 0 -821.50281804 115
CHF2 30 7 1 -801.95405761 115
CHF2 30 7 2 -804.97782768 115
CHF2 30 7 3 -796.16346997 113
CHF2 30 7 4 -797.42563723 113
CHF2 30 8 0 -829.64104897 117
CHF2 30 8 1 -813.38575022 117
CHF2 30 8 2 -812.78648126 117
CHF2 30 8 3 -803.82413159 116
CHF2 30 8 4 -784.40885507 113
CHF2 30 9 0 -817.81909546 117
CHF2 30 9 1 -802.64775842 117
CHF2 30 9 2 -803.24030832 117
CHF2 30 9 3 -787.23289243 114
CHF2 30 9 4 -786.31622661 114
CHF2 30 10 0 -818.25531632 118
CHF2 30 10 1 -803.48760086 118
CHF2 30 10 2 -806.47516725 118
CHF2 30 10 3 -807.28489423 118
CHF2 30 10 4 -807.45061298 118
CHF2 30 11 0 -842.61309705 122
CHF2 30 11 1 -825.53163332 122
CHF2 30 11 2 -827.52907686 122
CHF2 30 11 3 -825.48961261 122
CHF2 30 11 4 -821.16158084 120
CHF2 30 12 0 -855.49879222 124
CHF2 30 12 1 -838.27273556 124
CHF2 30 12 2 -840.73051289 124
CHF2 30 12 3 -827.68900870 123
CHF2 30 12 4 -826.75731876 122
CHF2 30 13 0 -860.52029536 126
CHF2 30 13 1 -844.50447912 126
CHF2 30 13 2 -825.33063354 123
CHF2 30 13 3 -816.77577376 121
CHF2 30 13 4 -821.59688817 121
CHF2 30 14 0 -853.36662231 125
CHF2 30 14 1 -839.83818946 125
CHF2 30 14 2 -816.51410208 120
CHF2 30 14 3 -816.27966988 120
CHF2 30 14 4 -815.94662418 120
CHF2 30 15 0 -849.72461977 124
CHF2 30 15 1 -831.17690102 124
CHF2 30 15 2 -819.08349531 122
CHF2 30 15 3 -813.17341441 121
CHF2 30 15 4 -765.01947807 113
CHF2 30 16 0 -798.88149145 117
CHF2 30 16 1 -779.94084257 117
CHF2 30 16 2 -782.14582376 117
CHF2 30 16 3 -780.82131629 117
CHF2 30 16 4 -752.95412748 113
CHF2 30 17 0 -784.71817077 116
CHF2 30 17 1 -773.91850127 116
CHF2 30 17 2 -771.12759445 116
CHF2 30 17 3 -761.45534419 113
CHF2 30 17 4 -761.97388529 113
CHF2 30 18 0 -788.56892096 117
CHF2 30 18 1 -774.23680670 117
CHF2 30 18 2 -774.10740035 117
CHF2 30 18 3 -769.92665002 115
CHF2 30 18 4 -759.51948162 112
CHF2 30 19 0 -792.82232235 116
CHF2 30 19 1 -775.27742942 116
CHF2 30 19 2 -777.48104869 116
CHF2 30 19 3 -729.50916800 109
CHF2 30 19 4 -655.37578368 97
CHF2 30 20 0 -682.17120786 100
CHF2 30 20 1 -668.57297534 99
CHF2 30 20 2 -669.10785735 99
CHF2 30 20 3 -670.40197664 99
CHF2 30 20 4 -650.24161796 95
CHF2 30 21 0 -680.63711254 98
CHF2 30 21 1 -664.22160850 98
CHF2 30 21 2 -654.25761631 96
CHF2 30 21 3 -656.14307009 96
CHF2 30 21 4 -656.16862623 96
CHF2 30 22 0 -688.53421987 100
CHF2 30 22 1 -672.15731234 100
CHF2 30 22 2 -670.94627611 100
CHF2 30 22 3 -673.93893846 100
CHF2 30 22 4 -673.95124056 100
CHF2 30 23 0 -707.15717938 104
CHF2 30 23 1 -689.25097466 104
CHF2 30 23 2 -692.99916429 104
CHF2 30 23 3 -681.27982443 101
CHF2 30 23 4 -665.24996616 99
CHF2 30 24 0 -701.63841390 103
CHF2 30 24 1 -686.45961245 103
CHF2 30 24 2 -683.73903041 103
CHF2 30 24 3 -686.85760768 103
CHF2 30 24 4 -689.06617947 103
CHF2 30 25 0 -724.56645557 107
CHF2 30 25 1 -708.89270831 107
CHF2 30 25 2 -709.06196290 107
CHF2 30 25 3 -710.42711060 107
CHF2 30 25 4 -677.23380465 102
CHF2 30 26 0 -712.06999460 106
CHF2 30 26 1 -691.16068816 106
CHF2 30 26 2 -696.94551012 106
CHF2 30 26 3 -671.69812238 101
CHF2 30 26 4 -640.08331672 96
CHF2 30 27 0 -671.28920130 100
CHF2 30 27 1 -652.28708836 99
CHF2 30 27 2 -654.44925218 99
CHF2 30 27 3 -638.28381322 97
CHF2 30 27 4 -625.67584413 95
CHF2 30 28 0 -657.97426195 99
CHF2 30 28 1 -637.45917981 98
CHF2 30 28 2 -633.79915564 97
CHF2 30 28 3 -619.77931203 95
CHF2 30 28 4 -610.80714525 93
CHF2 30 29 0 -648.64624350 97
CHF2 30 29 1 -634.67817170 97
CHF2 30 29 2 -629.76977168 96
CHF2 30 29 3 -625.69015322 96
CHF2 30 29 4 -628.46263789 96
CHF2 30 30 0 -640.59139214 96
CHF2 30 30 1 -624.47632282 96
CHF2 30 30 2 -627.04447562 96
CHF2 30 30 3 -608.13948383 93
CHF2 30 30 4 -560.22792960 84
CHF2 30 31 0 -574.60617389 86
CHF2 30 31 1 -547.90210705 84
CHF2 30 31 2 -552.12628527 84
CHF2 30 31 3 -549.33984180 83
CHF2 30 31 4 -547.48570000 83
CHF2 30 32 0 -578.40528660 87
CHF2 30 32 1 -562.18051152 87
CHF2 30 32 2 -555.89987683 85
CHF2 30 32 3 -556.48240793 85
CHF2 30 32 4 -557.88086292 85
CHF2 30 33 0 -570.08955878 86
CHF2 30 33 1 -555.89056191 86
CHF2 30 33 2 -557.80537745 86
CHF2 30 33 3 -554.77450582 86
CHF2 30 33 4 -553.63289353 86
CHF2 30 34 0 -591.82905342 90
CHF2 30 34 1 -577.94275438 90
CHF2 30 34 2 -573.38992206 88
CHF2 30 34 3 -530.01277755 80
CHF2 30 34 4 -531.89335503 80
CHF2 30 35 0 -560.41726177 84
CHF2 30 35 1 -544.27496321 84
CHF2 30 35 2 -544.44302147 84
CHF2 30 35 3 -537.82443173 83
CHF2 30 35 4 -526.65125031 79
CHF2 30 36 0 -559.55236811 83
CHF2 30 36 1 -552.79081630 83
CHF2 30 36 2 -542.27334700 81
CHF2 30 36 3 -526.90651061 79
CHF2 30 36 4 -527.63047779 79
CHF2 30 37 0 -553.18771678 83
CHF2 30 37 1 -527.94902967 80
CHF2 30 37 2 -522.17189263 79
CHF2 30 37 3 -522.06740354 79
CHF2 30 37 4 -524.79115755 79
CHF2 30 38 0 -514.51461187 77
CHF2 30 38 1 -500.35810768 77
CHF2 30 38 2 -497.01526427 76
CHF2 30 38 3 -495.32166022 76
CHF2 30 38 4 -484.58043989 73
CHF2 30 39 0 -507.99092363 75
CHF2 30 39 1 -489.71075570 75
CHF2 30 39 2 -491.28193070 75
CHF2 30 39 3 -491.81282390 75
CHF2 30 39 4 -478.70080753 72
CHF2 30 40 0 -511.13767994 76
CHF2 30 40 1 -496.02987006 76
CHF2 30 40 2 -494.13701450 76
CHF2 30 40 3 -484.55420535 72
CHF2 30 40 4 -483.19089100 72
CHF2 30 41 0 -514.94944706 76
CHF2 30 41 1 -496.69501474 76
CHF2 30 41 2 -498.77474411 76
CHF2 30 41 3 -484.32405868 74
CHF2 30 41 4 -487.01804433 74
CHF2 30 42 0 -520.08629159 78
CHF2 30 42 1 -504.05119964 78
CHF2 30 42 2 -501.76121237 78
CHF2 30 42 3 -505.67218026 78
CHF2 30 42 4 -477.49962318 72
CHF2 30 43 0 -510.99403949 76
CHF2 30 43 1 -495.58563602 76
CHF2 30 43 2 -487.32653763 74
CHF2 30 43 3 -487.32340270 74
CHF2 30 43 4 -486.73399366 74
CHF2 30 44 0 -517.62184862 78
CHF2 30 44 1 -498.44908956 77
CHF2 30 44 2 -499.82349982 77
CHF2 30 44 3 -493.43636724 75
CHF2 30 44 4 -479.31877094 72
CHF2 30 45 0 -507.09573863 76
CHF2 30 45 1 -497.43940988 76
CHF2 30 45 2 -496.59426494 76
CHF2 30 45 3 -492.61597190 74
CHF2 30 45 4 -488.33006411 74
CHF2 30 46 0 -522.64004107 78
CHF2 30 46 1 -506.60199214 78
CHF2 30 46 2 -504.46829570 78
CHF2 30 46 3 -497.88216809 77
CHF2 30 46 4 -502.49545475 76
CHF2 30 47 0 -536.41613952 80
CHF2 30 47 1 -519.34682860 80
CHF2 30 47 2 -509.07730477 78
CHF2 30 47 3 -499.91954383 77
CHF2 30 47 4 -496.51375408 77
CHF2 30 48 0 -514.06776938 79
CHF2 30 48 1 -498.49329430 79
CHF2 30 48 2 -502.52486342 79
CHF2 30 48 3 -495.93592683 77
CHF2 30 48 4 -493.04828600 77
CHF2 30 49 0 -529.12281033 81
CHF2 30 49 1 -514.68860195 81
CHF2 30 49 2 -515.39308383 81
CHF2 30 49 3 -514.84364914 81
CHF2 30 49 4 -477.20797961 74
CHF2 30 50 0 -508.10110610 78
CHF2 30 50 1 -497.55263944 78
CHF2 30 50 2 -494.43950907 78
CHF2 30 50 3 -472.58612345 73
CHF2 30 50 4 -467.72460717 72
