-748.912045827267
-746.650334130486
-747.179081549752
-748.844840473085
-750.67011967315
-766.959518500386
-762.911090600122
-763.777471280633
-763.016885615817
-763.588825345414
-776.493280045583
-772.208951966524
-772.531399901947
-773.513235202898
-772.945827751024
-787.567948184311
-785.274722300472
-785.823739348349
-757.506717155758
-757.645164611183
-774.391077997008
-770.726949595778
-770.354784505554
-757.469318133783
-757.977218650512
-773.238355019406
-769.417863411435
-769.512733585405
-769.678981686524
-769.091793238671
-782.576191716177
-779.141482690617
-779.961541528618
-766.120754284295
-767.309397366394
-779.390721717466
-774.750872457593
-775.00759125055
-777.341410649417
-775.252573308725
-789.397976410845
-785.814466848812
-786.951252535038
-788.079496695427
-786.529936551779
-801.844089900086
-800.084451462746
-802.114895654051
-787.277563221713
-785.868849567707
-801.733328644754
-797.943110145337
-798.706374219441
-783.730580806237
-784.947725725432
-799.823955589906
-796.399347764201
-795.596924699625
-796.169712569665
-798.282381963189
-812.143199894067
-809.185605163796
-809.416216306608
-794.708552131678
-796.727984989172
-812.672539911234
-807.843173586059
-808.521285815791
-810.42777348555
-808.277510702572
-823.390357385266
-823.059165492832
-821.683227726296
-822.608003768463
-810.273355826018
-821.446893758776
-819.056712864776
-809.136972502905
-782.783420325734
-782.418350377385
-799.558259797904
-795.331304790921
-796.714768407498
-796.280487548217
-797.187882814348
-813.906263875944
-812.010718786566
-809.917706687271
-810.721497507813
-810.983035334805
-826.577703981155
-821.654921272788
-822.592609076317
-824.56186782877
-808.109315229631
-822.09777589068
-821.555918997214
-821.070705085789
-806.852810728106
-806.794651754554
-820.5191719039
-816.411156887443
-815.78381189631
-815.770147192
-816.338042706282
-829.701815144052
-827.158970859128
-828.0559058535
-830.340001958368
-828.969849393438
-845.528101833475
-844.507522643943
-820.390142573723
-752.769873192321
-752.444506295537
-769.608279606567
-765.701616116319
-766.182504168391
-764.853450131073
-766.885980250495
-779.561727435598
-774.652929927134
-775.617375440109
-774.53071291561
-775.47090912883
-788.47412063623
-784.038894291537
-784.411376909785
-764.816894826154
-765.25029659747
-776.725422337205
-773.414013357248
-771.811349977215
-760.479779367988
-759.14653902207
-773.021854956743
-769.990152133085
-770.862232158736
-770.177658494355
-770.0572857557
-786.451940949968
-784.762730814137
-785.063595804377
-748.417935157968
-748.818395806138
-762.858290856447
-759.660318594048
-759.824146354812
-747.415450152033
-731.966987590933
-743.67961388418
-738.87905902146
-739.734333962891
-739.851728975007
-739.619973754346
-753.550151761167
-747.304598355527
-748.808659050438
-747.80228097251
-735.302014231393
-746.325699233704
-744.394931972353
-745.232931215759
-745.643318392779
-745.784008423658
-759.884272643034
-757.765294891607
-749.293730381504
-749.570769925184
-749.403269815575
-762.476771590515
-758.793066011369
-757.943734867648
-756.548833606538
-757.039616768699
-768.257913213863
-765.295304831395
-766.627480809465
-760.029278390263
-687.654641564416
-699.003056158407
-695.978366233218
-696.095145853616
-695.771093796105
-694.825847519012
-710.065710451099
-706.59690221221
-707.452625450889
-706.219969344854
-707.198438830493
-720.530005547632
-718.378117336594
-719.088141505124
-705.189825407659
-705.699932218192
-719.520318582837
-718.982295477633
-718.397952306498
-717.516438161764
-717.320306490156
-732.832015464326
-729.113778316995
-729.768045889629
-730.256511947568
-693.084805958419
-704.003679765355
-700.080775120676
-698.342479315772
-698.407970748385
-699.407159459847
-711.302364461808
-708.530955491344
-707.625767499243
-706.353591122948
-695.779664138262
-708.400160715724
-704.731250392022
-702.446776044385
-705.719674276744
-703.481585923248
-719.858996169676
-716.847005273719
-716.19727013764
-715.238843759283
-717.055349966349
-728.795238280147
-726.024395350373
-725.700694115732
-725.426368935262
-725.172642685255
-739.575792190609
-734.400557242529
-735.427227497008
-728.420616834733
-729.288537178926
-745.161773677934
-740.957621069454
-741.452176365578
-740.769431622536
-742.12504216696
-757.272476648611
-756.681876785433
-745.770776327408
-704.512378588551
-705.898383074581
-720.875554655481
-717.170461875302
-718.26744825855
-717.315841407264
-705.095982699526
-748.912045827267
-735.668435367461
-736.784219225788
-729.312245310557
-724.392940771364
-749.258701879563
-735.863661657523
-735.671429174162
-735.483164034379
-735.575316241747
-761.474867377961
-747.550696997137
-747.948906842947
-735.555569401676
-734.760536399413
-759.763544891718
-744.230738703808
-745.576948773243
-746.291234722669
-747.273856585321
-770.218853577203
-754.544694604908
-756.244390730168
-757.678499614433
-757.923926576311
-784.729469669446
-769.792050623501
-768.774536933788
-769.953366630988
-769.771554702048
-793.315612658932
-773.307709536195
-768.396444919092
-768.2846219761
-769.808054874973
-791.475247243075
-765.09630682122
-765.647344850767
-763.792388165833
-764.75392825235
-788.300265686018
-776.751407406729
-772.349360412196
-759.906842413419
-761.167406657118
-788.692320186785
-772.975999593811
-774.016977422315
-774.821151627604
-773.342011482589
-799.978342560196
-782.755045123632
-782.818752114077
-786.047189148107
-758.523174040886
-788.901993610056
-773.61060922628
-774.275137671026
-766.717712848084
-767.915764261367
-793.009026479394
-776.774345609831
-781.098215603528
-783.108459471354
-767.938796188395
-793.830467883195
-775.89385409296
-777.767753846293
-780.189436078483
-756.341922176749
-779.396430226832
-765.244673470027
-765.843398326702
-757.641488306978
-748.698785401256
-773.882473521439
-754.22188465644
-753.44059419107
-742.928722180145
-746.662279274272
-769.252720609589
-758.208451953066
-755.518185676351
-738.653424445917
-737.535940503794
-756.655787052936
-741.488886479829
-742.480872021753
-742.079450539807
-742.933383156538
-770.343809754375
-755.708043371821
-755.587591375354
-756.456780430769
-717.078267816167
-742.670225903578
-729.095407868029
-722.148614889099
-707.070237683665
-708.9018449893
-732.155075992161
-716.557387790271
-715.747985639247
-708.554248670999
-681.128939020046
-700.369663895604
-686.669683315032
-686.376633465813
-668.640362592042
-674.653713153744
-698.849800418399
-685.036430731845
-682.935936572067
-682.995846450375
-684.245562593824
-707.66717545804
-693.018036148355
-694.373704360387
-694.361531847994
-676.777703770125
-702.961940307991
-686.550910840519
-690.18896784269
-687.822805447143
-690.678586374015
-716.53767284632
-698.153374377707
-701.631749013681
-700.625009172415
-700.696207031755
-726.223746827735
-712.661609725881
-715.694680398607
-694.854590495655
-674.251381000163
-700.347530687468
-687.341274541584
-684.489855974224
-661.976002287766
-647.848451346461
-670.572056799834
-656.136842962325
-660.476698666577
-645.458589842404
-634.575407955948
-659.325652009133
-645.514373729522
-631.364848826043
-632.313156059906
-633.573940236302
-653.926033725046
-641.211797623769
-633.906364828487
-631.620658918514
-630.867590000693
-658.24899462801
-644.671083104897
-646.051125020049
-636.570159307317
-559.257305519674
-575.557178967516
-564.329861634532
-564.935880493095
-563.686236896129
-536.279940399245
-567.34671127164
-548.670770733797
-551.175157677537
-512.936852383454
-495.048172963193
-508.580773196089
-492.734119687946
-488.021955688664
-488.442470156234
-473.555110864671
-499.652373609342
-486.694469786179
-481.935446767618
-485.783234632479
-489.521810419892
-512.270145972669
-498.021689953679
-499.03515622902
-500.752186484153
-489.110910250882
-527.340147542152
-508.685100073131
-508.337719848112
-498.841298546961
-487.046688387362
-512.837694701473
-496.805403425376
-500.658031677352
-500.733088313416
-484.202662495693
-503.521675298421
-489.583143504259
-492.408933498564
-475.982820723705
-476.24729969224
-503.181295694491
-489.545001657585
-480.291106461574
-481.041145977973
-462.838805533109
-454.283661668192
-441.06707533281
-441.929019383378
-442.626451353327
-442.827315139483
-467.642941167645
-455.985947230409
-451.010066356151
-452.853995675099
-450.310996591638
-448.902428797503
-435.950359943386
-437.830451812029
-439.312657632373
-418.906680501649
-420.538300660157
-407.337275886881
-409.516905056374
-396.668689514574
-351.285815575676
-369.499340264466
-328.640342468022
-330.032473890516
-331.830958072341
-323.459392849345
-342.635093655054
-330.3963472366
-331.88883271376
-331.475458762793
-331.12194059204
-342.315487740836
-318.513451020845
-315.167857229695
-321.04278230027
-307.386717102271
-305.986369693311
-291.853698545202
-291.311795513222
-292.877100888456
-292.878710197627
-305.786589125496
-294.807167263647
-292.422002715966
-293.510339030743
-276.217868237346
-760.012444537253
-756.43042947919
-758.096004201749
-747.885731672259
-739.942074295232
-763.003525615575
-759.508445363441
-758.853737946925
-741.576104698754
-741.672455563848
-763.553471025483
-759.086724626699
-755.188441351105
-741.744480161174
-741.736765911855
-763.207282254264
-760.924560455343
-760.089609243368
-746.651134690028
-745.794703804001
-770.054419230121
-766.95874776042
-765.423493615722
-766.210652957558
-749.03892540188
-773.517956859957
-767.244176336221
-769.751638955566
-770.000088248587
-770.229928796043
-795.847865152087
-792.575617480915
-792.141080872451
-751.146842003909
-751.421507395494
-775.016564256142
-771.994610257994
-771.488659070661
-752.715679568603
-753.341350471324
-775.18768280623
-768.973568356177
-772.05581266999
-771.828019427885
-750.111678136731
-777.126586611031
-770.976312747103
-771.253626959293
-772.476299981329
-772.606330741307
-796.806919483195
-793.463294207197
-793.508779773915
-792.53511461317
-793.937313504186
-818.402610153485
-814.195928879402
-813.981886293697
-795.231126083944
-794.666703937523
-818.489980321281
-814.932809238806
-814.19274347032
-814.752470741726
-795.898214080123
-818.979040660129
-815.715033464952
-815.276239042773
-810.774320209311
-804.658896390509
-827.389480066219
-820.964352817632
-823.312545297075
-824.069841423865
-824.720374311373
-850.255471449967
-844.519789974073
-832.40659778934
-809.485163442564
-809.198659077991
-832.876796044921
-828.912408962023
-812.946040284685
-813.15338619293
-812.931725028812
-837.199018800739
-834.48168276014
-834.233184038315
-815.42901515266
-796.86602641359
-818.646475790633
-814.955146769644
-815.519055435576
-807.732206206574
-762.066469420001
-786.377223936329
-781.752714117355
-781.373818139651
-781.538415630672
-764.373468758705
-786.12593736446
-781.365663821072
-781.338261312515
-782.186845267317
-781.143701506071
-805.006754296297
-800.456206361995
-802.137746379536
-802.029172927034
-802.484493789965
-827.096966252783
-822.086383466075
-823.34302137986
-804.680124629491
-804.509126768428
-827.301673347977
-823.622490759119
-819.100055708641
-804.633408994673
-785.192172920125
-808.372213119022
-803.720872437229
-804.272106707689
-785.800589109582
-786.285245603887
-808.015109209697
-803.57614750047
-799.289193796748
-785.150430211694
-786.066604384413
-808.97913354434
-803.016100086944
-796.402317165598
-788.859084012953
-789.064911436031
-811.756063079584
-806.590601661013
-808.020572934767
-802.454763187164
-788.393725809976
-811.318295193306
-807.482770024365
-801.16620194462
-783.224372706478
-783.631996283314
-806.225341731144
-801.897336367104
-802.653843425544
-801.818939274084
-803.212873249564
-828.203991186328
-824.759624256294
-823.986831219729
-805.335996842975
-805.412094403075
-827.52084781714
-823.619247482275
-806.156140849067
-806.031648203402
-806.049323398701
-827.105300099733
-822.71173122
-822.785286154662
-822.574037771348
-799.276376504412
-821.957789987758
-819.681963678044
-817.860992253236
-800.100819661865
-761.306558935304
-782.25033366706
-776.687478212346
-777.634600300001
-759.027931547703
-759.653170118315
-782.580027919434
-778.918077485745
-777.373518755848
-777.939416386396
-759.546153772796
-782.169424916386
-777.512541113377
-779.910723219531
-765.409734474598
-765.757047539041
-787.99017895778
-784.197422636949
-783.423494059422
-765.950474911252
-766.427036714601
-788.50677492278
-783.849789142587
-784.096084671211
-765.579186189829
-765.079079881284
-788.476142050081
-783.348474453843
-784.10261053438
-783.695322889659
-764.453234853505
-788.226823021939
-782.426496571769
-784.645248167836
-784.234378708974
-765.195700168469
-789.01991308176
-785.278535628901
-787.140443133308
-764.787108465152
-764.425643748737
-784.882960909059
-779.930893424293
-780.979725618383
-764.15275865881
-762.851520539095
-785.517245515619
-780.894824990879
-781.817180446554
-763.625404806223
-763.139697015372
-785.878269382416
-780.510987077574
-781.788086307835
-764.004511021775
-763.148126566828
-785.671450740763
-781.354030326202
-777.592694917206
-763.376439953277
-763.822869585444
-785.730685431404
-782.01820499163
-781.744771256323
-763.573929463302
-762.708523682562
-785.640381093424
-780.839894218706
-781.072803062615
-781.692396192253
-780.821389111028
-804.150287661815
-799.46423938259
-795.711837289411
-763.648160607497
-763.477702499262
-786.035416443127
-781.362416174191
-782.633575366267
-763.857433563478
-764.76017354072
-760.012444537254
-742.904077074371
-748.867635123742
-751.190189751056
-747.733346968578
-785.771141309811
-772.698430342971
-775.586240955938
-737.233048588654
-736.018646877034
-770.087378908636
-752.811623519643
-755.550639936208
-755.48682682578
-754.403731496854
-787.934805116298
-773.534658597538
-772.461874697326
-774.636528416465
-761.214271371418
-795.40102564297
-781.161271448479
-781.892669898298
-763.340862008963
-748.851252567299
-784.803619483582
-769.375157867272
-771.103513408936
-770.237216991162
-766.671026182465
-800.838125939213
-784.813999143266
-784.294079429641
-773.250383723363
-758.762294014309
-791.344032400619
-775.785612570789
-780.003877157101
-758.942925872229
-764.065768508751
-797.178111569302
-779.276307015594
-780.895980594594
-780.060331628955
-780.67825290253
-821.725936235971
-803.619840002781
-806.971501358592
-807.090328280281
-780.504462526929
-811.623633176758
-793.21996512003
-796.83393385097
-778.511699640709
-771.650523305641
-797.563650208467
-784.250529159117
-782.449348037256
-763.251577090798
-766.854865933284
-797.833780221436
-785.465444002791
-786.649144177326
-784.655409151734
-786.408702947705
-782.309790230634
-767.66206727292
-764.899332915741
-766.969406697966
-754.030365294303
-784.023515712354
-770.211499857835
-769.990355552523
-749.994090885869
-746.810803640484
-771.192950681358
-754.91305675218
-757.598096863902
-758.053167318492
-728.471225261675
-764.081934639081
-753.230149860954
-743.379527468488
-743.8047945468
-725.767813287493
-760.50458010559
-741.493804124668
-744.670180352597
-742.531566964237
-747.663227151945
-780.673107865461
-764.852917668142
-767.822074636569
-741.150091125708
-728.726019647662
-762.288012860322
-746.642137859799
-748.289732205918
-733.601272220373
-735.208871049934
-765.769521267206
-752.39040632902
-742.352724241135
-720.676568364292
-707.721729185014
-735.444751914788
-724.552972794545
-704.929944778219
-685.081758251504
-683.757754213412
-714.946108144414
-700.406915405611
-698.455171505132
-702.600628337718
-694.082733672842
-728.325662962619
-714.948089802687
-715.925937858789
-700.924804304534
-702.856292283488
-732.327299418711
-721.461547365822
-718.234525213017
-689.525510786453
-660.651550998382
-692.571538536766
-677.649036645072
-680.684465552804
-672.394441649768
-665.753231905922
-701.039651630421
-687.492490315481
-687.328375183973
-671.008802358517
-670.704599435463
-685.017265647706
-671.842775875366
-672.746946390424
-658.096788997306
-644.424106637238
-680.663186216624
-665.044847089431
-667.055931272003
-634.225629252538
-575.701027590575
-602.050541504087
-586.910799868024
-586.833354766504
-572.535306792837
-572.927109925225
-605.185348322885
-590.706554736348
-588.475619670421
-575.618932693059
-575.065305033935
-605.728036787973
-594.693065434145
-592.396976258445
-585.444565268292
-554.79961200302
-556.433827428686
-540.148606962355
-539.878885677564
-524.436630018665
-524.688400254994
-557.750116349414
-551.910763255452
-552.373118918519
-535.545583305158
-506.630722258282
-529.944507032586
-516.014031694693
-517.980065180433
-504.746505432736
-472.207273168207
-501.63753352705
-493.446429922801
-495.89343985775
-491.77208693913
-477.491048806708
-502.509861889031
-487.816947310691
-488.411139324144
-474.246422639112
-474.320767200722
-501.586866514193
-485.768321877768
-487.511873341389
-487.734685095654
-470.613996037482
-502.092697498759
-483.383790847194
-485.944112900385
-488.648578127365
-476.346343141254
-509.673245435539
-495.534570109061
-495.156588452756
-495.270925993054
-469.753566318234
-497.107595882644
-483.087763844552
-485.487201093389
-471.863582872251
-471.728124096481
-504.10691693355
-490.301848649114
-490.492717634299
-487.67898975035
-454.459025607879
-486.816528088063
-470.509558872993
-469.55171948494
-467.211218872386
-446.973850295399
-478.733734058358
-464.383221214019
-465.746617222246
-468.543793019564
-452.853735901991
-484.498866531678
-470.923758622745
-468.659375162348
-456.231400486306
-457.560432412848
-487.306029049348
-470.773859375826
-475.422653239067
-473.104613308941
-458.341976853865
-481.825983115776
-449.110861660374
-437.951842202625
-437.149579236298
-440.553878583551
-467.842339187659
-451.341650749005
-449.989530110052
-432.340801481827
-432.353456476705
-466.311150158347
-454.283261071506
-443.665454132766
-443.553355663461
-414.470767539843
-435.260227011575
-421.820643493558
-418.899804499774
-414.423049065585
-396.867587036732
-758.884245031489
-753.865157558101
-756.651083658614
-758.018700886282
-758.116300831848
-782.076327393551
-777.921369426447
-776.534215084752
-773.047637882424
-775.572530879568
-802.602340616232
-799.411857955586
-799.158147708528
-799.853901752639
-798.431007835845
-822.286906894587
-817.10059082847
-818.53426394815
-817.83396415883
-804.207812006984
-825.98861255643
-821.315810438526
-821.172406614562
-820.744990934187
-821.188016407564
-844.427449285879
-839.705408436033
-839.065124839235
-831.880564210393
-826.457523622646
-830.241144405021
-826.066373350082
-825.449231081334
-818.216735076698
-818.246825107509
-841.093308224461
-837.23511700327
-837.480226188777
-837.302365149487
-833.420052116673
-851.974253510569
-848.220559258412
-847.465955582503
-830.916256493598
-830.806355036748
-853.097067448953
-849.769697081373
-849.574043394143
-794.324250564829
-787.284890126249
-808.863914179273
-802.721298816247
-805.003268168258
-805.411159358768
-804.592172424548
-827.600457613723
-824.018988130124
-824.03190919401
-806.857583880058
-806.585933106253
-828.105324808644
-823.563972252096
-822.409856429623
-823.279809259584
-824.176855233789
-847.582089293727
-844.076600607473
-843.527232805557
-843.992094995654
-793.579263993011
-813.880650910404
-809.406774722718
-809.886544599285
-808.948025815921
-809.95751047537
-832.399982996822
-830.742677402802
-830.183785926768
-821.993953473969
-823.856934421335
-848.897390735336
-845.967159672194
-828.83058195379
-829.347135845373
-829.625737636904
-849.141336818027
-844.48636577928
-846.188976703481
-847.733839657331
-848.387753250731
-871.128161861172
-867.680825741103
-866.882953911211
-840.509270740521
-842.974226570386
-866.805685941425
-863.433594113246
-862.277921046388
-825.690583104359
-826.330755498795
-850.097250099754
-848.593354242134
-829.030655582186
-823.315186405336
-822.602695447922
-846.796611689933
-843.56113028372
-842.34234543561
-832.856061943417
-835.114810054022
-858.233961826627
-853.811497006984
-854.779573371638
-837.537520086
-837.318302433412
-858.603169534883
-855.684117499031
-853.681098175187
-838.03684018149
-836.576671278981
-858.701378491976
-855.267320853108
-837.155195157985
-837.269078569698
-832.230507866916
-854.199918787747
-851.433064613139
-850.508355761876
-828.97388840241
-823.77906912818
-846.807529629515
-842.993865126931
-842.521685773459
-840.870665025229
-843.273458349614
-867.041627267154
-861.561843692711
-854.573079791566
-854.368621048261
-855.119457177752
-876.106759337446
-872.153754243216
-871.832075499065
-871.775764811905
-848.322313435342
-871.723557595643
-868.65642109097
-868.974144279547
-869.538350696621
-868.405828258764
-894.127158604114
-889.323139459975
-883.151348792558
-872.006165100932
-872.809531494211
-893.245912607482
-890.246677870362
-890.449435222159
-888.516678658379
-890.170212686171
-913.912268126216
-910.494186063392
-911.318143438213
-882.701936946011
-882.947913865303
-895.093118821125
-893.048798916828
-886.272763716393
-885.954693444761
-874.954737210403
-897.933516392097
-894.657418077008
-871.340794393565
-871.660352994559
-874.456420916991
-864.86378666084
-864.443262754533
-859.841005367617
-858.186318648474
-858.649193667318
-884.169825117906
-878.470223851933
-879.329861032861
-880.108740079654
-879.845861362157
-901.576989441502
-896.777591640946
-893.34171183225
-891.759521393812
-894.03872858153
-918.030100450512
-914.27281809275
-913.34550367244
-897.261407138788
-887.982187635723
-910.855282956198
-901.707446720117
-901.09834052193
-902.708629530147
-898.05394146458
-915.767912203956
-912.731500777297
-912.309183938011
-913.56680102827
-914.389655499973
-939.871778821223
-934.873655548716
-936.941886757813
-931.658576408893
-887.702621491259
-906.387527998172
-903.800755175944
-903.103195766494
-902.656037589088
-902.595571724973
-927.044131473771
-924.22708299922
-925.054842762972
-850.69120888346
-846.21695086008
-870.714260870174
-867.107645789137
-866.36862758986
-866.203465190801
-867.052741386437
-889.773565085694
-886.004798072226
-886.356891819262
-866.487394465193
-865.571687240904
-889.550514444214
-886.941573672819
-885.783743696307
-886.083450883455
-867.976073934042
-894.896180844684
-891.097986549237
-890.915526381128
-890.719002909341
-891.99527940139
-914.543608514605
-913.614388676798
-890.76120126174
-890.413674339664
-890.995004664797
-910.744461120183
-907.349374168354
-889.27424987727
-889.625849585667
-889.855404979318
-758.884245031488
-744.213667422066
-747.172630655497
-733.292212604567
-732.226146582509
-767.386099535552
-749.650154395069
-751.172499145622
-752.572339383474
-752.628163106263
-786.84478800336
-769.664690386062
-772.505941492662
-772.317369370082
-751.443202344403
-781.412288573695
-765.140433560042
-765.371135097608
-752.114803997678
-753.430026677231
-785.524721943238
-769.713987146119
-772.081197897966
-770.827343135186
-772.369562458717
-809.244517962026
-796.492343069902
-795.094472695267
-797.012663132522
-779.232098145347
-812.240574351777
-799.846160978474
-796.639838760822
-797.287355636675
-781.391321013439
-816.51558070078
-800.045090297756
-801.645590961326
-804.455745018779
-800.286683961528
-837.370786224699
-823.076844314043
-818.646437677952
-818.045948194546
-819.275946317627
-853.984231837403
-837.185805093012
-827.657360532948
-830.095191176276
-823.875970451073
-855.100233726554
-841.188993479254
-840.27846443676
-839.424258411637
-799.366813690961
-814.266184705842
-799.209282589452
-797.465145902619
-790.847953946531
-794.265335541653
-824.698121878432
-811.760532253303
-801.834049280576
-800.493317131682
-775.14118269959
-807.716231097833
-796.151766279832
-791.749297824865
-793.41711333969
-785.294293951908
-819.060779487611
-803.694010595529
-802.761815494266
-802.522256785909
-790.442385550378
-820.015863627555
-804.554563178153
-805.379453044891
-804.783044465318
-777.999058038163
-809.641771158672
-800.968750508738
-784.414466968805
-777.874675373938
-778.269328459171
-799.504823129598
-785.769472952951
-787.161330702248
-753.734590565166
-630.764616958883
-632.003573304465
-615.829511963068
-618.078379182092
-618.474751969876
-618.09736286356
-653.863072517848
-619.171832755246
-616.735033262144
-601.68662781604
-582.905164544772
-617.307242162949
-605.296576373057
-603.559647379525
-608.968425579369
-597.109648226781
-620.041475522071
-608.482237537876
-600.724602501105
-597.963702448592
-566.070351624841
-589.21421375462
-574.81373258494
-575.202842679781
-577.571393856964
-561.425912623949
-595.192228838245
-577.904818079264
-573.75640032921
-554.461302672623
-554.707581660711
-584.820305429022
-565.967948708761
-557.051059849151
-554.424849453254
-558.232607904146
-587.747370654942
-570.619996677638
-570.035178681462
-539.541753909267
-538.208290543934
-568.906379026819
-555.021086173074
-552.960486298196
-552.181541692314
-553.187766370278
-585.434515650085
-558.755608510023
-561.256592025212
-557.702222104958
-528.980701569971
-564.718061811919
-546.38052719392
-537.930915943513
-527.952299023865
-529.838862515403
-559.800955384979
-546.446214341296
-540.356810363618
-539.054235509055
-540.991622184868
-572.43105142097
-555.199859498298
-556.02671991476
-556.733526718555
-552.15340930677
-567.075430971324
-553.809180188926
-552.914662923336
-545.754844011947
-526.424112498331
-557.76587274564
-541.643727044478
-544.301583062891
-538.282990590563
-540.826917058727
-576.693361776916
-573.947676394749
-559.858746203543
-536.967495261681
-537.266614427122
-557.431443538345
-541.963299330642
-541.861239910346
-540.902058855018
-542.318419965074
-575.8499224088
-562.918346405822
-564.20606386647
-555.067948636746
-557.915055378755
-587.053316376351
-564.472863497379
-566.898008248962
-566.619435394224
-566.210469575094
-597.27985074616
-580.191324675579
-582.861402236345
-585.166147133209
-549.187841323288
-576.514218990061
-556.42411234147
-557.163186131485
-556.830702229093
-552.379641836823
-573.743999350379
-558.666459769257
-562.195325298335
-561.392592364914
-559.451708282793
-597.566720598376
-585.711559338148
-555.623893324247
-548.68839667614
-542.834210654393
-571.424476724306
-554.915114657548
-553.543257068237
-556.763626100785
-556.163002193925
-594.10185682009
-581.0700120173
-581.255793986189
-577.362080541617
-577.516422065635
-615.513168650745
-599.095934244423
-601.559639013726
-587.404301325553
-588.781197632119
-622.428445315155
-609.861474535372
-608.862718953693
-590.743569291021
-509.39579850966
-539.003381685565
-513.667772591564
-515.937879790013
-498.028842830696
-500.978258383339
-532.35549127268
-517.664913876104
-520.844747814922
-520.337155878888
-495.868412335539
-534.621918901731
-519.65934057619
-520.798739648887
-517.831859687861
-513.285857677631
-545.856353007215
-532.193860320031
-532.285328575279
-523.356073317308
-519.701598342792
-550.374115287728
-536.333792213293
-534.231782936148
-534.394093910398
-509.631412878846
-759.299533884275
-756.81052882948
-758.933866517837
-740.919000240037
-740.172965232183
-762.917064509156
-757.504724485808
-759.455729873568
-745.042182575117
-746.513608546975
-769.292162722821
-765.937015081412
-763.410930101426
-746.929760200508
-747.854312755602
-768.756319650577
-765.63837823072
-764.941266685068
-740.821719643076
-740.824447788191
-763.05463880399
-760.066895152373
-759.597190299402
-759.33971663638
-742.176698434623
-762.841057138573
-758.352673376023
-758.775367043557
-757.784495741553
-759.321248955449
-782.657809849845
-778.852650680422
-778.772244998467
-778.298659558246
-779.075371468752
-802.042034482227
-796.669942840641
-796.226294431195
-798.355451381261
-798.737846268383
-824.066632547449
-818.900993583996
-818.488619612134
-819.964887933145
-821.415937534511
-843.546013109075
-840.634533340791
-840.26555989006
-817.099250753468
-817.315128273305
-838.71354537038
-834.402266356443
-826.138572216489
-813.899122717152
-812.412581555535
-814.424385470982
-809.989603300508
-810.941216228195
-810.847403261505
-811.594421886993
-836.285301828432
-833.270035892892
-831.819537003121
-830.987920364125
-831.409613588651
-854.972485978127
-850.930483806676
-850.35372652173
-850.825228527917
-852.554014854426
-876.727633551262
-872.750793569573
-874.34713527005
-873.977273343444
-856.011792095914
-883.287586865857
-880.991532086902
-882.063883620281
-882.62239739175
-881.854937625473
-908.216102113476
-906.138526101778
-882.095503290229
-884.184138132296
-883.268378794386
-903.967059020917
-899.594925104856
-900.84583381136
-854.273382349507
-856.415810879956
-878.438689095138
-874.938560371605
-867.615384178058
-849.653285033335
-850.593278601513
-873.56189151117
-871.219331562543
-870.235002405207
-851.965088735181
-852.173092858433
-873.955811969492
-869.672834721798
-869.931642145446
-853.738701637851
-845.914336072045
-869.05613486558
-864.313694462032
-866.244749594469
-843.017664899472
-842.861050955728
-864.885003119188
-861.719912375579
-859.420955674295
-837.580334883686
-838.758654949211
-859.968201410659
-854.955714219692
-854.413582760094
-840.785820233832
-837.584630923885
-859.606270815421
-856.23174278423
-855.942162513264
-855.020053143596
-835.873166585602
-860.938218195391
-855.715540035416
-855.652799351817
-838.118632154603
-838.245125740701
-861.03289276635
-855.984182449718
-856.577950790525
-839.25307739597
-839.224318575169
-861.347085971952
-857.085688681574
-856.392692009954
-856.083361653568
-855.953879826849
-878.151656422747
-877.19366074456
-875.143233998815
-847.191477474313
-838.646404019634
-863.450816378143
-859.96607862095
-860.720657201997
-854.302501725408
-801.90936645363
-824.727251997214
-819.965635794165
-820.120779782723
-802.268418599764
-802.710979596328
-824.714434280132
-821.894481156098
-822.294054654409
-804.658153129469
-804.104223558292
-824.41590203237
-821.67424259528
-821.864850079402
-797.081321434509
-785.613294365263
-808.770712402284
-805.982066119026
-804.912132202219
-787.184149698915
-787.049498414565
-808.373559829011
-804.909175799558
-789.638896587891
-782.691479101168
-783.037075129341
-804.450115751627
-802.348561608453
-801.970353863181
-802.312778494645
-801.573604409827
-826.098630233411
-820.393191662941
-820.182461226881
-820.172131633003
-815.388564236075
-837.103256714352
-832.255935671154
-834.364897391093
-816.371508428914
-808.998710317261
-828.149646138961
-822.585075498034
-822.814732164767
-804.77690686171
-806.263448925407
-828.912514687325
-825.477773453627
-824.249439957055
-824.77501124141
-824.89500344603
-847.961330798756
-844.038732494028
-844.025058702395
-825.33017887806
-825.181387532302
-847.695758210948
-846.698694288833
-844.414041171058
-837.486084770695
-836.910936342811
-861.488294692576
-856.435802402753
-856.898822692826
-837.953984886238
-839.13506262962
-861.005344758809
-856.021474452483
-857.300489154855
-853.415472842565
-835.994615212167
-856.055904821335
-850.89069905351
-850.853880108089
-852.703043192969
-848.027540253135
-873.809925287714
-868.864910188502
-869.128711761613
-869.776966984066
-863.736725724231
-885.919581885943
-881.382966656425
-881.295284275331
-862.953720343193
-863.224478759396
-886.018696198079
-880.46278631161
-880.739775134213
-881.88830245286
-883.12849562193
-907.916203707446
-905.523497269289
-882.621112387998
-883.058272470108
-881.464263252899
-902.95001257006
-900.638288821821
-900.477488323436
-872.888499540504
-873.196155580689
-759.299533884276
-745.906743075886
-745.450703888123
-734.829057406635
-733.681258187551
-770.063458763545
-753.638821889119
-755.607274429242
-741.499986116857
-741.619595954796
-775.349098801586
-762.892233074188
-761.57212440836
-743.513889816608
-743.974974188346
-776.951578727572
-757.901629710046
-761.049780370131
-754.329076725187
-754.290219713408
-785.691441431907
-769.995722026396
-772.271511359395
-774.652006910062
-769.726737313105
-802.452712209839
-786.956721426391
-786.617568574154
-787.484882280074
-789.281321048514
-823.715747055629
-806.494593756884
-809.475905443234
-800.321899354523
-800.403215464768
-831.582482953863
-816.613644396457
-816.388673418752
-806.407709114487
-787.990724833116
-821.101088036798
-805.17062259073
-806.339799206369
-791.460707211741
-792.220626060752
-823.166128992065
-807.442055055946
-808.822715524909
-811.414174767771
-810.539585160325
-844.930009775694
-827.562715608159
-830.947440924222
-829.764523216395
-823.500574125855
-858.012562236835
-842.994758459401
-843.288288523007
-830.598482328386
-829.38075856781
-864.411028774728
-849.569075965722
-828.291806141046
-820.221977430338
-823.940049767599
-854.967115013577
-843.060091971118
-817.392138276684
-817.176134704533
-816.35382366686
-849.043445173098
-833.81043978551
-819.298496599699
-815.192189782662
-765.816951561444
-798.407600421337
-781.69679822547
-784.26259118708
-783.089804701215
-753.759641982834
-784.715857417771
-776.305330155758
-774.532962091321
-765.476614356327
-765.810005955311
-792.516045554673
-776.929702761209
-776.711833521449
-771.19914856713
-761.095608571607
-792.770172537104
-776.957250575436
-778.968150382203
-732.547484643637
-657.623802533061
-685.354836809234
-669.629926102743
-670.54033668203
-670.219129759582
-649.913570611035
-680.054222148815
-665.639168391702
-656.31020532961
-658.451075121485
-656.675766690786
-689.77649193365
-674.039768811452
-672.835554190846
-675.792961710141
-676.187810751184
-708.559813114297
-691.65938851794
-692.82017776207
-681.578622325847
-667.481123925143
-702.186435661723
-689.982230281632
-685.677804176098
-686.59556244903
-689.555497868085
-724.748454953439
-710.508705119144
-710.111317393961
-711.578024646387
-676.785840145455
-712.860324847555
-694.607147578398
-698.566977336456
-671.81983272113
-639.928341703995
-670.610970017795
-653.208248069138
-655.728640698929
-639.169471695821
-626.25401853162
-657.820102443634
-638.275977038908
-634.664953970705
-621.69641798727
-613.57177578011
-648.898533713388
-637.062899573061
-632.083810093839
-627.892745832186
-629.825291598996
-643.91562265026
-628.62812239568
-629.384808287388
-610.948972372878
-561.661727422743
-576.301882037069
-550.785995752167
-556.276157645966
-553.08853411831
-550.044875174102
-580.92008340298
-566.777405804945
-559.31890430819
-558.344520037246
-560.508776228652
-571.180151534238
-558.769241829308
-559.763428128357
-555.843823885933
-557.159433682665
-593.369415949297
-581.720210046947
-575.71019919562
-530.563956542067
-532.199210962158
-559.840334091229
-544.927128403777
-543.917025155547
-537.616864649069
-527.098364155822
-558.892360231477
-552.376222833218
-543.081553189892
-527.088166783491
-528.151819533889
-553.100047247166
-529.953735667256
-523.954143822437
-523.149443262237
-525.441427346171
-514.772577766019
-501.536735366985
-497.760088881824
-495.285277064618
-484.979183037128
-507.901620000764
-491.054105666002
-492.007421013173
-491.955676194866
-478.990985540075
-510.636666740869
-496.140924306597
-494.374363540049
-485.078133989633
-483.583959939052
-514.167088002171
-497.831007843707
-499.314320903352
-484.455706100851
-487.600089117451
-519.365569689922
-506.037607920487
-502.794782799988
-505.594506847113
-477.915941151966
-510.48831200332
-497.020469529363
-489.619031089286
-488.210566563191
-487.578049030663
-518.083983786359
-501.506200074029
-502.446400217777
-495.957596143798
-482.551047087135
-509.861473681203
-499.198930198062
-498.615786346239
-494.476394962111
-490.159338013011
-524.616261032064
-509.113912870806
-506.667064957004
-500.206810094174
-503.396531240173
-536.930193255821
-520.434137843797
-508.848223510223
-500.094766209174
-497.425291404948
-513.84564301496
-500.81377682003
-503.440171786436
-496.452048224884
-495.208759901526
-530.068604170613
-515.776895318036
-515.752074974773
-515.389181464975
-478.364169817973
-508.446399300522
-498.773776788016
-495.690690996142
-473.210300434759
-468.178253378373
