CF 10 1 0 -748.65112837 101
CF 10 1 1 -746.64030066 101
CF 10 1 2 -749.18803260 101
CF 10 1 3 -748.71647537 101
CF 10 1 4 -748.96349589 101
CF 10 2 0 -766.28866111 103
CF 10 2 1 -762.41045113 103
CF 10 2 2 -761.99679763 103
CF 10 2 3 -760.42465788 103
CF 10 2 4 -760.95593548 103
CF 10 3 0 -776.92172711 105
CF 10 3 1 -770.42091041 105
CF 10 3 2 -771.71405152 105
CF 10 3 3 -773.41450849 105
CF 10 3 4 -762.42824052 103
CF 10 4 0 -779.20005624 105
CF 10 4 1 -774.17143448 105
CF 10 4 2 -775.67358811 105
CF 10 4 3 -776.07580338 105
CF 10 4 4 -774.82541181 105
CF 10 5 0 -789.99288563 107
CF 10 5 1 -784.61463957 107
CF 10 5 2 -783.36002339 107
CF 10 5 3 -775.17281923 105
CF 10 5 4 -762.84270563 103
CF 10 6 0 -779.76164219 105
CF 10 6 1 -774.97542312 105
CF 10 6 2 -773.03991078 105
CF 10 6 3 -773.15823275 105
CF 10 6 4 -772.33765104 105
CF 10 7 0 -785.64123466 107
CF 10 7 1 -783.54971772 107
CF 10 7 2 -782.70229906 107
CF 10 7 3 -767.11991318 105
CF 10 7 4 -769.77504394 105
CF 10 8 0 -788.88574481 107
CF 10 8 1 -781.73152851 107
CF 10 8 2 -781.25243012 107
CF 10 8 3 -779.99457403 107
CF 10 8 4 -782.87150258 107
CF 10 9 0 -795.67156890 109
CF 10 9 1 -791.96537872 109
CF 10 9 2 -792.92382014 109
CF 10 9 3 -792.39300140 109
CF 10 9 4 -785.46829753 108
CF 10 10 0 -804.21064587 110
CF 10 10 1 -799.18370282 110
CF 10 10 2 -800.17788150 110
CF 10 10 3 -799.54334893 110
CF 10 10 4 -800.93393394 110
CF 10 11 0 -817.19981094 112
CF 10 11 1 -812.27190701 112
CF 10 11 2 -811.46831520 112
CF 10 11 3 -811.08060784 112
CF 10 11 4 -810.83064165 112
CF 10 12 0 -824.96689900 114
CF 10 12 1 -819.23690141 114
CF 10 12 2 -819.73491238 114
CF 10 12 3 -819.19733194 114
CF 10 12 4 -818.39316346 114
CF 10 13 0 -832.90566039 116
CF 10 13 1 -829.14831073 116
CF 10 13 2 -833.83364592 116
CF 10 13 3 -834.60025810 116
CF 10 13 4 -832.59273577 116
CF 10 14 0 -848.91914035 118
CF 10 14 1 -844.69277554 118
CF 10 14 2 -845.13354133 118
CF 10 14 3 -818.09864862 114
CF 10 14 4 -820.44788446 114
CF 10 15 0 -836.53669499 116
CF 10 15 1 -835.34969576 116
CF 10 15 2 -827.48498808 114
CF 10 15 3 -828.04344715 114
CF 10 15 4 -827.85582132 114
CF 10 16 0 -836.37512741 116
CF 10 16 1 -834.44798276 116
CF 10 16 2 -835.16346207 116
CF 10 16 3 -837.93363825 116
CF 10 16 4 -835.91114748 116
CF 10 17 0 -854.20788752 118
CF 10 17 1 -848.49273733 118
CF 10 17 2 -841.01776659 116
CF 10 17 3 -841.12679247 116
CF 10 17 4 -840.86835184 116
CF 10 18 0 -852.34236175 118
CF 10 18 1 -846.66567987 118
CF 10 18 2 -847.72869576 118
CF 10 18 3 -847.79737369 118
CF 10 18 4 -849.68033358 118
CF 10 19 0 -863.10429424 120
CF 10 19 1 -862.26508799 120
CF 10 19 2 -862.00023229 120
CF 10 19 3 -862.93701234 120
CF 10 19 4 -862.28510150 120
CF 10 20 0 -879.85366008 122
CF 10 20 1 -873.68612113 122
CF 10 20 2 -874.27502097 122
CF 10 20 3 -873.80485384 122
CF 10 20 4 -872.40528708 122
CF 10 21 0 -886.89742685 124
CF 10 21 1 -881.76680684 124
CF 10 21 2 -870.23549423 122
CF 10 21 3 -871.38021433 122
CF 10 21 4 -871.60974782 122
CF 10 22 0 -887.10597881 124
CF 10 22 1 -884.78665443 124
CF 10 22 2 -885.29244591 124
CF 10 22 3 -880.10703438 123
CF 10 22 4 -878.83147102 123
CF 10 23 0 -896.31487762 125
CF 10 23 1 -898.20085181 125
CF 10 23 2 -892.53543239 124
CF 10 23 3 -890.61853414 124
CF 10 23 4 -886.13553550 123
CF 10 24 0 -904.85573361 125
CF 10 24 1 -900.29053426 125
CF 10 24 2 -901.14272697 125
CF 10 24 3 -901.83403244 125
CF 10 24 4 -900.15463802 125
CF 10 25 0 -915.63546526 127
CF 10 25 1 -912.15394227 127
CF 10 25 2 -914.13053608 127
CF 10 25 3 -899.58914417 125
CF 10 25 4 -893.27519618 124
CF 10 26 0 -911.33543334 126
CF 10 26 1 -905.98100572 126
CF 10 26 2 -906.66647241 126
CF 10 26 3 -906.45537883 126
CF 10 26 4 -907.92558261 126
CF 10 27 0 -922.99119006 128
CF 10 27 1 -921.44380941 128
CF 10 27 2 -919.65569959 128
CF 10 27 3 -904.94808595 126
CF 10 27 4 -901.87754858 125
CF 10 28 0 -917.70021025 127
CF 10 28 1 -913.09446292 127
CF 10 28 2 -913.24513710 127
CF 10 28 3 -913.55088859 127
CF 10 28 4 -915.93817782 127
CF 10 29 0 -930.84683541 129
CF 10 29 1 -928.75247939 129
CF 10 29 2 -929.72646277 129
CF 10 29 3 -930.59289561 129
CF 10 29 4 -925.64772391 128
CF 10 30 0 -941.89877325 130
CF 10 30 1 -935.17559477 130
CF 10 30 2 -936.21063608 130
CF 10 30 3 -937.35182701 130
CF 10 30 4 -936.34473832 130
CF 10 31 0 -953.35024593 132
CF 10 31 1 -948.78819373 132
CF 10 31 2 -951.12037799 132
CF 10 31 3 -860.19581088 121
CF 10 31 4 -823.60046382 115
CF 10 32 0 -841.10522831 117
CF 10 32 1 -835.89177715 117
CF 10 32 2 -837.45382423 117
CF 10 32 3 -838.88025995 117
CF 10 32 4 -836.87185758 117
CF 10 33 0 -853.80648628 119
CF 10 33 1 -848.02310122 119
CF 10 33 2 -846.82075607 119
CF 10 33 3 -847.36770658 119
CF 10 33 4 -847.56698245 119
CF 10 34 0 -860.00796690 121
CF 10 34 1 -852.21016655 121
CF 10 34 2 -857.35420328 121
CF 10 34 3 -823.71452366 117
CF 10 34 4 -823.57479317 117
CF 10 35 0 -839.73511824 119
CF 10 35 1 -832.74000160 119
CF 10 35 2 -836.97182604 119
CF 10 35 3 -834.49834191 119
CF 10 35 4 -804.53426741 115
CF 10 36 0 -808.98173174 115
CF 10 36 1 -804.01680371 115
CF 10 36 2 -799.88659443 114
CF 10 36 3 -790.02000991 111
CF 10 36 4 -792.47826513 111
CF 10 37 0 -806.38302340 113
CF 10 37 1 -801.31797121 113
CF 10 37 2 -799.56538257 113
CF 10 37 3 -800.11615809 113
CF 10 37 4 -801.24992449 113
CF 10 38 0 -798.32113757 112
CF 10 38 1 -798.72742070 112
CF 10 38 2 -797.43367633 112
CF 10 38 3 -798.80051904 112
CF 10 38 4 -798.60272159 112
CF 10 39 0 -816.30354540 114
CF 10 39 1 -808.42413596 114
CF 10 39 2 -809.99340548 114
CF 10 39 3 -811.60458146 114
CF 10 39 4 -777.86005587 109
CF 10 40 0 -787.23352685 110
CF 10 40 1 -782.52562501 110
CF 10 40 2 -776.80789788 109
CF 10 40 3 -762.82191264 106
CF 10 40 4 -761.49933348 105
CF 10 41 0 -772.11996934 107
CF 10 41 1 -768.24579373 107
CF 10 41 2 -758.76019675 105
CF 10 41 3 -758.99994070 105
CF 10 41 4 -760.11373942 105
CF 10 42 0 -772.54637501 107
CF 10 42 1 -769.34884896 107
CF 10 42 2 -769.55385269 107
CF 10 42 3 -772.09972751 107
CF 10 42 4 -769.89705091 107
CF 10 43 0 -784.89079016 109
CF 10 43 1 -776.90276924 109
CF 10 43 2 -777.21853508 109
CF 10 43 3 -777.38241148 109
CF 10 43 4 -778.37917125 109
CF 10 44 0 -794.65197786 111
CF 10 44 1 -791.43100070 111
CF 10 44 2 -790.90634136 111
CF 10 44 3 -790.95420546 111
CF 10 44 4 -790.90758076 111
CF 10 45 0 -806.21187140 113
CF 10 45 1 -803.61022468 113
CF 10 45 2 -800.87999031 113
CF 10 45 3 -802.81073750 113
CF 10 45 4 -805.52104576 113
CF 10 46 0 -823.22467273 115
CF 10 46 1 -818.30818949 115
CF 10 46 2 -793.69387997 110
CF 10 46 3 -794.46719040 110
CF 10 46 4 -792.74569153 110
CF 10 47 0 -806.26774312 112
CF 10 47 1 -799.42573131 112
CF 10 47 2 -802.02634389 112
CF 10 47 3 -802.54891614 112
CF 10 47 4 -802.93675854 112
CF 10 48 0 -819.06909575 114
CF 10 48 1 -811.07052043 114
CF 10 48 2 -809.02102309 114
CF 10 48 3 -810.58807825 114
CF 10 48 4 -810.79457684 114
CF 10 49 0 -825.52216017 116
CF 10 49 1 -817.91050959 116
CF 10 49 2 -817.05028327 116
CF 10 49 3 -820.95497880 116
CF 10 49 4 -819.33499492 116
CF 10 50 0 -836.26752481 118
CF 10 50 1 -832.51066312 118
CF 10 50 2 -829.50909699 118
CF 10 50 3 -830.82074316 118
CF 10 50 4 -834.79422682 118
CF 30 1 0 -748.66648385 101
CF 30 1 1 -737.50409896 101
CF 30 1 2 -736.64383844 101
CF 30 1 3 -736.63147445 101
CF 30 1 4 -739.52178773 101
CF 30 2 0 -765.21924974 103
CF 30 2 1 -746.92216195 103
CF 30 2 2 -752.98555833 103
CF 30 2 3 -751.01252081 103
CF 30 2 4 -748.45940647 103
CF 30 3 0 -776.73359972 105
CF 30 3 1 -758.69773451 105
CF 30 3 2 -762.30822960 105
CF 30 3 3 -756.90636693 104
CF 30 3 4 -720.53029765 99
CF 30 4 0 -740.68990383 101
CF 30 4 1 -721.56049139 101
CF 30 4 2 -725.01985779 101
CF 30 4 3 -724.27828832 101
CF 30 4 4 -714.53007290 99
CF 30 5 0 -742.23609845 101
CF 30 5 1 -725.52223896 101
CF 30 5 2 -716.20539266 99
CF 30 5 3 -699.85524250 97
CF 30 5 4 -701.42480626 97
CF 30 6 0 -722.70785384 99
CF 30 6 1 -705.41710429 98
CF 30 6 2 -706.22446603 98
CF 30 6 3 -704.81627939 98
CF 30 6 4 -704.73133996 98
CF 30 7 0 -728.79614143 100
CF 30 7 1 -715.04753884 100
CF 30 7 2 -704.38973387 98
CF 30 7 3 -689.18019415 96
CF 30 7 4 -691.19330555 96
CF 30 8 0 -714.74026851 98
CF 30 8 1 -701.21979390 98
CF 30 8 2 -699.50637566 98
CF 30 8 3 -698.93058145 98
CF 30 8 4 -698.08092294 98
CF 30 9 0 -723.18302826 100
CF 30 9 1 -709.82033488 100
CF 30 9 2 -707.09158096 100
CF 30 9 3 -707.70338504 100
CF 30 9 4 -706.10697143 100
CF 30 10 0 -733.40576613 102
CF 30 10 1 -717.14602920 102
CF 30 10 2 -715.93122113 102
CF 30 10 3 -722.13990930 102
CF 30 10 4 -706.58022908 100
CF 30 11 0 -731.07695768 102
CF 30 11 1 -713.65530287 102
CF 30 11 2 -715.90693105 102
CF 30 11 3 -703.32109684 100
CF 30 11 4 -687.45955844 98
CF 30 12 0 -713.79217251 100
CF 30 12 1 -699.81113888 100
CF 30 12 2 -700.51308581 100
CF 30 12 3 -696.92618356 100
CF 30 12 4 -697.42583356 100
CF 30 13 0 -724.61143022 102
CF 30 13 1 -708.85682600 102
CF 30 13 2 -708.95716102 102
CF 30 13 3 -696.28360241 100
CF 30 13 4 -695.84622327 100
CF 30 14 0 -718.82529290 102
CF 30 14 1 -704.49644766 102
CF 30 14 2 -699.31598545 101
CF 30 14 3 -704.16030886 101
CF 30 14 4 -703.58605120 101
CF 30 15 0 -729.87034989 103
CF 30 15 1 -714.32101763 103
CF 30 15 2 -703.23224114 100
CF 30 15 3 -701.58122525 100
CF 30 15 4 -687.79636649 98
CF 30 16 0 -706.61287621 100
CF 30 16 1 -692.55642606 100
CF 30 16 2 -689.16954760 100
CF 30 16 3 -691.40514472 100
CF 30 16 4 -691.14704124 100
CF 30 17 0 -721.30573415 102
CF 30 17 1 -706.71665046 102
CF 30 17 2 -705.40909826 102
CF 30 17 3 -696.84268237 100
CF 30 17 4 -699.64125791 100
CF 30 18 0 -719.25466210 102
CF 30 18 1 -700.59243746 102
CF 30 18 2 -704.53282246 102
CF 30 18 3 -707.66258100 102
CF 30 18 4 -705.79995918 102
CF 30 19 0 -730.35201493 104
CF 30 19 1 -712.56502375 104
CF 30 19 2 -702.08462406 102
CF 30 19 3 -700.49794107 102
CF 30 19 4 -686.69807329 100
CF 30 20 0 -708.29893650 102
CF 30 20 1 -670.92020369 98
CF 30 20 2 -672.88056935 98
CF 30 20 3 -670.59379508 98
CF 30 20 4 -673.46690705 98
CF 30 21 0 -691.79187464 100
CF 30 21 1 -682.47939074 100
CF 30 21 2 -673.49161689 99
CF 30 21 3 -663.72379036 97
CF 30 21 4 -660.99919513 97
CF 30 22 0 -682.17935124 99
CF 30 22 1 -669.95659089 99
CF 30 22 2 -670.08947329 99
CF 30 22 3 -666.73931881 99
CF 30 22 4 -669.73666767 99
CF 30 23 0 -692.76092090 101
CF 30 23 1 -681.22567810 101
CF 30 23 2 -680.05686708 101
CF 30 23 3 -683.14981605 101
CF 30 23 4 -670.09861383 99
CF 30 24 0 -696.90025936 101
CF 30 24 1 -681.79270863 101
CF 30 24 2 -661.64421500 98
CF 30 24 3 -627.17790060 91
CF 30 24 4 -628.20240816 91
CF 30 25 0 -648.06487702 93
CF 30 25 1 -629.67619947 93
CF 30 25 2 -626.26041186 92
CF 30 25 3 -622.45300975 91
CF 30 25 4 -613.59883153 90
CF 30 26 0 -637.87079157 92
CF 30 26 1 -620.34810890 92
CF 30 26 2 -626.05065708 92
CF 30 26 3 -627.53359016 92
CF 30 26 4 -624.97224032 92
CF 30 27 0 -652.34722050 94
CF 30 27 1 -637.70482524 94
CF 30 27 2 -633.55815687 93
CF 30 27 3 -632.37995427 93
CF 30 27 4 -630.06222217 93
CF 30 28 0 -658.68107557 95
CF 30 28 1 -641.99579635 95
CF 30 28 2 -646.43873190 95
CF 30 28 3 -647.65563080 95
CF 30 28 4 -616.92383649 91
CF 30 29 0 -640.59380725 93
CF 30 29 1 -627.66267019 93
CF 30 29 2 -625.54159750 92
CF 30 29 3 -625.17520053 92
CF 30 29 4 -627.46974732 92
CF 30 30 0 -648.79918992 94
CF 30 30 1 -630.65128272 94
CF 30 30 2 -627.02690408 93
CF 30 30 3 -605.65779864 90
CF 30 30 4 -609.88754088 90
CF 30 31 0 -630.01824926 92
CF 30 31 1 -613.03239169 92
CF 30 31 2 -615.38298842 92
CF 30 31 3 -622.69993370 92
CF 30 31 4 -602.98496952 90
CF 30 32 0 -629.70632868 92
CF 30 32 1 -611.97091910 91
CF 30 32 2 -612.22661829 91
CF 30 32 3 -612.28799634 91
CF 30 32 4 -606.55302028 90
CF 30 33 0 -624.88287435 92
CF 30 33 1 -611.30100242 92
CF 30 33 2 -611.31738029 92
CF 30 33 3 -569.63593967 86
CF 30 33 4 -554.14010632 83
CF 30 34 0 -579.27356252 85
CF 30 34 1 -560.88296122 84
CF 30 34 2 -549.44666464 82
CF 30 34 3 -549.94333496 82
CF 30 34 4 -538.52851693 80
CF 30 35 0 -557.38597779 82
CF 30 35 1 -548.99080796 82
CF 30 35 2 -549.61765231 82
CF 30 35 3 -539.63740159 80
CF 30 35 4 -527.14664734 78
CF 30 36 0 -545.05317740 80
CF 30 36 1 -533.72296395 80
CF 30 36 2 -533.68647959 80
CF 30 36 3 -520.58619567 78
CF 30 36 4 -522.06228850 78
CF 30 37 0 -545.04966744 80
CF 30 37 1 -525.60028008 80
CF 30 37 2 -527.69769706 80
CF 30 37 3 -527.25767083 80
CF 30 37 4 -529.13404933 80
CF 30 38 0 -555.35374828 82
CF 30 38 1 -540.70988362 82
CF 30 38 2 -542.41699662 82
CF 30 38 3 -542.59873847 82
CF 30 38 4 -529.85393185 80
CF 30 39 0 -552.43762435 82
CF 30 39 1 -533.89949930 81
CF 30 39 2 -531.70734618 81
CF 30 39 3 -533.78778687 81
CF 30 39 4 -531.56412341 81
CF 30 40 0 -555.74286107 83
CF 30 40 1 -543.69093761 83
CF 30 40 2 -536.54208641 82
CF 30 40 3 -507.30000845 78
CF 30 40 4 -477.00988555 72
CF 30 41 0 -493.75816285 74
CF 30 41 1 -472.01777394 72
CF 30 41 2 -447.79117209 69
CF 30 41 3 -436.28514779 67
CF 30 41 4 -440.86079843 67
CF 30 42 0 -461.08711656 69
CF 30 42 1 -447.04753811 69
CF 30 42 2 -442.48533924 68
CF 30 42 3 -408.98922107 63
CF 30 42 4 -328.06119439 52
CF 30 43 0 -331.27304574 52
CF 30 43 1 -311.45941307 52
CF 30 43 2 -293.46354994 48
CF 30 43 3 -268.59564296 44
CF 30 43 4 -249.43326125 40
CF 30 44 0 -271.55991318 42
CF 30 44 1 -258.90629145 42
CF 30 44 2 -229.44654209 37
CF 30 44 3 -233.70074654 37
CF 30 44 4 -217.40148968 35
CF 30 45 0 -226.68013038 36
CF 30 45 1 -216.96178830 36
CF 30 45 2 -199.87654152 32
CF 30 45 3 -171.18371874 27
CF 30 45 4 -167.34724309 26
CF 30 46 0 -175.64551703 28
CF 30 46 1 -171.08415705 28
CF 30 46 2 -165.89155686 27
CF 30 46 3 -130.43346675 23
CF 30 46 4 -129.05693674 22
CF 30 47 0 -128.00215588 22
CF 30 47 1 -117.28819197 20
CF 30 47 2 -117.91706873 20
CF 30 47 3 -117.30105883 20
CF 30 47 4 -116.66022626 20
CF 30 48 0 -126.02277826 22
CF 30 48 1 -116.52051095 21
CF 30 48 2 -115.15701007 21
CF 30 48 3 -113.56957211 19
CF 30 48 4 -113.56957212 19
CF 30 49 0 -121.93500126 21
CF 30 49 1 -114.46011129 20
CF 30 49 2 -113.56957212 19
CF 30 49 3 -113.56957211 19
CF 30 49 4 -113.56957211 19
CF 30 50 0 -121.92976242 21
CF 30 50 1 -113.56957212 19
CF 30 50 2 -113.56957211 19
CF 30 50 3 -113.56957211 19
CF 30 50 4 -113.56957212 19
CF3 10 1 0 -759.49427879 103
CF3 10 1 1 -755.78543482 103
CF3 10 1 2 -758.74880136 103
CF3 10 1 3 -759.89079595 103
CF3 10 1 4 -760.22559622 103
CF3 10 2 0 -787.96320878 107
CF3 10 2 1 -783.54602410 107
CF3 10 2 2 -781.97849530 107
CF3 10 2 3 -785.15910876 107
CF3 10 2 4 -786.03333610 107
CF3 10 3 0 -811.97502207 111
CF3 10 3 1 -809.12080952 111
CF3 10 3 2 -804.90304100 110
CF3 10 3 3 -789.31188018 107
CF3 10 3 4 -789.17099779 107
CF3 10 4 0 -811.68746553 111
CF3 10 4 1 -804.10399848 111
CF3 10 4 2 -804.71702147 111
CF3 10 4 3 -806.16788370 111
CF3 10 4 4 -805.29159721 111
CF3 10 5 0 -829.26163423 115
CF3 10 5 1 -824.51334304 115
CF3 10 5 2 -826.00421926 115
CF3 10 5 3 -800.25742582 110
CF3 10 5 4 -785.93566179 107
CF3 10 6 0 -808.74774985 111
CF3 10 6 1 -803.71958218 111
CF3 10 6 2 -805.21415593 111
CF3 10 6 3 -786.95035779 107
CF3 10 6 4 -786.99017087 107
CF3 10 7 0 -809.24542782 111
CF3 10 7 1 -805.75405345 111
CF3 10 7 2 -806.11839444 111
CF3 10 7 3 -784.86261517 107
CF3 10 7 4 -784.13794945 107
CF3 10 8 0 -809.79770545 111
CF3 10 8 1 -804.62628591 111
CF3 10 8 2 -803.73575235 111
CF3 10 8 3 -787.08032690 108
CF3 10 8 4 -779.81837286 106
CF3 10 9 0 -784.72103070 107
CF3 10 9 1 -782.10065352 107
CF3 10 9 2 -782.26399981 107
CF3 10 9 3 -767.57174003 104
CF3 10 9 4 -769.04481873 104
CF3 10 10 0 -792.83344871 108
CF3 10 10 1 -788.82186570 108
CF3 10 10 2 -788.39400372 108
CF3 10 10 3 -786.54411082 108
CF3 10 10 4 -787.60570566 108
CF3 10 11 0 -812.57593989 112
CF3 10 11 1 -807.05301295 112
CF3 10 11 2 -808.04283611 112
CF3 10 11 3 -788.77972981 108
CF3 10 11 4 -788.27093134 108
CF3 10 12 0 -811.96367301 112
CF3 10 12 1 -807.97858963 112
CF3 10 12 2 -808.55554210 112
CF3 10 12 3 -788.76755668 108
CF3 10 12 4 -789.44936451 108
CF3 10 13 0 -812.04733724 112
CF3 10 13 1 -807.59109402 112
CF3 10 13 2 -808.07523782 112
CF3 10 13 3 -790.56429280 109
CF3 10 13 4 -788.80815538 108
CF3 10 14 0 -812.66593764 112
CF3 10 14 1 -808.46658720 112
CF3 10 14 2 -808.89814040 112
CF3 10 14 3 -786.38081586 109
CF3 10 14 4 -782.02732420 107
CF3 10 15 0 -805.74071423 111
CF3 10 15 1 -801.46525517 111
CF3 10 15 2 -803.04846696 111
CF3 10 15 3 -782.47228427 107
CF3 10 15 4 -784.23320576 107
CF3 10 16 0 -806.49321328 111
CF3 10 16 1 -801.86321973 111
CF3 10 16 2 -801.70060995 111
CF3 10 16 3 -782.93558880 107
CF3 10 16 4 -783.63321529 107
CF3 10 17 0 -805.64006563 111
CF3 10 17 1 -799.63925642 111
CF3 10 17 2 -802.62896495 111
CF3 10 17 3 -782.92704374 107
CF3 10 17 4 -763.49777241 103
CF3 10 18 0 -787.28434666 107
CF3 10 18 1 -782.10552501 107
CF3 10 18 2 -783.76696158 107
CF3 10 18 3 -763.96658076 103
CF3 10 18 4 -763.46451412 103
CF3 10 19 0 -787.10546335 107
CF3 10 19 1 -782.50280907 107
CF3 10 19 2 -781.99178505 107
CF3 10 19 3 -781.65745150 107
CF3 10 19 4 -781.65670856 107
CF3 10 20 0 -805.44182053 111
CF3 10 20 1 -802.38652104 111
CF3 10 20 2 -805.48590569 111
CF3 10 20 3 -803.46764985 111
CF3 10 20 4 -804.49394402 111
CF3 10 21 0 -829.63946904 115
CF3 10 21 1 -828.72621775 115
CF3 10 21 2 -821.55025079 114
CF3 10 21 3 -802.33922429 110
CF3 10 21 4 -783.12095650 106
CF3 10 22 0 -803.79921144 110
CF3 10 22 1 -798.84696078 110
CF3 10 22 2 -799.69778090 110
CF3 10 22 3 -780.28176651 106
CF3 10 22 4 -781.68705687 106
CF3 10 23 0 -803.53383168 110
CF3 10 23 1 -799.68390898 110
CF3 10 23 2 -799.73268944 110
CF3 10 23 3 -795.09766583 109
CF3 10 23 4 -780.19106785 106
CF3 10 24 0 -804.02555663 110
CF3 10 24 1 -799.04044827 110
CF3 10 24 2 -798.73530588 110
CF3 10 24 3 -798.12590476 110
CF3 10 24 4 -798.83263294 110
CF3 10 25 0 -823.53257662 114
CF3 10 25 1 -818.79328566 114
CF3 10 25 2 -818.96226581 114
CF3 10 25 3 -799.98575385 110
CF3 10 25 4 -799.94984669 110
CF3 10 26 0 -822.86733922 114
CF3 10 26 1 -818.57299047 114
CF3 10 26 2 -817.61561557 114
CF3 10 26 3 -817.44449537 114
CF3 10 26 4 -799.80079842 111
CF3 10 27 0 -822.46743721 114
CF3 10 27 1 -815.12939484 114
CF3 10 27 2 -817.39780189 114
CF3 10 27 3 -802.36234986 111
CF3 10 27 4 -804.33533755 111
CF3 10 28 0 -824.95221231 115
CF3 10 28 1 -817.23414301 115
CF3 10 28 2 -819.54312622 115
CF3 10 28 3 -800.57789708 111
CF3 10 28 4 -785.88535145 108
CF3 10 29 0 -808.00867566 112
CF3 10 29 1 -803.92484299 112
CF3 10 29 2 -805.31128813 112
CF3 10 29 3 -784.79171837 108
CF3 10 29 4 -785.52184997 108
CF3 10 30 0 -807.75542869 112
CF3 10 30 1 -802.98011411 112
CF3 10 30 2 -803.38249415 112
CF3 10 30 3 -803.96743817 112
CF3 10 30 4 -784.58664055 108
CF3 10 31 0 -807.67696327 112
CF3 10 31 1 -804.01900135 112
CF3 10 31 2 -804.89880854 112
CF3 10 31 3 -804.49795345 112
CF3 10 31 4 -803.49637207 112
CF3 10 32 0 -826.94889111 116
CF3 10 32 1 -823.30866938 116
CF3 10 32 2 -817.70308368 115
CF3 10 32 3 -786.38862466 108
CF3 10 32 4 -786.08943624 108
CF3 10 33 0 -808.88022091 112
CF3 10 33 1 -804.31240901 112
CF3 10 33 2 -803.83654791 112
CF3 10 33 3 -785.19827907 108
CF3 10 33 4 -785.25732694 108
CF3 10 34 0 -808.95444223 112
CF3 10 34 1 -802.65169009 112
CF3 10 34 2 -805.13234927 112
CF3 10 34 3 -803.99131488 112
CF3 10 34 4 -784.98778936 108
CF3 10 35 0 -808.75391693 112
CF3 10 35 1 -803.00619785 112
CF3 10 35 2 -804.35389367 112
CF3 10 35 3 -785.65950687 108
CF3 10 35 4 -785.97773990 108
CF3 10 36 0 -808.40356380 112
CF3 10 36 1 -804.74117134 112
CF3 10 36 2 -804.58004510 112
CF3 10 36 3 -786.00359181 108
CF3 10 36 4 -785.40623452 108
CF3 10 37 0 -808.13238212 112
CF3 10 37 1 -806.40214970 112
CF3 10 37 2 -801.09254808 111
CF3 10 37 3 -780.31088991 107
CF3 10 37 4 -781.34994994 107
CF3 10 38 0 -802.49365769 111
CF3 10 38 1 -797.97309524 111
CF3 10 38 2 -798.63776529 111
CF3 10 38 3 -780.18296280 107
CF3 10 38 4 -780.00757538 107
CF3 10 39 0 -803.01563694 111
CF3 10 39 1 -799.16793935 111
CF3 10 39 2 -798.48217747 111
CF3 10 39 3 -779.93267468 107
CF3 10 39 4 -780.17857234 107
CF3 10 40 0 -802.28842193 111
CF3 10 40 1 -800.92597157 111
CF3 10 40 2 -800.94074119 111
CF3 10 40 3 -783.20243057 107
CF3 10 40 4 -781.55152929 107
CF3 10 41 0 -802.12449689 111
CF3 10 41 1 -799.42869304 111
CF3 10 41 2 -795.10138880 110
CF3 10 41 3 -780.53171920 107
CF3 10 41 4 -779.85108292 107
CF3 10 42 0 -802.06527048 111
CF3 10 42 1 -800.14818889 111
CF3 10 42 2 -798.96120494 111
CF3 10 42 3 -781.57527257 108
CF3 10 42 4 -777.69711662 107
CF3 10 43 0 -803.19905383 111
CF3 10 43 1 -796.68020489 111
CF3 10 43 2 -799.48724191 111
CF3 10 43 3 -773.82629524 106
CF3 10 43 4 -773.58455638 106
CF3 10 44 0 -797.35525171 110
CF3 10 44 1 -795.73172502 110
CF3 10 44 2 -793.97561777 110
CF3 10 44 3 -775.05591597 106
CF3 10 44 4 -776.02375255 106
CF3 10 45 0 -797.04263331 110
CF3 10 45 1 -798.06069383 110
CF3 10 45 2 -799.34968524 110
CF3 10 45 3 -775.43015261 107
CF3 10 45 4 -774.25679025 105
CF3 10 46 0 -795.42799031 109
CF3 10 46 1 -790.98867927 109
CF3 10 46 2 -792.14068726 109
CF3 10 46 3 -790.25455518 109
CF3 10 46 4 -791.40937738 109
CF3 10 47 0 -814.78106793 113
CF3 10 47 1 -810.51906286 113
CF3 10 47 2 -810.73195725 113
CF3 10 47 3 -806.62047465 112
CF3 10 47 4 -792.21233538 109
CF3 10 48 0 -815.36222485 113
CF3 10 48 1 -809.28410124 113
CF3 10 48 2 -810.52223577 113
CF3 10 48 3 -809.36647527 113
CF3 10 48 4 -791.32252783 109
CF3 10 49 0 -815.35190100 113
CF3 10 49 1 -809.84695520 113
CF3 10 49 2 -811.35197135 113
CF3 10 49 3 -811.45195904 113
CF3 10 49 4 -791.46000732 109
CF3 10 50 0 -815.24183440 113
CF3 10 50 1 -814.03308992 113
CF3 10 50 2 -807.97654626 112
CF3 10 50 3 -790.71791055 108
CF3 10 50 4 -790.91377136 108
CF3 30 1 0 -759.49455042 103
CF3 30 1 1 -744.96659218 103
CF3 30 1 2 -746.98987616 103
CF3 30 1 3 -733.66814983 101
CF3 30 1 4 -734.62994747 101
CF3 30 2 0 -771.26606162 105
CF3 30 2 1 -755.79397353 105
CF3 30 2 2 -756.61576374 105
CF3 30 2 3 -741.27896869 103
CF3 30 2 4 -745.55613643 103
CF3 30 3 0 -775.96457483 107
CF3 30 3 1 -766.63906711 107
CF3 30 3 2 -766.20658752 107
CF3 30 3 3 -751.47168077 104
CF3 30 3 4 -752.73713463 104
CF3 30 4 0 -777.30591590 108
CF3 30 4 1 -765.14008225 108
CF3 30 4 2 -765.29343842 108
CF3 30 4 3 -766.30502217 108
CF3 30 4 4 -741.84650419 104
CF3 30 5 0 -776.06404536 108
CF3 30 5 1 -758.21153000 108
CF3 30 5 2 -756.43262778 107
CF3 30 5 3 -748.31758397 105
CF3 30 5 4 -751.75724661 105
CF3 30 6 0 -782.02102861 109
CF3 30 6 1 -766.40194488 109
CF3 30 6 2 -750.54255331 105
CF3 30 6 3 -747.82297938 105
CF3 30 6 4 -749.17507499 105
CF3 30 7 0 -778.20229874 109
CF3 30 7 1 -765.84174121 109
CF3 30 7 2 -770.37900305 109
CF3 30 7 3 -743.63668903 105
CF3 30 7 4 -746.38864888 105
CF3 30 8 0 -780.52514758 109
CF3 30 8 1 -766.48718361 109
CF3 30 8 2 -764.18267991 109
CF3 30 8 3 -750.51038919 106
CF3 30 8 4 -751.23293677 106
CF3 30 9 0 -783.31530584 110
CF3 30 9 1 -763.63900355 110
CF3 30 9 2 -768.13789611 110
CF3 30 9 3 -752.25402820 108
CF3 30 9 4 -742.97714576 106
CF3 30 10 0 -780.14719822 110
CF3 30 10 1 -763.28378067 110
CF3 30 10 2 -763.31500349 109
CF3 30 10 3 -737.08552585 104
CF3 30 10 4 -736.81259937 104
CF3 30 11 0 -764.86367196 108
CF3 30 11 1 -750.20491141 108
CF3 30 11 2 -750.85155085 108
CF3 30 11 3 -718.26565145 101
CF3 30 11 4 -710.78702716 100
CF3 30 12 0 -741.99367946 104
CF3 30 12 1 -721.65751383 104
CF3 30 12 2 -723.36070080 104
CF3 30 12 3 -727.86651279 104
CF3 30 12 4 -727.85770517 104
CF3 30 13 0 -760.81360317 108
CF3 30 13 1 -743.93964388 108
CF3 30 13 2 -745.46842202 108
CF3 30 13 3 -747.10089391 108
CF3 30 13 4 -746.08148828 108
CF3 30 14 0 -781.13963116 112
CF3 30 14 1 -766.54643428 112
CF3 30 14 2 -767.56858593 112
CF3 30 14 3 -754.28029061 109
CF3 30 14 4 -723.60564304 104
CF3 30 15 0 -751.06468842 107
CF3 30 15 1 -741.42424320 107
CF3 30 15 2 -743.54160051 107
CF3 30 15 3 -721.39266659 103
CF3 30 15 4 -692.87145298 98
CF3 30 16 0 -722.76333490 102
CF3 30 16 1 -702.39678240 102
CF3 30 16 2 -704.27584625 102
CF3 30 16 3 -704.72663988 102
CF3 30 16 4 -689.95667146 99
CF3 30 17 0 -723.42342089 103
CF3 30 17 1 -713.37477566 103
CF3 30 17 2 -706.75314730 102
CF3 30 17 3 -703.14918405 100
CF3 30 17 4 -702.79135407 100
CF3 30 18 0 -733.31200911 104
CF3 30 18 1 -712.55841064 104
CF3 30 18 2 -715.67663874 104
CF3 30 18 3 -714.78500581 104
CF3 30 18 4 -704.56843123 102
CF3 30 19 0 -729.23378955 105
CF3 30 19 1 -715.22537839 105
CF3 30 19 2 -712.72168444 105
CF3 30 19 3 -716.67972957 105
CF3 30 19 4 -703.99513656 102
CF3 30 20 0 -739.62705610 106
CF3 30 20 1 -721.25911780 106
CF3 30 20 2 -721.59663373 106
CF3 30 20 3 -724.52608531 106
CF3 30 20 4 -706.90927616 104
CF3 30 21 0 -745.14912513 108
CF3 30 21 1 -729.11817924 108
CF3 30 21 2 -726.15084684 107
CF3 30 21 3 -683.21662510 99
CF3 30 21 4 -685.10257854 99
CF3 30 22 0 -719.51093631 103
CF3 30 22 1 -704.32869433 103
CF3 30 22 2 -703.83515645 103
CF3 30 22 3 -690.86493078 100
CF3 30 22 4 -691.29918293 100
CF3 30 23 0 -719.86524196 104
CF3 30 23 1 -704.70161004 104
CF3 30 23 2 -686.51206838 100
CF3 30 23 3 -686.92335098 100
CF3 30 23 4 -657.93684547 95
CF3 30 24 0 -692.18838562 99
CF3 30 24 1 -676.21163122 99
CF3 30 24 2 -677.11360346 99
CF3 30 24 3 -674.08543128 99
CF3 30 24 4 -662.72843153 96
CF3 30 25 0 -693.83845046 100
CF3 30 25 1 -684.96601875 100
CF3 30 25 2 -683.50502007 100
CF3 30 25 3 -664.34593223 96
CF3 30 25 4 -666.54083126 96
CF3 30 26 0 -681.28271699 98
CF3 30 26 1 -656.37086410 96
CF3 30 26 2 -653.56440872 95
CF3 30 26 3 -647.57997828 94
CF3 30 26 4 -647.77706029 94
CF3 30 27 0 -676.73133914 98
CF3 30 27 1 -659.39538586 98
CF3 30 27 2 -661.65517658 98
CF3 30 27 3 -659.86553449 98
CF3 30 27 4 -657.76361171 97
CF3 30 28 0 -693.34655922 101
CF3 30 28 1 -680.21196708 101
CF3 30 28 2 -681.52908530 101
CF3 30 28 3 -677.80861062 101
CF3 30 28 4 -652.78880957 97
CF3 30 29 0 -689.14564680 100
CF3 30 29 1 -682.31403618 100
CF3 30 29 2 -664.35906985 98
CF3 30 29 3 -662.71579075 98
CF3 30 29 4 -643.45434644 94
CF3 30 30 0 -672.76232112 98
CF3 30 30 1 -657.95280562 98
CF3 30 30 2 -655.52984505 98
CF3 30 30 3 -655.62837603 98
CF3 30 30 4 -646.08293961 96
CF3 30 31 0 -681.04224630 100
CF3 30 31 1 -663.68778338 100
CF3 30 31 2 -664.49730067 100
CF3 30 31 3 -658.65955893 99
CF3 30 31 4 -658.40810749 98
CF3 30 32 0 -691.12732282 102
CF3 30 32 1 -674.70727669 102
CF3 30 32 2 -675.38603804 102
CF3 30 32 3 -663.57500265 99
CF3 30 32 4 -662.86633607 99
CF3 30 33 0 -692.84503342 103
CF3 30 33 1 -676.91794304 103
CF3 30 33 2 -677.49829690 103
CF3 30 33 3 -629.97251230 95
CF3 30 33 4 -618.97810846 93
CF3 30 34 0 -643.50435064 96
CF3 30 34 1 -628.18727568 96
CF3 30 34 2 -621.12759969 95
CF3 30 34 3 -606.15222519 92
CF3 30 34 4 -608.62116038 92
CF3 30 35 0 -640.01881720 96
CF3 30 35 1 -628.92813538 96
CF3 30 35 2 -612.49129425 93
CF3 30 35 3 -601.72657900 90
CF3 30 35 4 -525.33923782 78
CF3 30 36 0 -555.00645729 82
CF3 30 36 1 -526.72594123 80
CF3 30 36 2 -526.67938769 80
CF3 30 36 3 -525.89862649 80
CF3 30 36 4 -526.62971098 80
CF3 30 37 0 -558.78904696 84
CF3 30 37 1 -542.32790115 83
CF3 30 37 2 -536.96870491 82
CF3 30 37 3 -525.70729627 79
CF3 30 37 4 -523.28630646 79
CF3 30 38 0 -555.41520127 83
CF3 30 38 1 -545.23707744 83
CF3 30 38 2 -541.94220517 83
CF3 30 38 3 -542.00861711 83
CF3 30 38 4 -546.86008900 83
CF3 30 39 0 -580.05342500 87
CF3 30 39 1 -564.30623783 87
CF3 30 39 2 -562.91843809 87
CF3 30 39 3 -550.98606291 84
CF3 30 39 4 -526.71939802 80
CF3 30 40 0 -557.88580667 84
CF3 30 40 1 -552.93825551 84
CF3 30 40 2 -555.36927604 84
CF3 30 40 3 -553.40744935 84
CF3 30 40 4 -535.67250107 80
CF3 30 41 0 -557.41850944 84
CF3 30 41 1 -543.17764267 84
CF3 30 41 2 -542.04110694 84
CF3 30 41 3 -542.87516346 84
CF3 30 41 4 -540.24171655 83
CF3 30 42 0 -573.32402915 87
CF3 30 42 1 -561.39663900 87
CF3 30 42 2 -556.74286123 87
CF3 30 42 3 -532.47809759 81
CF3 30 42 4 -508.09485766 76
CF3 30 43 0 -532.40123457 80
CF3 30 43 1 -513.77188201 80
CF3 30 43 2 -514.61572114 80
CF3 30 43 3 -505.33590733 78
CF3 30 43 4 -478.73411915 73
CF3 30 44 0 -509.80165055 77
CF3 30 44 1 -500.46363786 77
CF3 30 44 2 -495.53231743 77
CF3 30 44 3 -484.68015705 74
CF3 30 44 4 -459.14097458 69
CF3 30 45 0 -483.55575421 73
CF3 30 45 1 -470.41694954 73
CF3 30 45 2 -470.26605603 73
CF3 30 45 3 -457.26822083 70
CF3 30 45 4 -451.78286945 69
CF3 30 46 0 -483.40117667 73
CF3 30 46 1 -474.21342973 73
CF3 30 46 2 -467.07299420 72
CF3 30 46 3 -456.01617294 69
CF3 30 46 4 -430.77238023 65
CF3 30 47 0 -455.03248480 69
CF3 30 47 1 -429.45750080 67
CF3 30 47 2 -426.38914678 66
CF3 30 47 3 -428.82211062 66
CF3 30 47 4 -430.53412854 66
CF3 30 48 0 -458.28329603 70
CF3 30 48 1 -439.92403283 70
CF3 30 48 2 -447.61155684 70
CF3 30 48 3 -444.84422708 70
CF3 30 48 4 -422.36353415 66
CF3 30 49 0 -432.66627337 66
CF3 30 49 1 -419.65516371 66
CF3 30 49 2 -415.91965899 66
CF3 30 49 3 -402.33785624 63
CF3 30 49 4 -404.15568610 63
CF3 30 50 0 -432.21415768 67
CF3 30 50 1 -429.46061587 67
CF3 30 50 2 -423.02434020 67
CF3 30 50 3 -416.40639417 67
CF3 30 50 4 -369.46891748 57
CH2F 10 1 0 -758.69985263 103
CH2F 10 1 1 -754.48998085 103
CH2F 10 1 2 -757.47626061 103
CH2F 10 1 3 -757.35929700 103
CH2F 10 1 4 -757.96464807 103
CH2F 10 2 0 -783.77936520 107
CH2F 10 2 1 -782.49243155 107
CH2F 10 2 2 -781.62847212 107
CH2F 10 2 3 -783.41538834 107
CH2F 10 2 4 -782.26281177 107
CH2F 10 3 0 -806.57633513 111
CH2F 10 3 1 -803.62932573 111
CH2F 10 3 2 -803.78209663 111
CH2F 10 3 3 -785.28837031 107
CH2F 10 3 4 -786.88743912 107
CH2F 10 4 0 -806.76222881 111
CH2F 10 4 1 -801.62950624 111
CH2F 10 4 2 -800.92627901 111
CH2F 10 4 3 -802.70539787 111
CH2F 10 4 4 -802.19266585 111
CH2F 10 5 0 -825.15799282 115
CH2F 10 5 1 -820.28021032 115
CH2F 10 5 2 -803.15120949 111
CH2F 10 5 3 -804.64936491 111
CH2F 10 5 4 -803.54827334 111
CH2F 10 6 0 -825.47241798 115
CH2F 10 6 1 -822.38265005 115
CH2F 10 6 2 -807.01767057 112
CH2F 10 6 3 -801.47823472 110
CH2F 10 6 4 -801.10483471 110
CH2F 10 7 0 -823.33987414 114
CH2F 10 7 1 -820.28074430 114
CH2F 10 7 2 -801.19291459 110
CH2F 10 7 3 -802.43421755 110
CH2F 10 7 4 -801.48588934 110
CH2F 10 8 0 -822.82418044 114
CH2F 10 8 1 -813.85877300 114
CH2F 10 8 2 -814.64823959 114
CH2F 10 8 3 -815.24871375 114
CH2F 10 8 4 -815.30565172 114
CH2F 10 9 0 -838.94743770 118
CH2F 10 9 1 -834.11774339 118
CH2F 10 9 2 -838.67545519 118
CH2F 10 9 3 -809.49887574 113
CH2F 10 9 4 -806.77437863 113
CH2F 10 10 0 -833.62802744 117
CH2F 10 10 1 -831.23144176 117
CH2F 10 10 2 -825.03801049 116
CH2F 10 10 3 -813.39252193 113
CH2F 10 10 4 -813.28003590 113
CH2F 10 11 0 -834.71291484 117
CH2F 10 11 1 -829.42279024 117
CH2F 10 11 2 -831.97575220 117
CH2F 10 11 3 -830.40569476 117
CH2F 10 11 4 -831.93470301 117
CH2F 10 12 0 -856.47422915 121
CH2F 10 12 1 -852.38127317 121
CH2F 10 12 2 -835.65844126 117
CH2F 10 12 3 -834.47100686 117
CH2F 10 12 4 -835.62231719 117
CH2F 10 13 0 -856.30097518 121
CH2F 10 13 1 -852.95525315 121
CH2F 10 13 2 -853.24434141 121
CH2F 10 13 3 -853.83361434 121
CH2F 10 13 4 -854.85172885 121
CH2F 10 14 0 -878.73237696 125
CH2F 10 14 1 -874.27555920 125
CH2F 10 14 2 -853.64053314 120
CH2F 10 14 3 -852.64783630 120
CH2F 10 14 4 -852.39102914 120
CH2F 10 15 0 -876.21189911 124
CH2F 10 15 1 -863.75836495 124
CH2F 10 15 2 -863.19597819 123
CH2F 10 15 3 -841.86765716 118
CH2F 10 15 4 -837.76485857 118
CH2F 10 16 0 -864.40185879 122
CH2F 10 16 1 -859.29276053 122
CH2F 10 16 2 -858.68072789 122
CH2F 10 16 3 -858.23789471 122
CH2F 10 16 4 -858.90372841 122
CH2F 10 17 0 -882.22304691 126
CH2F 10 17 1 -878.78133389 126
CH2F 10 17 2 -863.17458286 123
CH2F 10 17 3 -861.50371064 123
CH2F 10 17 4 -852.04273270 121
CH2F 10 18 0 -875.11361146 125
CH2F 10 18 1 -872.60512194 125
CH2F 10 18 2 -854.71518751 121
CH2F 10 18 3 -855.64513376 121
CH2F 10 18 4 -855.64689932 121
CH2F 10 19 0 -875.98402742 125
CH2F 10 19 1 -872.11073097 125
CH2F 10 19 2 -873.03765082 125
CH2F 10 19 3 -873.58053767 125
CH2F 10 19 4 -873.59385208 125
CH2F 10 20 0 -895.82252979 129
CH2F 10 20 1 -895.91339513 129
CH2F 10 20 2 -891.99400777 129
CH2F 10 20 3 -893.66913695 129
CH2F 10 20 4 -888.42038819 127
CH2F 10 21 0 -909.73289046 131
CH2F 10 21 1 -906.54809994 131
CH2F 10 21 2 -900.09666062 130
CH2F 10 21 3 -885.91411930 126
CH2F 10 21 4 -883.94986875 125
CH2F 10 22 0 -901.57897295 129
CH2F 10 22 1 -897.14790644 129
CH2F 10 22 2 -898.69531424 129
CH2F 10 22 3 -886.44724865 127
CH2F 10 22 4 -873.64900543 124
CH2F 10 23 0 -898.94867944 128
CH2F 10 23 1 -893.38526663 128
CH2F 10 23 2 -891.20364040 128
CH2F 10 23 3 -891.48067434 128
CH2F 10 23 4 -892.31139430 128
CH2F 10 24 0 -917.62371673 132
CH2F 10 24 1 -913.22667907 132
CH2F 10 24 2 -916.66238913 132
CH2F 10 24 3 -914.68117130 132
CH2F 10 24 4 -895.33817813 128
CH2F 10 25 0 -920.71819001 132
CH2F 10 25 1 -916.74293782 132
CH2F 10 25 2 -903.81050971 129
CH2F 10 25 3 -879.60587909 125
CH2F 10 25 4 -872.02424713 123
CH2F 10 26 0 -899.27118103 127
CH2F 10 26 1 -893.14783090 127
CH2F 10 26 2 -870.08000654 122
CH2F 10 26 3 -864.31182999 121
CH2F 10 26 4 -865.14796465 121
CH2F 10 27 0 -891.32588157 125
CH2F 10 27 1 -883.72940989 125
CH2F 10 27 2 -878.14803754 123
CH2F 10 27 3 -876.10717390 123
CH2F 10 27 4 -864.64934166 120
CH2F 10 28 0 -888.21960389 124
CH2F 10 28 1 -884.59347442 124
CH2F 10 28 2 -884.32302089 124
CH2F 10 28 3 -859.99599512 119
CH2F 10 28 4 -859.91650574 119
CH2F 10 29 0 -882.25759404 123
CH2F 10 29 1 -880.37896314 123
CH2F 10 29 2 -868.37761396 121
CH2F 10 29 3 -857.74489247 118
CH2F 10 29 4 -857.67504131 118
CH2F 10 30 0 -878.92765443 122
CH2F 10 30 1 -870.21778286 122
CH2F 10 30 2 -876.02486599 122
CH2F 10 30 3 -874.75734812 122
CH2F 10 30 4 -867.22501327 121
CH2F 10 31 0 -895.44364071 125
CH2F 10 31 1 -892.28294387 125
CH2F 10 31 2 -891.20613165 125
CH2F 10 31 3 -891.93661758 125
CH2F 10 31 4 -887.60712579 124
CH2F 10 32 0 -909.95276351 128
CH2F 10 32 1 -904.94699085 128
CH2F 10 32 2 -887.12078658 125
CH2F 10 32 3 -891.33504328 125
CH2F 10 32 4 -866.75052587 120
CH2F 10 33 0 -890.76901392 124
CH2F 10 33 1 -886.65194667 124
CH2F 10 33 2 -879.51236782 122
CH2F 10 33 3 -881.54506481 122
CH2F 10 33 4 -879.41742788 122
CH2F 10 34 0 -903.17275271 126
CH2F 10 34 1 -899.61681630 126
CH2F 10 34 2 -880.24660818 122
CH2F 10 34 3 -880.68963955 122
CH2F 10 34 4 -881.65613819 122
CH2F 10 35 0 -903.36651259 126
CH2F 10 35 1 -898.27023146 126
CH2F 10 35 2 -896.04162281 125
CH2F 10 35 3 -898.30810388 125
CH2F 10 35 4 -897.34049635 125
CH2F 10 36 0 -918.97501392 128
CH2F 10 36 1 -913.67919148 128
CH2F 10 36 2 -875.90620295 121
CH2F 10 36 3 -873.97065767 120
CH2F 10 36 4 -873.02737329 120
CH2F 10 37 0 -896.89606051 124
CH2F 10 37 1 -892.44099461 124
CH2F 10 37 2 -895.23107975 124
CH2F 10 37 3 -874.52046621 120
CH2F 10 37 4 -872.22428555 120
CH2F 10 38 0 -898.70058152 124
CH2F 10 38 1 -895.35185896 124
CH2F 10 38 2 -876.93618884 120
CH2F 10 38 3 -875.95532149 120
CH2F 10 38 4 -876.19915417 120
CH2F 10 39 0 -898.16786881 124
CH2F 10 39 1 -892.19200093 124
CH2F 10 39 2 -893.79350370 124
CH2F 10 39 3 -893.60715861 124
CH2F 10 39 4 -890.62276042 123
CH2F 10 40 0 -908.09429844 126
CH2F 10 40 1 -904.17927391 126
CH2F 10 40 2 -891.23215362 123
CH2F 10 40 3 -885.38391306 121
CH2F 10 40 4 -866.69687141 119
CH2F 10 41 0 -891.49668203 123
CH2F 10 41 1 -887.92754630 123
CH2F 10 41 2 -875.59473567 121
CH2F 10 41 3 -863.32089986 118
CH2F 10 41 4 -862.52564707 118
CH2F 10 42 0 -886.73711414 122
CH2F 10 42 1 -883.45086111 122
CH2F 10 42 2 -868.19534354 119
CH2F 10 42 3 -868.04847991 119
CH2F 10 42 4 -867.84088951 119
CH2F 10 43 0 -893.16345578 123
CH2F 10 43 1 -886.22947976 123
CH2F 10 43 2 -887.77806965 123
CH2F 10 43 3 -881.55943490 122
CH2F 10 43 4 -872.05899117 120
CH2F 10 44 0 -895.27990239 123
CH2F 10 44 1 -889.47979137 123
CH2F 10 44 2 -885.28576259 122
CH2F 10 44 3 -885.74145952 122
CH2F 10 44 4 -862.12963069 119
CH2F 10 45 0 -890.45242156 123
CH2F 10 45 1 -884.79176902 123
CH2F 10 45 2 -878.73549704 121
CH2F 10 45 3 -862.61159009 118
CH2F 10 45 4 -863.50205320 118
CH2F 10 46 0 -887.06298277 122
CH2F 10 46 1 -884.29996948 122
CH2F 10 46 2 -876.75115749 120
CH2F 10 46 3 -877.01447629 120
CH2F 10 46 4 -875.53516832 120
CH2F 10 47 0 -897.81570481 124
CH2F 10 47 1 -895.70455050 124
CH2F 10 47 2 -894.31525467 124
CH2F 10 47 3 -875.17879611 121
CH2F 10 47 4 -870.01164212 120
CH2F 10 48 0 -894.84518040 124
CH2F 10 48 1 -888.54868072 124
CH2F 10 48 2 -889.96294803 124
CH2F 10 48 3 -890.39989861 124
CH2F 10 48 4 -882.72040296 122
CH2F 10 49 0 -906.08286348 126
CH2F 10 49 1 -900.85895228 126
CH2F 10 49 2 -868.15142942 120
CH2F 10 49 3 -866.69682558 120
CH2F 10 49 4 -866.08957735 120
CH2F 10 50 0 -889.44946723 124
CH2F 10 50 1 -885.48221446 124
CH2F 10 50 2 -869.50842782 122
CH2F 10 50 3 -855.31298911 118
CH2F 10 50 4 -853.13153492 118
CH2F 30 1 0 -758.71123111 103
CH2F 30 1 1 -746.97512010 103
CH2F 30 1 2 -747.16769076 103
CH2F 30 1 3 -735.05336534 101
CH2F 30 1 4 -734.72184578 101
CH2F 30 2 0 -772.53957190 105
CH2F 30 2 1 -754.17744857 105
CH2F 30 2 2 -758.01277246 105
CH2F 30 2 3 -759.73019271 105
CH2F 30 2 4 -757.09931268 105
CH2F 30 3 0 -791.44676306 109
CH2F 30 3 1 -784.00608368 109
CH2F 30 3 2 -784.27510813 109
CH2F 30 3 3 -767.46266013 105
CH2F 30 3 4 -765.96895207 105
CH2F 30 4 0 -790.92436664 109
CH2F 30 4 1 -772.65791268 109
CH2F 30 4 2 -770.46605318 109
CH2F 30 4 3 -768.87572756 108
CH2F 30 4 4 -751.74241989 105
CH2F 30 5 0 -783.58188002 109
CH2F 30 5 1 -765.01817052 109
CH2F 30 5 2 -767.63163118 109
CH2F 30 5 3 -766.67287890 109
CH2F 30 5 4 -756.07935189 107
CH2F 30 6 0 -790.33541523 111
CH2F 30 6 1 -784.84858887 111
CH2F 30 6 2 -768.10232909 107
CH2F 30 6 3 -768.11412213 107
CH2F 30 6 4 -767.46259442 107
CH2F 30 7 0 -791.25298337 111
CH2F 30 7 1 -767.59368292 111
CH2F 30 7 2 -773.85492117 111
CH2F 30 7 3 -776.33050293 111
CH2F 30 7 4 -760.55569415 109
CH2F 30 8 0 -793.11352240 113
CH2F 30 8 1 -780.11195100 113
CH2F 30 8 2 -774.15418423 113
CH2F 30 8 3 -779.67366392 113
CH2F 30 8 4 -779.99736126 113
CH2F 30 9 0 -812.98458274 117
CH2F 30 9 1 -800.81765990 117
CH2F 30 9 2 -801.58901857 117
CH2F 30 9 3 -799.31555693 117
CH2F 30 9 4 -801.29691430 117
CH2F 30 10 0 -832.05485849 121
CH2F 30 10 1 -821.79392884 121
CH2F 30 10 2 -819.34493616 121
CH2F 30 10 3 -789.49969052 114
CH2F 30 10 4 -788.53698795 114
CH2F 30 11 0 -819.76014654 118
CH2F 30 11 1 -802.67782610 118
CH2F 30 11 2 -805.52246063 118
CH2F 30 11 3 -808.18907801 118
CH2F 30 11 4 -802.45091374 116
CH2F 30 12 0 -840.91113338 120
CH2F 30 12 1 -821.27043878 119
CH2F 30 12 2 -820.28348465 119
CH2F 30 12 3 -818.46104303 119
CH2F 30 12 4 -796.18834853 115
CH2F 30 13 0 -822.92477669 119
CH2F 30 13 1 -799.65397552 119
CH2F 30 13 2 -803.80448700 117
CH2F 30 13 3 -799.90724690 117
CH2F 30 13 4 -804.56549247 117
CH2F 30 14 0 -820.88948373 119
CH2F 30 14 1 -802.22515488 119
CH2F 30 14 2 -808.09255264 119
CH2F 30 14 3 -807.78071198 119
CH2F 30 14 4 -809.26690857 119
CH2F 30 15 0 -843.57661416 123
CH2F 30 15 1 -826.01394552 123
CH2F 30 15 2 -805.05120607 118
CH2F 30 15 3 -771.71682717 114
CH2F 30 15 4 -764.28483984 112
CH2F 30 16 0 -791.37021989 116
CH2F 30 16 1 -778.96045294 116
CH2F 30 16 2 -768.10640492 113
CH2F 30 16 3 -767.71220571 113
CH2F 30 16 4 -770.15714401 113
CH2F 30 17 0 -799.00076864 117
CH2F 30 17 1 -786.18998833 117
CH2F 30 17 2 -761.04127825 112
CH2F 30 17 3 -764.12969215 112
CH2F 30 17 4 -764.14874040 112
CH2F 30 18 0 -795.57935148 116
CH2F 30 18 1 -783.09104006 115
CH2F 30 18 2 -781.31916420 115
CH2F 30 18 3 -774.04380718 114
CH2F 30 18 4 -774.56415062 114
CH2F 30 19 0 -810.03820882 118
CH2F 30 19 1 -790.30233368 118
CH2F 30 19 2 -791.83529888 118
CH2F 30 19 3 -797.97459186 118
CH2F 30 19 4 -795.37618691 118
CH2F 30 20 0 -832.77599955 122
CH2F 30 20 1 -818.23655189 122
CH2F 30 20 2 -815.32330794 122
CH2F 30 20 3 -819.11892440 122
CH2F 30 20 4 -820.87875770 122
CH2F 30 21 0 -855.63480190 126
CH2F 30 21 1 -845.19946420 126
CH2F 30 21 2 -820.20720884 120
CH2F 30 21 3 -816.92515351 120
CH2F 30 21 4 -818.11070492 120
CH2F 30 22 0 -847.14864087 124
CH2F 30 22 1 -831.37325999 124
CH2F 30 22 2 -831.31558937 124
CH2F 30 22 3 -831.35520714 124
CH2F 30 22 4 -830.07953452 124
CH2F 30 23 0 -865.05584155 128
CH2F 30 23 1 -846.71735761 128
CH2F 30 23 2 -849.30693837 128
CH2F 30 23 3 -840.19509410 126
CH2F 30 23 4 -837.31500424 126
CH2F 30 24 0 -872.62910240 130
CH2F 30 24 1 -861.07969506 130
CH2F 30 24 2 -853.85442432 128
CH2F 30 24 3 -852.16576242 127
CH2F 30 24 4 -853.65988936 127
CH2F 30 25 0 -879.96029507 131
CH2F 30 25 1 -859.97699503 131
CH2F 30 25 2 -864.89870251 131
CH2F 30 25 3 -865.64629210 131
CH2F 30 25 4 -824.90828023 124
CH2F 30 26 0 -861.92542347 128
CH2F 30 26 1 -852.87702067 128
CH2F 30 26 2 -828.60133026 123
CH2F 30 26 3 -821.33290510 122
CH2F 30 26 4 -823.59730893 122
CH2F 30 27 0 -856.60865996 126
CH2F 30 27 1 -839.54018123 126
CH2F 30 27 2 -843.42743800 126
CH2F 30 27 3 -838.32051827 126
CH2F 30 27 4 -837.35711287 126
CH2F 30 28 0 -871.18001292 130
CH2F 30 28 1 -857.32842796 130
CH2F 30 28 2 -845.89354382 127
CH2F 30 28 3 -847.23156533 127
CH2F 30 28 4 -847.11001672 127
CH2F 30 29 0 -881.39869409 131
CH2F 30 29 1 -867.05311826 131
CH2F 30 29 2 -840.89215551 127
CH2F 30 29 3 -820.31919170 122
CH2F 30 29 4 -818.16168823 122
CH2F 30 30 0 -846.19229598 126
CH2F 30 30 1 -828.66912604 126
CH2F 30 30 2 -828.76523848 126
CH2F 30 30 3 -829.51699931 126
CH2F 30 30 4 -809.88929848 122
CH2F 30 31 0 -843.81455233 126
CH2F 30 31 1 -825.34220376 126
CH2F 30 31 2 -821.68857953 125
CH2F 30 31 3 -806.88600023 123
CH2F 30 31 4 -799.93568530 119
CH2F 30 32 0 -833.09187901 123
CH2F 30 32 1 -816.70690059 123
CH2F 30 32 2 -812.40718884 122
CH2F 30 32 3 -774.72529288 115
CH2F 30 32 4 -771.52412726 115
CH2F 30 33 0 -803.84472497 119
CH2F 30 33 1 -785.28902070 119
CH2F 30 33 2 -787.00258927 119
CH2F 30 33 3 -783.94072812 118
CH2F 30 33 4 -782.65426250 118
CH2F 30 34 0 -815.07759208 122
CH2F 30 34 1 -803.84811751 122
CH2F 30 34 2 -802.74355526 122
CH2F 30 34 3 -805.13904904 122
CH2F 30 34 4 -802.08530998 122
CH2F 30 35 0 -837.84265148 126
CH2F 30 35 1 -825.33673444 126
CH2F 30 35 2 -816.32761169 124
CH2F 30 35 3 -807.19893402 122
CH2F 30 35 4 -810.43958066 122
CH2F 30 36 0 -836.20239268 126
CH2F 30 36 1 -819.42055931 126
CH2F 30 36 2 -822.44571431 126
CH2F 30 36 3 -821.71805607 126
CH2F 30 36 4 -822.26759452 126
CH2F 30 37 0 -854.42332472 130
CH2F 30 37 1 -838.16876567 130
CH2F 30 37 2 -841.96012374 130
CH2F 30 37 3 -793.36801716 121
CH2F 30 37 4 -790.88409329 121
CH2F 30 38 0 -823.82584289 125
CH2F 30 38 1 -810.48089788 125
CH2F 30 38 2 -794.56150277 122
CH2F 30 38 3 -798.19574744 122
CH2F 30 38 4 -801.00602075 122
CH2F 30 39 0 -833.66984811 126
CH2F 30 39 1 -811.44138176 125
CH2F 30 39 2 -811.00953241 125
CH2F 30 39 3 -815.29955833 125
CH2F 30 39 4 -745.42355511 114
CH2F 30 40 0 -777.46279293 118
CH2F 30 40 1 -762.94289050 118
CH2F 30 40 2 -757.99787847 116
CH2F 30 40 3 -728.01825368 112
CH2F 30 40 4 -695.54208346 105
CH2F 30 41 0 -726.26784847 109
CH2F 30 41 1 -710.88690342 109
CH2F 30 41 2 -711.41285093 109
CH2F 30 41 3 -709.73652376 109
CH2F 30 41 4 -712.36039204 109
CH2F 30 42 0 -747.41829626 113
CH2F 30 42 1 -730.50012494 113
CH2F 30 42 2 -719.08621430 111
CH2F 30 42 3 -724.01020900 111
CH2F 30 42 4 -724.87387080 111
CH2F 30 43 0 -751.95056389 115
CH2F 30 43 1 -736.93849770 115
CH2F 30 43 2 -730.20191664 112
CH2F 30 43 3 -710.54228532 110
CH2F 30 43 4 -707.56907702 108
CH2F 30 44 0 -740.61632373 112
CH2F 30 44 1 -732.32163948 112
CH2F 30 44 2 -714.91129064 111
CH2F 30 44 3 -709.64945994 107
CH2F 30 44 4 -706.89879846 107
CH2F 30 45 0 -731.24994186 111
CH2F 30 45 1 -728.61500276 111
CH2F 30 45 2 -711.19412175 107
CH2F 30 45 3 -711.91465416 107
CH2F 30 45 4 -713.34301241 107
CH2F 30 46 0 -737.19583770 111
CH2F 30 46 1 -726.81001605 111
CH2F 30 46 2 -718.08810438 109
CH2F 30 46 3 -719.71321133 109
CH2F 30 46 4 -696.30657441 104
CH2F 30 47 0 -725.30066381 108
CH2F 30 47 1 -710.53144334 108
CH2F 30 47 2 -710.34323170 108
CH2F 30 47 3 -710.50218488 108
CH2F 30 47 4 -702.28250831 106
CH2F 30 48 0 -737.74975502 110
CH2F 30 48 1 -727.10927351 110
CH2F 30 48 2 -725.23097366 110
CH2F 30 48 3 -725.32330007 110
CH2F 30 48 4 -723.47062635 110
CH2F 30 49 0 -761.26803867 114
CH2F 30 49 1 -745.23867324 114
CH2F 30 49 2 -747.01040197 114
CH2F 30 49 3 -743.99948593 114
CH2F 30 49 4 -744.80256696 114
CH2F 30 50 0 -782.18165907 118
CH2F 30 50 1 -772.23649622 118
CH2F 30 50 2 -766.83072160 118
CH2F 30 50 3 -763.06879415 116
CH2F 30 50 4 -763.82606671 116
CHF2 10 1 0 -759.12117049 103
CHF2 10 1 1 -756.48862822 103
CHF2 10 1 2 -756.96102271 103
CHF2 10 1 3 -758.87778479 103
CHF2 10 1 4 -756.84516932 103
CHF2 10 2 0 -783.97954683 107
CHF2 10 2 1 -780.84851569 107
CHF2 10 2 2 -779.92329074 107
CHF2 10 2 3 -748.25026658 100
CHF2 10 2 4 -749.83773777 100
CHF2 10 3 0 -769.56143422 104
CHF2 10 3 1 -769.61599589 104
CHF2 10 3 2 -767.17397125 104
CHF2 10 3 3 -749.56096995 100
CHF2 10 3 4 -748.98900551 100
CHF2 10 4 0 -769.26505961 104
CHF2 10 4 1 -765.75150258 104
CHF2 10 4 2 -764.69060562 104
CHF2 10 4 3 -765.54889214 104
CHF2 10 4 4 -765.31819387 104
CHF2 10 5 0 -789.54533399 108
CHF2 10 5 1 -786.01059415 108
CHF2 10 5 2 -785.66102526 108
CHF2 10 5 3 -766.55535633 104
CHF2 10 5 4 -748.72670431 100
CHF2 10 6 0 -768.98459574 104
CHF2 10 6 1 -765.95043014 104
CHF2 10 6 2 -766.13752054 104
CHF2 10 6 3 -747.38816331 100
CHF2 10 6 4 -747.04210475 100
CHF2 10 7 0 -769.68204758 104
CHF2 10 7 1 -764.70583180 104
CHF2 10 7 2 -765.13913542 104
CHF2 10 7 3 -745.51484615 100
CHF2 10 7 4 -746.66562451 100
CHF2 10 8 0 -769.21925819 104
CHF2 10 8 1 -765.67971637 104
CHF2 10 8 2 -764.69567063 104
CHF2 10 8 3 -761.02241045 103
CHF2 10 8 4 -737.84782436 99
CHF2 10 9 0 -762.84142164 103
CHF2 10 9 1 -757.88401551 103
CHF2 10 9 2 -757.86559807 103
CHF2 10 9 3 -758.61944572 103
CHF2 10 9 4 -739.21322649 99
CHF2 10 10 0 -762.58808178 103
CHF2 10 10 1 -757.96869966 103
CHF2 10 10 2 -758.18984643 103
CHF2 10 10 3 -740.07624737 99
CHF2 10 10 4 -740.52222072 99
CHF2 10 11 0 -761.64109315 103
CHF2 10 11 1 -759.19867773 103
CHF2 10 11 2 -759.96314916 103
CHF2 10 11 3 -760.05964603 103
CHF2 10 11 4 -759.76660526 103
CHF2 10 12 0 -787.82971835 107
CHF2 10 12 1 -782.60145111 107
CHF2 10 12 2 -782.44210068 107
CHF2 10 12 3 -764.70610539 103
CHF2 10 12 4 -764.73522075 103
CHF2 10 13 0 -787.77236003 107
CHF2 10 13 1 -783.11755582 107
CHF2 10 13 2 -773.13228051 105
CHF2 10 13 3 -764.56397313 103
CHF2 10 13 4 -765.46053394 103
CHF2 10 14 0 -787.29915412 107
CHF2 10 14 1 -781.80425727 107
CHF2 10 14 2 -783.08156663 107
CHF2 10 14 3 -759.10146542 102
CHF2 10 14 4 -759.00635422 102
CHF2 10 15 0 -781.92993554 106
CHF2 10 15 1 -781.02605568 106
CHF2 10 15 2 -779.53294727 106
CHF2 10 15 3 -761.38313146 102
CHF2 10 15 4 -761.44914065 102
CHF2 10 16 0 -781.46234791 106
CHF2 10 16 1 -775.00845536 106
CHF2 10 16 2 -777.60269207 106
CHF2 10 16 3 -775.96107796 106
CHF2 10 16 4 -777.13247623 106
CHF2 10 17 0 -800.71413801 110
CHF2 10 17 1 -798.32036159 110
CHF2 10 17 2 -797.78895745 110
CHF2 10 17 3 -779.53523644 106
CHF2 10 17 4 -779.27557838 106
CHF2 10 18 0 -799.85083755 110
CHF2 10 18 1 -796.77843130 110
CHF2 10 18 2 -796.79254145 110
CHF2 10 18 3 -771.09850776 104
CHF2 10 18 4 -769.87137532 104
CHF2 10 19 0 -792.20349202 108
CHF2 10 19 1 -785.80185587 108
CHF2 10 19 2 -785.02446132 108
CHF2 10 19 3 -770.20897264 106
CHF2 10 19 4 -770.44985875 106
CHF2 10 20 0 -793.61160206 110
CHF2 10 20 1 -790.17399334 110
CHF2 10 20 2 -772.05517380 107
CHF2 10 20 3 -771.05139668 106
CHF2 10 20 4 -771.33447580 106
CHF2 10 21 0 -793.80859801 110
CHF2 10 21 1 -790.22228464 110
CHF2 10 21 2 -789.83548481 110
CHF2 10 21 3 -790.84958812 110
CHF2 10 21 4 -766.11032977 105
CHF2 10 22 0 -788.88137222 109
CHF2 10 22 1 -783.80631253 109
CHF2 10 22 2 -783.37954783 109
CHF2 10 22 3 -783.70330015 109
CHF2 10 22 4 -783.46528803 109
CHF2 10 23 0 -806.75422906 113
CHF2 10 23 1 -802.47525532 113
CHF2 10 23 2 -804.01556872 113
CHF2 10 23 3 -784.56064224 109
CHF2 10 23 4 -760.28300323 104
CHF2 10 24 0 -782.47399623 108
CHF2 10 24 1 -777.37983314 108
CHF2 10 24 2 -777.85297345 108
CHF2 10 24 3 -780.28063703 108
CHF2 10 24 4 -779.99157536 108
CHF2 10 25 0 -804.46604466 112
CHF2 10 25 1 -801.07815638 112
CHF2 10 25 2 -800.54464488 112
CHF2 10 25 3 -781.68358692 109
CHF2 10 25 4 -781.40845689 108
CHF2 10 26 0 -804.01848723 112
CHF2 10 26 1 -803.98033140 112
CHF2 10 26 2 -803.58273749 112
CHF2 10 26 3 -766.38616900 105
CHF2 10 26 4 -766.08323229 105
CHF2 10 27 0 -788.08575256 109
CHF2 10 27 1 -785.71488821 109
CHF2 10 27 2 -763.01274083 105
CHF2 10 27 3 -761.55635180 104
CHF2 10 27 4 -762.61550078 104
CHF2 10 28 0 -783.18227068 108
CHF2 10 28 1 -780.02193389 108
CHF2 10 28 2 -781.76377901 108
CHF2 10 28 3 -779.87989649 108
CHF2 10 28 4 -782.70108093 108
CHF2 10 29 0 -808.31342754 112
CHF2 10 29 1 -806.34968913 112
CHF2 10 29 2 -782.81139575 107
CHF2 10 29 3 -782.97578331 107
CHF2 10 29 4 -782.81560983 107
CHF2 10 30 0 -804.15293923 111
CHF2 10 30 1 -800.20857018 111
CHF2 10 30 2 -800.36758428 111
CHF2 10 30 3 -781.68040876 107
CHF2 10 30 4 -779.05508881 107
CHF2 10 31 0 -803.82335497 111
CHF2 10 31 1 -798.49177795 111
CHF2 10 31 2 -799.92689843 111
CHF2 10 31 3 -775.15106540 106
CHF2 10 31 4 -774.86860721 106
CHF2 10 32 0 -798.69978146 110
CHF2 10 32 1 -794.51660586 110
CHF2 10 32 2 -776.46529602 106
CHF2 10 32 3 -776.71069566 106
CHF2 10 32 4 -776.62908357 106
CHF2 10 33 0 -799.07618636 110
CHF2 10 33 1 -794.42110152 110
CHF2 10 33 2 -794.79600674 110
CHF2 10 33 3 -779.06085594 107
CHF2 10 33 4 -776.54710262 106
CHF2 10 34 0 -799.70767584 110
CHF2 10 34 1 -793.19139521 110
CHF2 10 34 2 -795.62984579 110
CHF2 10 34 3 -775.83574289 106
CHF2 10 34 4 -777.42497846 106
CHF2 10 35 0 -798.48190633 110
CHF2 10 35 1 -797.60253618 110
CHF2 10 35 2 -778.51246102 106
CHF2 10 35 3 -779.68074820 106
CHF2 10 35 4 -777.91111057 106
CHF2 10 36 0 -800.21143490 110
CHF2 10 36 1 -797.38340079 110
CHF2 10 36 2 -795.97155084 110
CHF2 10 36 3 -772.96967596 105
CHF2 10 36 4 -772.31834407 105
CHF2 10 37 0 -794.29774791 109
CHF2 10 37 1 -790.20901250 109
CHF2 10 37 2 -791.51234864 109
CHF2 10 37 3 -773.22594394 106
CHF2 10 37 4 -771.80162315 105
CHF2 10 38 0 -795.61257169 109
CHF2 10 38 1 -791.45413618 109
CHF2 10 38 2 -789.88023812 109
CHF2 10 38 3 -772.06029684 105
CHF2 10 38 4 -771.33327103 105
CHF2 10 39 0 -794.77837950 109
CHF2 10 39 1 -791.58714347 109
CHF2 10 39 2 -781.02117635 108
CHF2 10 39 3 -772.45242633 105
CHF2 10 39 4 -771.58748825 105
CHF2 10 40 0 -794.92638039 109
CHF2 10 40 1 -789.31998435 109
CHF2 10 40 2 -789.86566145 109
CHF2 10 40 3 -772.74101225 105
CHF2 10 40 4 -772.66944778 105
CHF2 10 41 0 -794.55780554 109
CHF2 10 41 1 -789.78963538 109
CHF2 10 41 2 -784.20433184 108
CHF2 10 41 3 -771.52816210 105
CHF2 10 41 4 -772.21517380 105
CHF2 10 42 0 -795.87698326 109
CHF2 10 42 1 -793.42020042 109
CHF2 10 42 2 -771.20121710 105
CHF2 10 42 3 -769.22871391 104
CHF2 10 42 4 -770.24447967 104
CHF2 10 43 0 -790.48764406 108
CHF2 10 43 1 -787.28968363 108
CHF2 10 43 2 -785.96148475 108
CHF2 10 43 3 -769.48144985 105
CHF2 10 43 4 -768.24384316 104
CHF2 10 44 0 -790.55917705 108
CHF2 10 44 1 -789.74894725 108
CHF2 10 44 2 -782.76723024 107
CHF2 10 44 3 -775.41820878 106
CHF2 10 44 4 -774.72896904 106
CHF2 10 45 0 -804.55120814 110
CHF2 10 45 1 -799.20770648 110
CHF2 10 45 2 -798.93398144 110
CHF2 10 45 3 -790.97767079 108
CHF2 10 45 4 -791.14492031 108
CHF2 10 46 0 -817.68849698 112
CHF2 10 46 1 -815.16277210 112
CHF2 10 46 2 -815.80922741 112
CHF2 10 46 3 -745.38596298 101
CHF2 10 46 4 -743.76563419 100
CHF2 10 47 0 -763.18953591 104
CHF2 10 47 1 -758.75578499 104
CHF2 10 47 2 -758.80017614 104
CHF2 10 47 3 -758.14735884 104
CHF2 10 47 4 -751.89020398 103
CHF2 10 48 0 -776.30918249 107
CHF2 10 48 1 -772.57954919 107
CHF2 10 48 2 -755.83901978 104
CHF2 10 48 3 -754.19248354 103
CHF2 10 48 4 -757.46323266 103
CHF2 10 49 0 -779.70364054 107
CHF2 10 49 1 -774.91211706 107
CHF2 10 49 2 -773.63727335 107
CHF2 10 49 3 -775.85027983 107
CHF2 10 49 4 -774.70892095 107
CHF2 10 50 0 -797.99055579 111
CHF2 10 50 1 -796.88167603 111
CHF2 10 50 2 -794.33065966 111
CHF2 10 50 3 -776.26463701 107
CHF2 10 50 4 -776.25098878 107
CHF2 30 1 0 -759.12941737 103
CHF2 30 1 1 -740.91757038 103
CHF2 30 1 2 -736.99808342 102
CHF2 30 1 3 -739.99435828 102
CHF2 30 1 4 -740.76259255 102
CHF2 30 2 0 -775.18876511 106
CHF2 30 2 1 -763.39358335 106
CHF2 30 2 2 -762.88881256 106
CHF2 30 2 3 -759.96764483 106
CHF2 30 2 4 -762.21780029 106
CHF2 30 3 0 -798.20488420 110
CHF2 30 3 1 -792.09912157 110
CHF2 30 3 2 -775.43738768 106
CHF2 30 3 3 -775.55205499 106
CHF2 30 3 4 -776.93070679 106
CHF2 30 4 0 -797.39769571 110
CHF2 30 4 1 -780.68236260 110
CHF2 30 4 2 -782.51874954 110
CHF2 30 4 3 -761.19115435 106
CHF2 30 4 4 -761.64585372 106
CHF2 30 5 0 -794.24672238 110
CHF2 30 5 1 -781.50486150 110
CHF2 30 5 2 -782.25637995 110
CHF2 30 5 3 -773.48349641 108
CHF2 30 5 4 -772.24383695 108
CHF2 30 6 0 -802.51562109 112
CHF2 30 6 1 -786.09714210 112
CHF2 30 6 2 -786.21495528 112
CHF2 30 6 3 -791.40383302 112
CHF2 30 6 4 -775.91688189 111
CHF2 30 7 0 -816.38347140 115
CHF2 30 7 1 -802.94726059 115
CHF2 30 7 2 -801.52357265 115
CHF2 30 7 3 -804.88202569 115
CHF2 30 7 4 -798.09292263 115
CHF2 30 8 0 -838.91492000 119
CHF2 30 8 1 -822.15917224 119
CHF2 30 8 2 -825.81941043 119
CHF2 30 8 3 -813.42174522 116
CHF2 30 8 4 -759.40851976 108
CHF2 30 9 0 -789.39088032 112
CHF2 30 9 1 -775.76412086 112
CHF2 30 9 2 -776.49939345 112
CHF2 30 9 3 -759.13430324 110
CHF2 30 9 4 -752.65426690 108
CHF2 30 10 0 -788.97086017 112
CHF2 30 10 1 -774.62665654 112
CHF2 30 10 2 -774.39299437 112
CHF2 30 10 3 -756.02832209 110
CHF2 30 10 4 -757.76650086 110
CHF2 30 11 0 -791.37154423 114
CHF2 30 11 1 -777.17990130 114
CHF2 30 11 2 -778.54536294 114
CHF2 30 11 3 -766.66458634 111
CHF2 30 11 4 -761.07003791 110
CHF2 30 12 0 -792.78060422 114
CHF2 30 12 1 -777.72286976 114
CHF2 30 12 2 -775.77277531 114
CHF2 30 12 3 -782.64011206 114
CHF2 30 12 4 -775.13162241 113
CHF2 30 13 0 -800.69270465 115
CHF2 30 13 1 -782.81481883 115
CHF2 30 13 2 -784.57003689 115
CHF2 30 13 3 -770.70077498 113
CHF2 30 13 4 -753.32915303 109
CHF2 30 14 0 -785.58152467 113
CHF2 30 14 1 -772.11395871 113
CHF2 30 14 2 -770.89849692 113
CHF2 30 14 3 -771.90533517 113
CHF2 30 14 4 -760.27982515 112
CHF2 30 15 0 -799.04375572 116
CHF2 30 15 1 -790.50889689 116
CHF2 30 15 2 -782.11476601 114
CHF2 30 15 3 -754.87536852 109
CHF2 30 15 4 -754.06688195 109
CHF2 30 16 0 -783.14098688 113
CHF2 30 16 1 -766.12768630 113
CHF2 30 16 2 -765.85937418 113
CHF2 30 16 3 -769.20529379 113
CHF2 30 16 4 -753.90834441 111
CHF2 30 17 0 -784.92871898 115
CHF2 30 17 1 -768.38839757 115
CHF2 30 17 2 -757.59452877 112
CHF2 30 17 3 -757.37065780 112
CHF2 30 17 4 -759.29184825 112
CHF2 30 18 0 -787.78030250 116
CHF2 30 18 1 -771.09362369 116
CHF2 30 18 2 -768.28739629 116
CHF2 30 18 3 -732.98571016 109
CHF2 30 18 4 -732.13124831 109
CHF2 30 19 0 -762.98925831 113
CHF2 30 19 1 -753.36934398 113
CHF2 30 19 2 -755.73698850 113
CHF2 30 19 3 -741.55260347 111
CHF2 30 19 4 -708.11364634 104
CHF2 30 20 0 -742.12698605 108
CHF2 30 20 1 -724.57948837 108
CHF2 30 20 2 -725.45931678 108
CHF2 30 20 3 -728.90790311 108
CHF2 30 20 4 -720.30295420 106
CHF2 30 21 0 -754.79318988 110
CHF2 30 21 1 -748.23028967 110
CHF2 30 21 2 -733.82976775 108
CHF2 30 21 3 -733.09309266 108
CHF2 30 21 4 -719.10360120 105
CHF2 30 22 0 -746.80799300 109
CHF2 30 22 1 -730.75765889 109
CHF2 30 22 2 -734.63836231 109
CHF2 30 22 3 -731.25034135 107
CHF2 30 22 4 -710.61614343 105
CHF2 30 23 0 -748.16067702 109
CHF2 30 23 1 -730.69057589 109
CHF2 30 23 2 -733.01927199 109
CHF2 30 23 3 -725.49094038 108
CHF2 30 23 4 -719.50851220 107
CHF2 30 24 0 -754.06700435 111
CHF2 30 24 1 -743.12480033 111
CHF2 30 24 2 -741.35993200 111
CHF2 30 24 3 -683.52647695 102
CHF2 30 24 4 -680.54110394 101
CHF2 30 25 0 -715.23725608 105
CHF2 30 25 1 -702.59246483 105
CHF2 30 25 2 -700.91130280 105
CHF2 30 25 3 -688.17890457 101
CHF2 30 25 4 -656.52623224 97
CHF2 30 26 0 -686.04867955 101
CHF2 30 26 1 -667.83231811 101
CHF2 30 26 2 -663.59294937 99
CHF2 30 26 3 -661.81807652 99
CHF2 30 26 4 -661.62021898 99
CHF2 30 27 0 -698.80795240 103
CHF2 30 27 1 -682.35556127 103
CHF2 30 27 2 -682.47765595 103
CHF2 30 27 3 -643.53043705 95
CHF2 30 27 4 -639.62112937 94
CHF2 30 28 0 -669.50927972 98
CHF2 30 28 1 -648.16689449 98
CHF2 30 28 2 -651.51473038 98
CHF2 30 28 3 -614.45148676 92
CHF2 30 28 4 -615.86913640 91
CHF2 30 29 0 -646.44721215 95
CHF2 30 29 1 -633.17016772 95
CHF2 30 29 2 -631.41927148 94
CHF2 30 29 3 -632.80897774 94
CHF2 30 29 4 -602.49963786 90
CHF2 30 30 0 -631.36549490 94
CHF2 30 30 1 -613.01620982 94
CHF2 30 30 2 -606.74530569 93
CHF2 30 30 3 -588.95876427 89
CHF2 30 30 4 -587.54726059 89
CHF2 30 31 0 -624.14192034 93
CHF2 30 31 1 -602.62470487 93
CHF2 30 31 2 -608.80516511 93
CHF2 30 31 3 -610.73482404 93
CHF2 30 31 4 -544.71192300 80
CHF2 30 32 0 -574.73578713 84
CHF2 30 32 1 -558.70578980 84
CHF2 30 32 2 -558.85886179 84
CHF2 30 32 3 -561.09077715 84
CHF2 30 32 4 -563.66488738 84
CHF2 30 33 0 -597.34530702 88
CHF2 30 33 1 -580.76982012 88
CHF2 30 33 2 -583.26617279 88
CHF2 30 33 3 -569.59560973 86
CHF2 30 33 4 -546.11641954 83
CHF2 30 34 0 -573.17218834 85
CHF2 30 34 1 -554.69513662 85
CHF2 30 34 2 -554.78897488 85
CHF2 30 34 3 -525.47500585 80
CHF2 30 34 4 -483.92316349 72
CHF2 30 35 0 -489.59425356 73
CHF2 30 35 1 -480.35568438 73
CHF2 30 35 2 -469.72620120 73
CHF2 30 35 3 -467.04947304 71
CHF2 30 35 4 -408.82864657 60
CHF2 30 36 0 -435.50772151 64
CHF2 30 36 1 -418.62048054 64
CHF2 30 36 2 -418.75914035 64
CHF2 30 36 3 -416.02675000 63
CHF2 30 36 4 -415.01123915 61
CHF2 30 37 0 -448.22140509 65
CHF2 30 37 1 -429.34796964 64
CHF2 30 37 2 -432.32243324 64
CHF2 30 37 3 -430.49306232 64
CHF2 30 37 4 -412.01449728 61
CHF2 30 38 0 -433.00287326 64
CHF2 30 38 1 -419.21637767 64
CHF2 30 38 2 -420.12294407 64
CHF2 30 38 3 -410.68258257 62
CHF2 30 38 4 -410.50692329 61
CHF2 30 39 0 -442.39634899 65
CHF2 30 39 1 -429.40333797 65
CHF2 30 39 2 -428.53663688 65
CHF2 30 39 3 -419.72262120 63
CHF2 30 39 4 -423.37807059 63
CHF2 30 40 0 -455.95334941 67
CHF2 30 40 1 -438.83809887 67
CHF2 30 40 2 -440.02691117 67
CHF2 30 40 3 -442.27704754 67
CHF2 30 40 4 -405.36614499 61
CHF2 30 41 0 -436.04118708 65
CHF2 30 41 1 -419.57888737 65
CHF2 30 41 2 -407.27079007 63
CHF2 30 41 3 -384.48253929 58
CHF2 30 41 4 -361.19442963 54
CHF2 30 42 0 -388.58731483 58
CHF2 30 42 1 -373.69156103 58
CHF2 30 42 2 -374.36104115 58
CHF2 30 42 3 -369.78701854 56
CHF2 30 42 4 -368.23284334 56
CHF2 30 43 0 -399.84624062 60
CHF2 30 43 1 -372.25012600 57
CHF2 30 43 2 -373.14187271 57
CHF2 30 43 3 -375.33257514 57
CHF2 30 43 4 -378.09468581 57
CHF2 30 44 0 -405.45847240 61
CHF2 30 44 1 -392.58209540 61
CHF2 30 44 2 -391.74617742 61
CHF2 30 44 3 -393.14046070 61
CHF2 30 44 4 -379.67980919 58
CHF2 30 45 0 -407.58287806 62
CHF2 30 45 1 -394.74575277 62
CHF2 30 45 2 -393.05085659 62
CHF2 30 45 3 -393.94679341 61
CHF2 30 45 4 -386.15324815 59
CHF2 30 46 0 -412.70983488 63
CHF2 30 46 1 -404.95645663 63
CHF2 30 46 2 -405.15216261 63
CHF2 30 46 3 -392.19740867 60
CHF2 30 46 4 -390.60043612 60
CHF2 30 47 0 -419.61751054 64
CHF2 30 47 1 -402.71458438 64
CHF2 30 47 2 -402.07992608 64
CHF2 30 47 3 -403.81832955 64
CHF2 30 47 4 -375.89379631 58
CHF2 30 48 0 -402.89530146 62
CHF2 30 48 1 -383.28461436 62
CHF2 30 48 2 -371.80724702 60
CHF2 30 48 3 -373.79167754 59
CHF2 30 48 4 -349.68988188 55
CHF2 30 49 0 -361.29627399 56
CHF2 30 49 1 -345.43243635 56
CHF2 30 49 2 -338.82764293 55
CHF2 30 49 3 -330.36638986 54
CHF2 30 49 4 -319.11401773 52
CHF2 30 50 0 -346.91519467 55
CHF2 30 50 1 -340.37538524 55
CHF2 30 50 2 -313.11703204 51
CHF2 30 50 3 -314.51884548 51
CHF2 30 50 4 -306.71232564 50
