-748.81397019571
-746.568803184752
-749.185826262803
-748.732621067284
-748.654917310367
-765.501354304584
-762.332431041665
-762.213202861046
-761.584883496618
-762.151656443482
-777.113153359902
-771.730451140159
-773.543726952213
-774.45745754658
-763.268251271904
-779.431920259697
-775.302616811281
-776.47391536043
-776.170882169807
-775.066392390989
-789.592126616923
-785.537761067755
-784.25363601766
-776.019686613459
-762.281676584371
-778.858435402756
-775.731589065178
-774.031931221229
-773.787211497675
-774.564937881031
-787.085585583093
-784.667578937217
-783.838385789485
-769.358695705219
-771.885047028382
-789.900681391171
-785.568909057282
-785.442331773154
-784.279678300126
-785.214984312392
-797.747364855091
-793.932948924457
-795.300958172685
-794.510071831865
-786.503010444339
-805.056388507087
-801.318583513747
-801.567351765323
-800.773970882698
-801.507060744243
-819.16145606106
-815.176898004867
-814.53875428442
-814.235749436392
-814.916925577367
-828.381449182962
-823.728052691778
-823.976926252321
-823.98781755081
-823.858342696302
-836.420343826749
-832.806177849365
-834.526632449595
-834.980123397294
-833.92353604415
-851.229728631582
-847.427138491076
-849.09538140487
-820.692200687167
-823.958116381734
-840.158486035547
-838.052784397546
-830.681644078834
-830.867132929011
-830.445222928356
-839.315181995437
-836.449741559215
-836.819345576349
-840.237688175745
-838.227408782616
-855.306005963419
-849.364927510025
-843.286218724338
-843.038229508354
-843.149128389961
-854.540935152289
-848.949261645685
-850.081612339873
-850.476583294521
-850.507298576996
-864.865219755363
-864.315299555934
-863.188984877132
-864.425005730607
-863.615909520281
-880.032204244279
-875.047447897968
-875.411559622654
-875.434119721686
-874.951058417689
-888.182280986299
-884.20403322525
-871.704368828536
-873.178810804695
-873.865827269212
-888.9052110289
-885.58363926649
-886.80590322439
-882.283745397463
-880.878024948157
-897.328676062337
-898.988883400051
-893.63805835439
-892.24503650385
-887.467857254674
-905.988598985647
-902.596232345841
-902.895436504425
-903.779707318014
-902.948317891832
-917.69655476769
-914.892053768957
-915.117948207532
-902.403103387284
-894.458590945458
-912.616582637906
-909.010769376235
-909.282389077107
-909.419020618566
-911.143270407353
-925.744831672034
-923.98948126599
-921.954571216556
-907.23061293035
-904.260910252121
-919.632953757636
-915.549685747223
-915.461757468005
-916.146371184699
-917.986664775227
-932.728882201712
-930.161321075535
-931.272466712134
-932.019665505634
-927.805043949078
-942.960619586077
-938.602146435265
-938.523770722955
-939.824916704287
-940.252330883058
-954.849436311398
-951.598627105687
-953.013824382043
-863.492885369811
-822.863068278435
-840.203143343774
-835.874686245605
-836.409503848717
-838.16098653949
-836.571391804536
-852.570180689357
-848.096464874676
-846.816906309111
-846.901025129211
-847.794681930163
-859.996336634778
-854.912403991518
-856.53358322686
-822.76543606899
-822.407902709388
-838.355248486102
-833.524965620101
-836.986836547988
-834.90106425872
-802.838922023299
-808.443234468059
-804.540529198639
-800.489323448149
-790.930804317018
-791.799756570878
-805.343429423761
-800.926366879817
-800.106780379293
-800.280421352487
-801.028526799357
-798.499876946108
-798.006481982909
-796.194045182609
-798.20010169163
-797.798042857236
-814.68525821087
-810.317595975847
-810.898376311797
-811.483942188471
-775.867354663008
-784.303285964763
-782.05538826603
-776.44704301954
-763.876348948978
-761.395671020521
-770.820297538626
-766.634830878499
-758.219194959459
-758.359948288138
-759.369281231882
-771.092035469333
-768.705526011681
-768.700649474594
-769.960606975499
-768.335604865099
-782.615197214253
-778.797787310744
-779.231824182122
-778.483701518115
-779.298689808058
-794.553966260423
-791.509895760104
-791.421940195654
-791.772309751476
-791.321473327763
-806.009364810973
-802.596184018425
-801.472796292315
-802.900811561679
-805.336837597639
-822.157954553727
-819.322277253023
-794.352483317117
-794.458517166533
-794.279741041615
-805.23083833065
-800.725514392891
-803.269212781729
-803.359287068898
-802.598697811252
-818.417484003844
-814.187115115127
-812.502706850022
-813.970598323609
-814.771609135532
-827.525017839918
-821.730169683044
-821.781806358168
-823.286075532793
-822.413738159104
-837.944761223539
-835.458862042966
-833.677314954348
-835.013604673647
-837.890406979599
-748.813970195711
-737.953557539904
-736.931444126427
-737.433277722533
-739.486351991804
-764.198400310281
-747.85505689101
-753.957836815356
-751.146052512911
-750.020521723467
-777.505179127013
-761.790397537869
-763.033558685174
-756.652380742474
-721.884709978365
-741.26199283069
-725.167708323709
-727.989602147607
-727.793085325377
-715.023982173457
-742.349846758799
-726.276760902027
-715.713665451717
-699.156032466305
-700.962149178796
-721.57306400041
-704.692640119769
-705.330628788578
-703.287796589355
-704.79228994899
-728.701689447568
-715.459582820652
-705.001763263342
-689.75551838753
-691.223139778661
-714.230410617476
-701.01774059157
-701.993020929764
-700.315012893833
-699.506331368716
-723.94484615603
-709.877492303234
-710.592174805299
-711.806949146929
-708.959979959193
-736.498573808849
-720.226427883551
-719.532170298732
-722.038750015762
-708.203078336843
-732.095280140537
-716.899571988881
-718.201385801835
-705.640387952071
-688.806047836635
-713.266094373554
-700.240437089071
-701.236737671489
-698.243119763201
-699.588181280861
-725.354353013879
-711.824873699493
-710.612045062121
-698.139461811183
-697.033334552276
-721.092482090667
-705.952522449122
-701.723329542932
-704.713660809447
-703.619635536538
-730.003570153035
-715.568906251384
-703.166441857455
-702.466506929305
-688.684999632941
-707.058223660298
-693.898003184392
-692.854972903061
-693.31659705557
-693.528683202747
-721.826907964874
-707.218180972212
-704.807665712366
-695.918877811151
-699.40675842295
-719.07494459298
-701.468174941926
-705.411089141996
-706.911122415167
-706.018669374287
-729.643470610705
-713.533756159625
-700.960466977804
-699.490328590826
-686.48931541195
-707.202728348771
-670.407387786114
-672.508012247892
-670.80501657436
-672.806847436975
-691.853397205393
-681.786560889505
-675.513967184538
-663.910997769329
-662.24180199075
-682.14023271145
-669.696755849945
-670.993348669091
-666.979263727412
-669.657161147713
-693.625295395928
-679.921729275195
-680.77624379654
-682.67745698689
-669.399814327499
-697.412034015846
-682.446424760131
-661.517136253257
-626.07718745988
-625.888883117828
-645.749479875187
-629.248580935321
-625.458193418721
-621.024826135233
-613.0457298279
-636.483589280705
-619.602780407193
-624.545271938073
-626.625314028551
-624.129938374322
-651.335019490123
-636.475649196168
-632.63144731631
-631.919834989625
-631.172635282929
-659.324056430325
-642.781029743722
-646.273652602613
-646.139576412838
-616.283352521117
-641.248454238096
-627.932865016511
-625.717904688148
-623.253125518445
-625.882430482886
-646.58065390496
-630.812604597693
-626.346160526758
-606.43131968219
-609.91325028298
-629.933063720157
-613.838456429292
-615.082061773073
-620.061112978813
-601.657067480006
-627.796324477193
-611.134517848971
-611.885029765827
-611.258611779986
-605.713091069062
-624.524383801581
-610.041789595847
-610.976369178307
-569.096197978381
-553.001679131026
-577.317115650088
-560.763378705322
-548.128090591605
-548.98208384408
-537.133642895513
-555.437983725912
-545.680832396702
-548.040939808025
-538.454806924952
-526.287239239136
-543.809454344368
-533.506310561198
-534.964657176387
-520.003990882393
-520.404931830526
-542.916149873574
-525.392010751445
-526.22719345457
-526.164814863015
-529.464324582971
-555.257806712366
-541.389776833827
-542.006663714321
-542.332582416792
-528.131661677358
-550.796634504597
-533.621199650332
-533.021634472561
-533.459644510936
-533.387705210898
-554.635589762241
-541.520641441182
-535.914734192129
-507.965788187249
-476.877084663433
-493.403104298621
-472.334057960211
-449.022515157917
-438.190835755181
-442.039032209194
-462.212513365298
-449.894239606673
-442.939292102217
-410.13542041254
-326.028157348799
-330.390056422491
-314.432724204791
-295.937348705052
-268.179784561859
-250.757161371068
-272.49236462652
-260.940067701733
-230.879422041523
-234.83784932789
-218.557453635121
-225.40347615455
-216.998038051452
-200.928271339613
-171.731129085164
-166.97242442254
-174.927125493829
-171.504249430822
-166.711431390921
-130.537961620007
-129.491934076648
-127.539925320449
-117.938704242512
-118.444473121506
-118.021206499276
-117.435081507264
-125.684982522102
-117.511197110695
-114.733382523329
-113.769806425428
-113.769806425428
-121.309605903156
-114.251594474379
-113.769806425428
-113.769806425428
-113.769806425428
-121.309605903156
-113.769806425428
-113.769806425428
-113.769806425428
-113.769806425428
-759.78098722841
-756.62347597379
-758.732760241308
-760.088211195632
-760.731031691414
-787.842742893228
-783.800046180064
-782.249488119565
-784.466578461701
-785.527876059688
-810.394987256788
-807.323826104036
-803.915038350129
-788.53315835527
-788.980991558901
-810.30537888924
-804.974319793984
-805.159187116562
-806.033338751122
-804.990829463813
-827.700946105745
-824.218620711737
-825.592754932319
-800.303619954487
-786.221660246925
-808.715806874679
-804.78418502477
-804.243081352321
-787.611839915496
-787.645782662753
-809.068337670153
-806.111564912613
-805.823414651814
-784.762701372811
-784.230224501022
-808.732539329964
-804.174831141107
-803.558831647343
-786.605562780459
-780.920822611997
-784.663264724893
-781.774116812087
-781.537147057817
-767.095142869387
-768.613272280313
-791.530392484104
-788.276947037415
-787.953568855908
-786.709498287052
-787.499425983974
-811.068533898321
-806.212706105541
-806.388739993854
-788.216476275165
-788.155482468318
-810.53875730447
-806.862333040707
-807.107288804673
-787.926963417137
-788.539711350421
-810.489063099608
-806.616591104879
-806.392183691805
-789.400094242555
-788.593229752943
-812.050046587276
-807.809513816206
-807.766478179842
-784.269696290977
-782.860273086674
-805.163764257798
-801.560711356232
-802.078552680667
-783.046329866902
-784.12371671361
-805.759912664895
-801.801799080397
-800.51943319398
-783.012504126514
-783.83979109826
-805.271809238094
-799.137404070993
-801.481769862759
-782.465861181348
-763.688411242432
-786.634544223134
-782.468263562942
-782.842750819603
-764.181494583046
-763.463139896123
-786.38319924631
-782.710150387784
-781.840602057739
-781.768283144973
-782.000993514691
-805.002205318223
-801.255090529859
-804.437862525831
-802.890022766485
-803.352954011861
-827.892929449071
-827.444356670839
-819.442338906354
-800.936165526599
-782.317002119897
-802.44609746978
-798.851855698105
-798.465641486626
-779.947921397379
-781.041944789571
-802.341728938274
-798.480449218648
-798.595260216281
-794.519963667396
-779.915129671882
-802.84245986418
-798.772582518276
-797.619503304732
-797.385728235493
-797.691375332573
-822.082224271847
-818.548574849056
-817.1579587547
-799.546497138822
-799.264618989432
-821.87852124256
-817.168177962301
-815.954264269812
-816.247763065837
-799.406864268922
-821.31081568857
-815.563225099717
-816.875990428711
-802.713990981664
-804.246290868244
-824.117451532888
-818.639058777456
-819.974362317082
-801.719681821988
-788.030196598312
-809.326976579831
-804.93235371645
-806.5539739406
-786.938512395037
-787.120150907691
-809.353115547215
-804.763996510692
-804.279744144018
-804.983121432139
-786.640016740587
-809.64691956534
-804.952485306424
-806.22143204888
-805.614954155952
-804.376054671405
-827.543790538655
-824.386940402793
-818.250686504174
-787.825095005302
-787.287143785741
-810.07894338915
-805.012424259947
-804.84337172867
-787.108609580471
-786.912264660299
-810.26948312567
-805.003260959911
-805.733847678666
-804.890283892449
-786.477652623231
-809.672889139243
-803.939286078568
-804.683326460221
-786.877712448857
-787.425642927562
-809.461274910825
-805.807397297363
-805.58008792473
-787.873838459733
-786.827148298352
-809.403381174153
-807.627685479359
-801.529435548794
-783.347443212733
-784.178707488618
-804.695294267917
-800.053673017335
-800.98884195933
-783.18248980647
-782.188850449741
-804.553202305916
-801.655952283786
-800.009257036941
-781.684076179438
-782.076346512439
-804.844373129442
-802.127886236741
-802.268557782271
-784.014805651134
-783.494562783968
-804.340307885072
-801.043221885668
-797.154807093681
-783.046859386042
-782.814237984978
-804.357775947176
-800.535160565679
-801.064123761369
-783.328584236364
-780.890131365097
-805.122629217888
-800.307124539129
-801.462750296507
-776.552970061011
-776.771476446027
-800.215080253227
-798.980451385072
-796.788875342987
-778.551114508535
-779.179545886251
-799.826467281383
-799.869769916369
-800.330982775231
-777.288947711927
-775.940722426492
-796.926379010593
-792.625858745701
-792.785617996352
-791.695754042132
-792.859901513282
-815.729983763502
-811.84178980467
-811.528059847233
-807.268648681553
-793.592179733098
-815.682063510425
-811.755805745075
-812.508242075479
-811.566095093162
-793.844395466195
-817.479266111544
-812.530791473381
-813.178989128385
-813.183041880203
-794.30035298563
-817.442680017535
-815.255967713166
-808.530329117814
-791.783549574475
-792.3419447578
-759.78098722841
-747.844934074548
-749.245293716678
-734.646401493755
-736.875735393891
-773.800094531734
-759.700172679379
-759.632933884622
-744.271025957864
-748.183148558849
-779.514194457503
-771.634741525628
-770.535135666285
-757.698991963575
-757.639597225942
-782.399790963614
-768.032341268299
-767.947187884026
-769.801903224744
-744.291329705997
-779.544844538059
-762.893746350847
-760.203931905299
-752.684387753519
-755.735310304721
-785.461947988705
-773.203790119941
-752.80392794841
-751.267730439462
-751.667109907177
-781.375033865413
-766.617591911426
-770.8366902727
-743.899051012406
-746.88818328118
-780.799980649633
-767.974930197794
-765.885888588797
-753.341621422161
-753.060998836882
-784.774045490363
-766.159408525597
-770.737493787364
-755.425810757604
-743.367765511274
-779.411808826509
-762.369406036188
-763.469745103898
-735.863182960354
-736.232460740645
-762.448248744653
-748.075197219772
-747.65730600916
-717.129014840033
-710.796300967893
-741.312717540776
-721.135930663015
-723.709656842297
-728.139441727305
-726.854802765611
-759.279450780339
-743.466317230729
-744.068135372168
-746.50679667413
-745.266384522255
-780.269105451526
-766.333717259965
-765.837502068406
-753.466249276064
-723.711972585137
-751.46894327002
-740.511334925721
-741.543209405465
-719.93312628145
-691.57787473597
-720.74801702345
-703.168364073054
-704.488617693949
-704.350387530744
-689.665347215055
-722.432251409915
-713.314808776787
-706.246565326429
-701.996691814195
-701.627011797344
-731.544961421218
-713.660809279874
-716.118676810684
-714.692559127389
-703.788367664711
-726.849435480594
-713.226971351154
-712.881101910179
-713.731024902022
-703.746041992622
-738.318560502679
-722.151633985953
-722.082334831253
-724.040228407323
-707.691452147048
-744.400109352297
-730.269000464224
-726.69685151537
-684.725896405568
-685.195608271622
-718.867840454723
-704.913762824789
-704.256520724601
-692.02866081021
-692.601217271574
-720.944691514783
-706.172859337027
-686.647826418964
-687.017824187871
-656.316124676118
-690.5023683958
-676.331540696004
-676.861101693145
-672.472457098131
-663.039766304738
-693.730286833013
-683.897219076617
-682.811193697667
-663.878494956293
-666.20008049644
-680.346181990007
-657.510543197723
-654.521856596126
-649.679102629145
-648.218753720146
-677.434699936155
-660.172355385198
-663.182980125645
-662.302636987795
-657.951302921803
-693.117686288214
-679.872555414625
-681.818051172888
-678.384372593809
-650.895854870331
-687.015392753472
-680.584933172105
-664.029358305634
-662.009764422089
-643.368662433439
-672.782150546215
-659.61562379933
-656.297383560072
-656.146321789554
-645.7025239638
-679.716349502285
-663.911323413054
-664.432629181942
-661.134869102841
-659.730333547161
-692.085801405642
-676.476185907376
-677.114937851792
-665.082027213834
-665.103067474534
-695.504875493908
-679.950318352498
-680.572948760049
-630.202060371633
-619.559184493296
-643.919788432835
-629.035177533681
-622.971925566353
-607.968732779553
-609.152869692926
-641.135136930258
-630.313447840238
-614.277721245224
-602.441276612864
-526.634016879797
-555.657598304871
-529.681764758513
-529.904286271089
-528.180007098851
-529.699521155698
-562.323799758881
-544.663125639979
-539.084430128388
-526.996944918807
-524.714578175311
-558.126834480574
-546.2667941166
-542.747535497551
-542.81213537097
-546.877105703811
-580.112553624855
-565.486487753833
-563.667517267226
-552.55061908089
-528.112571162808
-559.894210411417
-555.56996247037
-557.254479583099
-555.079996306949
-538.357601068438
-559.54802798093
-546.188829980312
-544.166635535603
-546.717024770262
-541.653084683625
-574.855340767419
-562.263573950668
-558.900217361203
-535.751761228267
-510.021561303534
-534.408501636426
-515.682388489571
-518.386367033277
-508.100277894376
-481.526109951186
-512.61856881002
-503.580568162875
-498.019414314391
-487.85925097982
-461.211579702829
-485.663270010381
-473.874906049513
-471.889129606732
-459.650463810322
-454.545540168255
-486.751573303373
-478.901784627441
-470.678623282178
-458.03569377194
-434.387611155193
-458.402269101804
-436.609619470397
-430.870279755404
-432.699363850461
-433.872436079421
-462.904168409845
-444.958928981532
-450.134180554939
-448.634889330396
-425.598419758728
-437.254966656944
-423.694924827997
-421.167518885905
-409.141666706976
-409.521789728678
-439.821368926866
-437.076501627313
-429.567696643842
-423.893507143025
-371.616158368928
-759.109434772217
-755.887439868949
-758.014922368005
-758.434963922059
-758.806643400416
-784.095638342594
-782.408222339017
-781.651882388716
-782.998272180664
-781.964655724267
-806.401926860922
-803.988897108413
-803.915316888163
-785.917012628201
-786.988067660335
-806.467818351529
-801.284918548457
-801.562086904694
-802.944890840193
-802.533819192982
-826.296587372129
-821.555243784885
-803.72301150617
-805.849970181193
-805.074623022986
-826.279219528112
-822.832233986838
-805.654230592349
-800.279725020031
-800.200445568332
-822.354206724516
-818.885671753546
-801.024516718585
-801.824425265242
-801.112932941242
-822.067522697547
-815.912214025066
-816.997195706625
-817.139154671481
-815.82093197501
-839.436435587061
-835.861515799669
-838.262144814377
-810.376027084161
-808.58842145218
-835.004055783523
-831.233810082988
-825.235033558494
-814.518480905652
-814.17384960958
-835.413697765208
-830.437084614387
-831.650222243909
-830.877070834671
-831.810274534028
-855.789107127897
-852.053730346582
-834.76305180129
-834.494312088317
-835.413158583849
-855.672542846765
-850.989536775811
-851.020968982804
-851.917912642809
-853.25745162595
-876.282785998785
-872.888907162117
-851.221437484518
-851.042210958542
-851.648443310916
-872.997912118784
-868.077645108187
-863.077443406273
-840.611847179418
-839.546468420708
-863.064867278865
-859.200860560928
-857.730000971962
-858.370045472832
-859.636165905815
-882.689494852817
-878.532117788101
-863.877241670955
-862.599520172704
-854.523218874993
-879.059854079473
-874.879104472737
-857.792028478914
-857.457086228092
-857.47356480732
-878.517232195985
-874.254603721855
-875.005954303918
-874.87583207867
-874.456111805519
-898.645418251814
-895.7128139936
-893.979400948518
-893.844414323135
-887.540284186624
-910.8495700221
-908.151434480081
-901.770520429091
-885.61567325636
-882.581022583901
-902.630278626865
-897.684360770239
-898.566507951076
-887.068359288602
-875.843684224541
-899.420167782326
-894.337665167917
-894.214523523004
-895.029961021782
-894.556900422695
-920.034659563084
-915.347756514452
-916.101284013306
-915.737385947365
-896.843029665646
-921.960591236545
-919.962296631758
-905.939875214909
-879.949329493576
-875.725117414584
-900.489303126372
-896.574151471558
-871.993171780038
-866.22193975907
-867.544485273189
-892.154879468558
-888.187448984368
-880.580653984803
-880.542870018879
-867.005790691943
-889.622604770222
-884.877772069876
-885.47717051284
-861.314454845876
-862.205234243425
-884.285979761722
-882.762000243065
-871.498745129947
-861.359376378166
-860.061444431517
-880.457898824784
-875.125797320954
-876.27439526968
-876.59512185908
-869.094727559207
-895.955566451004
-892.401710274021
-892.160358720864
-891.32285243728
-888.554715726814
-911.538186560034
-907.350463839603
-889.976203985167
-891.675723350522
-868.505226277513
-892.507198531836
-888.437793051433
-881.431767734397
-882.351963258551
-880.882788298185
-905.317542055292
-901.428583346774
-883.622277228471
-883.175337214034
-884.432723836244
-905.721048078415
-900.682667863777
-898.21949262132
-898.429067748591
-898.380978105274
-919.343832246976
-916.642560246917
-875.396931811631
-874.758985602575
-875.063755746533
-898.436526283123
-894.512541346983
-895.363381096841
-875.021359235407
-873.769715042664
-900.162713955637
-897.007809683242
-879.11392494006
-877.462175415621
-878.284519890599
-899.436050865818
-893.62843854073
-894.847980416394
-894.453472374038
-891.805275231522
-909.776191529253
-906.289471895656
-893.578441679591
-886.332329555228
-866.761754569146
-891.286637984973
-888.184802496516
-875.973196010042
-864.703425007919
-863.424154543013
-886.921947819247
-884.281833560726
-869.254716893252
-868.724207847405
-868.250928119758
-892.987417420345
-888.231601893269
-888.593144683529
-883.796718303695
-874.936442762847
-894.955584223711
-891.666915622361
-887.793657423874
-888.190526871837
-864.69565279235
-890.992950533853
-887.657522735818
-881.509766115316
-864.647854563431
-865.116996729226
-888.267816600308
-885.754742193146
-878.592025016063
-878.577175930601
-877.656444163302
-898.827268403874
-896.75324207533
-894.676401567787
-875.650643090661
-870.599169303579
-895.82038233204
-890.260408497969
-889.997316184797
-891.567637737056
-884.352415210246
-907.214412195685
-903.280545570878
-868.616928891394
-868.715536511403
-868.959645407592
-892.421992335633
-888.906666226087
-872.699086830018
-857.53401094915
-856.104345067469
-759.109434772217
-747.223370070186
-747.561827050165
-735.505182390753
-735.557911803715
-772.474118983714
-755.164673608861
-759.20474616351
-758.968947541678
-757.477253273696
-791.229565344563
-784.174906233344
-784.395800059916
-767.891629142779
-766.492063982073
-791.078833794266
-775.883124122397
-773.299721472831
-771.907169296743
-753.565408306336
-785.019384777272
-768.073432942231
-769.987574897045
-769.062541112497
-756.095972234669
-790.403614644869
-785.112687409432
-768.703476252904
-769.020558678972
-768.488908735361
-791.507074467363
-772.383316061358
-773.520953895053
-777.661218816685
-762.76547247436
-794.402372299883
-780.300628524196
-777.093211569338
-782.445574432429
-780.915502437811
-816.816040075032
-799.650963214955
-800.685871342279
-802.006050958641
-801.433196548007
-835.143758190874
-820.173026776646
-821.019692890055
-791.250940107648
-791.161042524321
-821.570520273632
-806.547140411173
-807.449910376469
-809.086241574168
-801.473752376419
-839.713625675185
-822.294163946764
-823.173653399771
-822.917355993597
-797.672497688644
-826.025025106256
-810.321958106349
-804.828047021184
-802.423234947487
-804.588988116756
-821.807804465217
-804.338484155363
-807.59886437403
-808.14762791566
-806.612927207961
-842.728277335735
-829.0588546963
-808.572846175436
-775.076405661663
-767.984077338544
-795.324661330415
-780.769688253241
-770.573806169028
-769.544674592477
-770.941364440269
-799.468049100863
-789.737656379923
-765.403338988912
-767.514301841228
-766.820936712664
-799.479734555337
-783.893098892949
-783.065400384581
-776.446249372833
-778.450784325021
-812.192498510131
-795.062214320143
-795.055739487158
-797.504917457658
-799.425977167482
-833.123162655664
-818.561470781471
-816.724543061046
-819.375708322466
-821.622509438295
-856.676550528198
-845.59061102797
-818.634895191525
-817.25998521214
-818.549738039051
-845.30979865287
-831.007607223906
-830.255263366385
-829.537850509299
-829.126781112283
-864.067166423803
-846.473860273741
-849.312976540259
-838.27649942515
-837.861924670263
-872.491813317151
-861.79408405045
-854.518921617778
-851.241163916847
-851.782644373533
-880.017604581979
-863.376910963864
-866.137445849271
-865.975012242578
-825.112003110636
-863.705432372015
-853.206077610171
-828.133957916938
-820.373773926918
-822.416184470671
-855.510353396326
-840.525636503042
-840.95646746485
-839.567791588727
-841.597734070774
-875.243569025264
-859.732978135766
-849.823226017777
-851.290651772111
-851.893167000778
-883.388139337216
-870.956137325344
-845.114606991413
-821.270870158134
-821.664778944549
-852.228138552635
-837.315523474068
-837.898053317081
-837.390096948704
-817.359738704406
-850.560554112864
-832.79319008522
-826.183470711075
-813.298203426847
-801.936511040132
-834.934860845385
-819.64485414104
-816.335197441441
-776.337907690237
-775.007242642483
-806.603322352373
-788.212313326991
-790.684493298461
-785.564345369231
-786.411332548028
-819.574509968225
-805.227639617803
-804.683640147973
-806.458018051016
-804.439969874466
-840.534183716221
-828.723989756751
-818.545846622813
-812.979301346006
-813.200982874385
-841.546583997172
-823.739254776422
-826.676723351404
-826.565541873697
-826.638760850561
-858.948606871218
-842.042008098941
-845.090168889642
-795.627332013481
-794.461435746259
-828.949313235449
-812.837868433306
-797.467257813038
-799.009184393506
-799.83615968443
-833.083374526391
-814.912659228946
-817.3112585231
-817.033578899921
-747.820215944265
-779.915596506634
-766.682231486457
-761.469316362686
-730.444294685063
-697.091362695393
-727.525903333801
-712.599323060727
-711.584957047623
-712.127895166037
-712.571154110972
-746.745276555522
-732.731992174771
-723.10415662946
-725.835343744351
-725.850508717381
-755.658679130267
-739.684012979729
-729.373759551504
-713.824332365177
-708.433707700677
-741.241080020904
-733.989165852404
-724.278939869124
-712.807621740471
-712.602248332368
-739.058832832907
-735.000532008748
-718.886837992865
-718.294688334827
-718.957392143763
-742.256393055241
-730.760518218152
-722.902243030653
-724.340511777335
-700.883360948905
-729.254608174893
-713.934171478859
-715.001588741265
-715.593858603435
-707.033662038528
-742.172008719575
-730.57331080072
-728.694337584969
-728.647953013839
-726.304449127043
-762.106124111814
-748.666930946575
-750.117515775142
-748.970916672473
-749.466040935298
-784.533816209554
-774.955164431568
-771.645539724647
-766.159368068373
-767.307020261224
-759.363876591828
-757.391230768858
-758.168542783891
-759.412600672141
-757.446152659955
-784.297792388891
-780.648075307275
-780.278413496356
-749.514679717963
-751.012271532112
-770.028771553768
-769.985598220176
-767.690429366497
-750.875375999722
-750.326707091286
-769.687992640573
-765.98102802463
-764.978290635464
-765.581518123942
-765.884859644257
-789.624569087873
-785.941735382571
-785.422695135008
-767.129517265215
-750.011035862503
-769.426248305371
-766.602231981403
-766.87488203362
-748.581784653759
-748.354835707115
-770.158077442846
-765.034600287795
-765.412345426555
-746.973476137206
-747.837098480876
-769.699074812219
-766.760692894574
-767.082083137183
-762.258490673101
-739.593541745102
-763.439186764423
-758.852097280874
-759.327017196403
-759.335717622852
-740.590144940659
-763.275814067175
-758.849513017489
-759.152686807406
-741.415157939421
-741.597617282356
-762.335892289539
-759.013979783685
-760.468767855184
-760.411147364099
-759.245674002447
-786.358143981354
-782.339653427327
-781.349159174521
-764.12832345799
-763.926894870457
-786.325763433494
-782.09764760749
-771.925611094471
-764.540267227802
-764.925163113029
-785.832274392989
-782.263062594837
-782.953820891489
-759.513986289337
-759.200777227697
-781.514818561601
-781.0593958607
-779.514483839479
-761.792572904504
-762.082147586925
-780.963637115506
-776.333802968664
-777.788170600099
-776.240058934944
-777.868172228444
-801.014128487343
-799.106426287649
-797.890346082701
-780.333566332753
-779.874644588938
-799.938635928935
-797.78274878067
-797.22940336218
-772.124983891246
-770.843355585099
-792.461440192134
-786.986594526312
-787.080006962643
-772.375468795732
-772.355034948053
-795.483897648135
-792.291303291912
-774.325432303789
-773.655191244013
-773.347586924888
-795.531469672563
-793.189002945948
-791.937307366643
-794.16752428022
-769.848831697205
-791.367631287147
-787.200625145859
-786.408507737064
-785.853127479787
-786.140458839566
-810.575348680842
-807.214863524085
-806.944758312281
-788.216735743649
-764.683484960888
-785.40285221862
-782.55276187778
-782.914687099878
-782.604615238139
-782.910238095693
-806.942569834879
-803.101665477293
-803.681761823826
-785.268574505307
-785.712809272143
-808.04381269144
-806.440097307443
-805.332260482036
-768.519251255084
-768.531629980477
-789.683281915675
-788.555874921014
-766.10624774814
-764.746670214766
-764.995168317553
-785.633801306007
-781.690508929878
-782.197262315712
-782.404480273662
-784.226479886568
-808.448402591487
-807.276893639749
-783.328605820034
-782.995694046016
-783.53372755093
-803.350477541682
-799.423612968246
-799.824860986936
-781.555515934281
-780.104149016266
-803.509743645837
-798.108353462116
-799.952817976323
-775.7003661466
-775.016436929281
-798.457780490623
-794.358539863438
-777.261378208243
-777.050918418723
-777.179706516698
-798.964058156532
-794.835988045904
-795.53995736585
-778.088644232158
-778.200659227299
-800.143848141194
-794.602781408045
-795.836573816729
-777.621883330429
-778.072890074215
-799.329624990063
-797.019877765581
-779.099225675846
-778.870799264633
-778.777331516832
-799.806920104852
-797.460161336263
-796.123390282225
-774.217270095273
-772.927638000418
-794.531326412525
-790.838364854089
-790.757850897159
-773.263738879844
-772.762129949174
-795.391672882993
-790.362397548616
-789.862088941026
-772.643369439361
-772.540119543478
-794.81358494182
-791.124771862238
-781.239316494845
-772.788162124606
-772.919902137234
-795.01188718469
-790.248261332825
-790.498918994865
-773.529338834144
-773.914350141753
-794.886571817465
-790.990870155938
-784.33853047287
-772.2825646037
-772.523218457018
-794.968738643511
-793.234701638821
-771.175495048053
-769.458527704722
-770.052421767712
-790.284567596736
-788.016838067531
-786.526043941548
-769.806849568571
-769.024110688555
-791.015225240835
-790.052944886861
-783.687432278252
-777.083089343344
-777.445074719952
-804.714535385827
-800.720762907945
-801.024565180042
-794.107323419588
-793.672406433819
-817.556808345275
-815.695529705481
-816.03236408584
-744.744330602685
-744.051379345276
-762.880437137575
-759.302725322822
-759.528576298697
-758.698877994161
-752.387847479143
-776.509646970189
-772.570825019995
-755.655108345295
-755.157692126945
-756.491722078882
-778.717841796187
-774.485175449157
-772.711674447269
-774.483392803015
-774.11997747661
-797.015863743033
-796.451637865836
-792.816688594601
-775.2251833425
-775.545560345795
-759.363876591827
-744.713265398976
-740.635321472837
-743.251539532262
-743.917891560873
-778.858878139315
-765.152834027788
-764.682825890415
-762.114524877574
-763.451563841612
-798.595922646896
-793.167165704901
-777.094507778718
-776.868976760088
-777.805861062255
-797.882657744822
-783.914277673065
-783.862146713549
-762.156824961754
-762.837293438604
-795.547675583467
-783.656345907962
-783.681420046648
-775.118541039949
-776.429215791877
-806.39889918359
-792.255987589345
-788.519717332271
-794.59002777796
-780.300613545098
-819.741689711897
-804.956098861354
-804.647120443182
-808.352313603026
-804.207003608548
-841.86778521366
-826.436596330913
-828.402493572498
-815.204481078277
-760.856791734883
-790.52640514324
-778.669171616767
-777.294108593781
-760.991827467542
-753.22624384931
-789.535642406562
-776.256880332908
-777.703897136085
-759.002836326662
-761.507693321169
-793.891032761579
-781.278706301603
-781.217067978649
-768.707943633731
-763.285515288978
-796.463713127346
-782.530478298475
-780.028079832135
-785.251719373704
-777.237809275759
-802.113669238758
-785.645810636479
-786.733281044907
-772.012879645477
-754.350438749226
-786.084577104068
-773.959380388565
-772.124564690127
-773.314378766904
-761.733641363296
-800.556102948072
-793.075615203792
-782.365124847279
-756.920861480109
-755.610030389437
-785.21884438077
-769.134961317418
-769.1023357196
-771.568613708914
-756.580496545677
-787.801732566909
-773.622045706007
-762.875749628589
-762.843296427835
-764.461841269522
-792.252423711274
-776.674833977373
-776.818154611131
-736.508995597791
-736.321053751211
-768.89608745987
-756.471267482895
-756.994455936751
-743.115266256007
-708.451447499066
-743.173522762111
-727.296718726295
-727.385783878718
-730.324838695726
-722.40510029097
-756.278959937092
-750.374942763009
-735.638259693789
-736.429308512994
-720.726295440015
-748.051101013458
-731.082590167173
-735.668656360612
-730.843733842289
-710.904529383319
-747.090960686207
-731.300240590342
-734.341592050746
-727.543949447901
-721.282367836419
-754.992572575511
-744.550993618263
-742.46353330278
-686.850434881278
-683.21826884164
-717.574862020512
-706.794351977078
-703.977900499733
-690.10957282847
-661.010415700126
-688.770412065033
-671.655094784171
-666.318900995995
-664.494182732005
-664.405066279309
-700.226671442696
-682.731458801976
-684.419706296422
-643.726988500963
-639.124993185764
-667.936101984128
-652.138952704315
-654.046722644743
-615.678011318048
-616.147426173462
-646.798934212725
-633.193298646712
-631.816489353853
-632.475549354477
-603.339194418175
-632.105509665526
-617.368288423064
-609.244089784081
-590.729506424452
-590.347080836613
-625.398799108155
-609.057641779349
-611.662894777641
-612.64565945903
-545.182394372422
-575.688737960143
-559.084792844473
-560.364686429147
-562.890692957141
-562.217542081359
-596.321248294501
-580.48614204284
-583.833671777486
-570.244577502196
-545.566914814904
-571.356079697338
-555.07568929717
-555.077664270311
-527.284858343816
-484.89503731783
-488.025009682301
-479.652979056145
-473.678736277738
-467.151483604054
-407.56953260905
-433.465714248441
-419.810436714419
-417.669994885696
-415.610389479016
-413.244204698344
-445.681177511104
-427.981350531794
-432.4004600603
-430.807341218105
-412.008498327499
-431.926963485427
-419.77729326325
-419.795168784306
-410.767931451931
-410.188746514268
-441.106942385436
-428.529007882315
-427.852985408936
-419.840124235636
-422.427588053484
-454.416229555305
-439.119808805932
-438.7507920169
-441.192392744667
-404.457009357611
-434.592962663008
-421.624859480777
-406.734809352153
-383.772366599401
-361.112371730762
-387.485029194791
-373.414417947746
-374.511892108437
-369.143294962928
-367.591652297058
-398.624717750428
-372.922544544448
-372.428591188336
-374.784657602915
-377.192813209795
-403.006376441462
-391.742749502233
-389.886821274075
-393.659803798042
-379.529577986866
-407.518053332653
-395.301031686592
-391.50887746947
-392.983297310505
-386.193877403828
-412.289100447675
-403.534815875273
-404.352572564867
-391.323403481849
-390.121100863427
-418.48647040731
-403.158533491017
-402.828836081089
-403.060980400283
-375.415915595849
-402.591503045254
-386.050314510214
-373.867998721872
-373.800509231722
-350.093712420682
-360.798305898425
-345.198830908508
-338.357266384069
-330.609275943492
-318.690879656286
-347.382117440028
-338.976646408193
-313.955509505128
-316.154160948964
-306.44171671229
