-757.143
-756.498
-756.424
-755.638
-757.096
-771.398
-766.818
-770.273
-769.608
-770.007
-787.510
-784.130
-783.106
-775.559
-775.492
-787.536
-782.599
-786.011
-783.860
-785.388
-798.033
-793.351
-790.858
-789.488
-790.517
-803.398
-805.138
-812.742
-810.952
-811.901
-832.503
-829.964
-830.611
-828.921
-829.312
-844.127
-841.435
-841.579
-842.236
-841.315
-856.097
-847.005
-847.101
-848.948
-848.757
-861.975
-863.629
-859.792
-861.621
-863.858
-878.836
-876.429
-872.529
-875.145
-876.602
-889.155
-889.205
-885.230
-887.519
-888.547
-902.893
-901.355
-901.998
-899.364
-900.993
-913.185
-908.826
-903.863
-904.431
-903.941
-916.518
-915.659
-915.780
-915.447
-916.666
-929.510
-925.466
-927.212
-927.237
-927.240
-941.285
-938.013
-939.764
-940.649
-940.769
-948.641
-948.815
-949.075
-949.754
-950.302
-964.418
-957.016
-954.481
-957.243
-956.847
-975.110
-973.281
-975.555
-973.709
-975.467
-989.233
-986.343
-987.281
-958.261
-958.523
-973.109
-969.641
-968.777
-968.812
-963.434
-971.525
-968.728
-970.282
-966.628
-939.819
-955.091
-950.610
-944.545
-942.541
-944.653
-954.944
-952.918
-948.416
-949.538
-950.713
-964.279
-958.100
-958.562
-951.111
-951.206
-966.118
-962.755
-965.161
-962.746
-963.734
-976.473
-973.108
-965.541
-965.946
-965.352
-977.302
-977.963
-976.063
-963.054
-962.448
-974.849
-976.510
-979.146
-976.488
-976.854
-993.728
-989.755
-992.868
-992.033
-992.222
-1006.607
-1004.152
-986.740
-988.276
-986.616
-1001.741
-1000.487
-1001.598
-1000.769
-1000.645
-1014.293
-1011.838
-1008.389
-1007.835
-1008.570
-1022.096
-1019.803
-1005.816
-1005.318
-1005.775
-1022.172
-1021.108
-1020.797
-1011.371
-1008.273
-1022.795
-1018.880
-1019.951
-1018.349
-1018.211
-1031.929
-1030.038
-1030.065
-1002.031
-1001.361
-1014.516
-1010.710
-1011.018
-1002.825
-1002.062
-1015.039
-1012.016
-1001.603
-1001.137
-1002.170
-1014.145
-1012.498
-1007.913
-1009.163
-1010.214
-1022.767
-1020.207
-1021.028
-1008.808
-998.832
-1013.712
-1009.869
-1009.451
-1009.624
-1012.417
-1025.668
-1023.082
-1015.569
-1015.903
-1016.488
-1025.652
-1024.467
-1016.699
-1015.406
-1017.527
-1025.589
-1025.817
-1025.864
-1025.578
-1028.307
-1038.053
-1040.251
-1040.908
-1039.401
-1038.631
-1054.405
-1051.655
-1051.082
-1045.043
-1046.536
-1057.320
-1054.126
-1046.877
-1048.160
-1049.154
-1061.189
-1056.572
-1057.164
-1056.182
-1057.340
-757.144
-743.888
-743.439
-745.646
-746.077
-775.268
-762.030
-764.505
-752.939
-752.241
-769.816
-757.298
-757.807
-758.118
-760.213
-790.158
-775.994
-776.897
-776.871
-777.252
-803.769
-787.172
-787.449
-789.700
-788.637
-813.718
-800.838
-799.123
-799.696
-800.149
-823.492
-808.490
-812.122
-813.026
-796.879
-821.795
-803.899
-807.955
-804.917
-807.309
-832.005
-820.590
-819.837
-806.683
-809.820
-832.148
-816.282
-813.660
-812.856
-813.341
-837.555
-824.606
-826.384
-811.996
-810.392
-838.968
-824.454
-829.888
-826.404
-828.015
-853.150
-840.274
-837.412
-825.103
-826.276
-848.288
-834.717
-830.074
-832.636
-830.452
-858.044
-845.184
-845.287
-844.303
-843.937
-870.733
-857.778
-845.887
-847.991
-834.447
-859.681
-845.636
-848.176
-825.628
-816.244
-839.915
-826.703
-829.229
-816.013
-812.066
-838.727
-825.751
-824.814
-827.449
-807.834
-831.279
-817.100
-815.158
-794.400
-795.306
-814.626
-803.321
-791.674
-790.414
-790.856
-806.195
-793.935
-795.769
-793.383
-796.524
-827.170
-813.692
-795.904
-794.473
-796.264
-815.209
-802.439
-801.454
-801.752
-802.795
-826.956
-814.695
-815.363
-813.062
-814.842
-840.036
-824.410
-822.318
-823.864
-822.936
-845.449
-830.560
-830.131
-793.517
-794.360
-815.934
-798.311
-790.532
-777.064
-782.397
-806.755
-793.363
-795.081
-795.804
-790.780
-818.713
-802.441
-797.603
-780.641
-781.035
-800.857
-791.025
-790.921
-773.030
-771.889
-788.173
-772.377
-772.804
-776.309
-777.546
-803.220
-786.547
-792.004
-791.629
-791.369
-817.552
-802.838
-787.305
-777.620
-776.406
-795.565
-783.192
-783.812
-741.245
-741.613
-764.260
-749.970
-745.471
-721.458
-668.729
-679.782
-662.255
-666.657
-666.647
-667.130
-688.824
-674.722
-670.910
-669.663
-672.168
-696.373
-683.328
-684.824
-683.493
-683.561
-708.681
-697.661
-690.079
-689.757
-688.858
-710.621
-694.959
-700.577
-698.614
-697.954
-721.109
-708.776
-711.154
-649.964
-622.571
-639.963
-618.099
-618.467
-619.382
-619.282
-644.897
-630.689
-623.462
-621.589
-619.232
-638.561
-629.985
-610.437
-583.898
-561.375
-580.341
-565.052
-562.633
-565.026
-565.767
-586.561
-571.294
-570.846
-563.252
-566.685
-589.557
-578.884
-578.145
-552.747
-510.463
-530.575
-518.830
-516.661
-518.640
-519.436
-544.338
-529.521
-529.912
-529.274
-529.167
-769.296
-764.212
-769.091
-767.414
-768.002
-797.695
-792.953
-792.575
-794.283
-769.165
-791.501
-788.222
-781.708
-774.592
-773.864
-797.528
-793.585
-792.625
-780.585
-779.627
-801.697
-796.584
-798.773
-783.606
-784.210
-807.059
-802.452
-803.160
-805.561
-788.884
-818.133
-812.723
-813.670
-812.573
-794.344
-818.559
-813.209
-813.779
-799.961
-799.569
-823.431
-818.772
-820.027
-795.720
-795.450
-818.278
-813.748
-800.156
-800.271
-801.612
-823.831
-818.322
-818.709
-818.910
-817.789
-844.033
-838.824
-825.447
-809.973
-814.347
-838.889
-834.558
-825.320
-812.112
-812.173
-836.563
-827.919
-827.867
-828.678
-830.829
-853.417
-849.145
-849.148
-831.098
-830.890
-853.462
-848.556
-850.178
-830.198
-826.794
-854.856
-849.098
-846.908
-844.557
-822.270
-842.281
-835.511
-837.250
-837.122
-818.234
-844.363
-841.743
-815.325
-809.992
-813.528
-839.792
-837.800
-833.470
-818.195
-786.604
-793.956
-788.563
-790.201
-769.956
-770.678
-793.053
-787.526
-787.241
-788.763
-787.547
-813.731
-811.017
-811.177
-792.856
-791.871
-812.989
-811.002
-808.672
-804.289
-788.974
-813.088
-803.479
-803.867
-806.200
-807.147
-831.291
-826.945
-827.535
-807.764
-808.848
-832.153
-827.987
-826.639
-809.612
-809.832
-832.551
-829.045
-826.570
-808.581
-802.912
-820.553
-816.264
-809.032
-808.586
-808.140
-833.134
-829.045
-829.082
-810.243
-811.692
-833.641
-832.346
-826.726
-812.616
-812.708
-834.723
-829.026
-828.846
-814.542
-813.652
-838.362
-834.876
-832.850
-828.986
-813.692
-837.966
-834.050
-833.243
-814.347
-812.772
-835.986
-831.856
-830.721
-809.950
-813.074
-835.857
-831.059
-830.038
-812.185
-811.767
-835.196
-829.181
-828.391
-810.523
-809.931
-835.427
-832.739
-831.424
-812.392
-812.097
-834.742
-828.452
-827.958
-827.905
-830.037
-852.531
-848.626
-849.132
-833.358
-806.569
-828.990
-820.605
-824.864
-808.578
-761.824
-784.976
-779.162
-779.320
-780.674
-781.280
-805.566
-801.224
-799.479
-761.559
-761.860
-783.618
-777.474
-778.530
-761.131
-761.341
-784.835
-784.212
-780.759
-763.611
-762.823
-783.045
-780.369
-780.311
-762.522
-762.974
-785.624
-780.984
-781.286
-761.189
-762.466
-785.825
-781.408
-780.508
-762.633
-761.292
-783.867
-780.893
-782.508
-762.802
-762.649
-783.890
-781.678
-762.209
-762.527
-762.570
-769.296
-754.724
-755.580
-756.335
-758.045
-798.495
-781.388
-781.151
-785.820
-782.998
-809.633
-795.841
-796.640
-782.580
-748.037
-783.087
-769.459
-756.224
-758.141
-756.261
-788.119
-769.971
-771.481
-766.574
-764.765
-800.601
-783.834
-783.354
-785.050
-786.387
-821.947
-808.879
-795.221
-787.894
-787.576
-818.523
-798.390
-801.718
-803.169
-799.870
-836.399
-817.383
-816.083
-783.114
-769.047
-803.248
-790.342
-774.756
-776.165
-778.529
-811.924
-795.659
-793.221
-772.259
-776.352
-809.582
-792.088
-790.347
-790.935
-791.729
-829.879
-821.774
-806.752
-805.486
-777.642
-800.865
-786.151
-768.686
-757.239
-732.678
-762.252
-744.461
-742.130
-745.499
-742.770
-780.502
-764.392
-760.514
-763.150
-730.689
-763.699
-750.148
-736.658
-725.584
-727.355
-758.537
-745.584
-735.664
-733.356
-734.239
-767.536
-751.267
-741.174
-719.646
-719.480
-747.255
-730.259
-717.636
-716.359
-680.138
-709.999
-698.164
-696.050
-656.538
-657.991
-684.780
-670.172
-672.995
-650.290
-648.941
-681.119
-674.880
-670.031
-656.874
-657.633
-685.038
-669.122
-671.700
-628.586
-628.267
-658.667
-643.035
-643.902
-613.466
-591.949
-627.986
-611.986
-616.247
-613.738
-616.142
-653.771
-636.993
-642.185
-641.092
-634.161
-675.079
-656.848
-658.218
-646.863
-645.212
-678.293
-662.218
-662.920
-662.891
-637.656
-673.615
-662.989
-660.391
-651.438
-592.491
-623.193
-614.457
-607.030
-566.667
-560.110
-584.982
-568.602
-571.836
-550.291
-539.607
-570.497
-553.572
-555.541
-539.871
-540.236
-573.791
-552.889
-557.830
-542.780
-543.505
-577.275
-556.692
-558.250
-558.043
-543.168
-575.098
-560.667
-562.543
-521.059
-520.397
-550.511
-534.400
-535.581
-534.885
-506.800
-547.027
-530.058
-531.133
-531.886
-497.214
-532.687
-522.439
-519.895
-507.732
-507.185
-539.640
-528.046
-528.789
-468.327
-440.049
-468.804
-452.947
-452.490
-417.114
-411.837
-444.970
-424.422
-428.334
-429.452
-430.787
-468.581
-450.248
-451.216
-450.415
-451.088
-489.345
-483.329
-479.476
-463.121
-464.711
-489.862
-473.609
-472.026
-466.136
-453.892
-482.608
-470.358
-471.399
-472.918
-434.660
-465.435
-448.365
-450.084
-441.333
-444.378
-437.667
-420.152
-423.471
-415.467
-272.465
-292.486
-268.569
-269.075
-236.461
-158.935
-182.252
-159.431
-159.283
-159.308
-156.800
-768.259
-765.151
-766.603
-766.669
-766.351
-792.392
-788.678
-790.636
-788.902
-790.542
-816.902
-813.512
-794.627
-795.889
-796.015
-817.809
-812.580
-811.557
-812.898
-815.051
-837.509
-832.663
-834.556
-832.153
-833.667
-857.845
-852.876
-849.901
-852.351
-853.012
-876.191
-873.090
-865.540
-867.621
-866.147
-890.862
-886.939
-886.427
-886.050
-886.043
-911.429
-906.462
-890.472
-890.430
-889.918
-910.904
-907.364
-907.199
-906.764
-907.171
-931.543
-928.008
-928.695
-929.153
-928.705
-953.554
-949.493
-916.558
-916.935
-916.921
-937.470
-933.615
-914.497
-907.891
-907.805
-929.752
-925.218
-925.091
-924.293
-923.363
-951.524
-943.308
-946.054
-946.335
-945.441
-970.357
-966.177
-966.324
-968.904
-958.637
-982.423
-977.655
-961.084
-957.111
-951.834
-970.362
-963.381
-965.157
-964.083
-960.235
-985.721
-981.028
-975.068
-973.819
-974.236
-998.892
-994.910
-995.053
-990.281
-972.593
-998.048
-994.781
-973.116
-968.380
-959.832
-986.455
-982.949
-965.319
-964.874
-964.340
-986.307
-983.254
-967.844
-963.397
-962.191
-984.368
-981.882
-963.865
-950.299
-939.269
-967.870
-962.897
-963.051
-962.319
-962.591
-985.735
-980.480
-982.093
-981.801
-983.105
-1005.158
-1002.267
-1000.915
-997.774
-984.430
-1013.097
-1009.548
-985.147
-979.498
-966.248
-992.402
-987.836
-979.793
-959.103
-906.177
-932.605
-928.082
-911.822
-911.477
-911.182
-931.762
-930.418
-928.427
-909.690
-910.948
-931.599
-925.467
-927.241
-930.029
-928.661
-953.978
-950.474
-928.047
-927.234
-928.224
-949.443
-944.998
-945.262
-914.686
-913.896
-936.911
-933.665
-914.210
-915.397
-914.644
-937.601
-933.398
-932.950
-918.664
-920.621
-945.034
-939.651
-939.248
-940.436
-935.370
-960.352
-954.310
-948.016
-939.357
-940.613
-967.317
-963.230
-931.572
-931.778
-932.249
-954.992
-949.418
-950.269
-907.573
-912.618
-939.848
-936.109
-918.894
-916.879
-917.962
-940.522
-936.948
-917.636
-918.642
-917.713
-939.157
-934.205
-917.217
-917.829
-917.491
-940.102
-935.844
-935.256
-930.472
-932.008
-956.907
-953.643
-932.638
-906.077
-906.602
-929.891
-925.144
-907.033
-907.581
-907.917
-929.613
-927.760
-909.665
-910.024
-904.420
-929.296
-923.277
-922.659
-922.534
-922.074
-945.774
-942.723
-929.409
-929.907
-930.128
-949.574
-947.798
-918.135
-918.180
-919.858
-768.259
-752.874
-754.169
-742.147
-727.578
-764.487
-748.298
-740.393
-743.406
-743.225
-773.611
-758.123
-728.617
-729.976
-729.126
-760.701
-746.882
-749.127
-745.613
-748.244
-785.656
-770.119
-764.694
-764.707
-766.611
-796.117
-779.356
-779.286
-782.128
-783.112
-818.247
-802.801
-783.637
-784.416
-784.014
-814.108
-797.309
-797.772
-798.129
-797.042
-831.550
-817.268
-808.456
-807.615
-801.819
-832.383
-814.227
-813.963
-815.911
-814.569
-848.291
-833.357
-833.321
-833.040
-832.866
-868.009
-853.465
-819.302
-808.701
-810.367
-839.166
-829.518
-822.628
-807.349
-807.335
-833.603
-819.223
-821.607
-824.833
-824.203
-862.315
-843.685
-844.500
-845.060
-844.483
-876.674
-863.899
-864.490
-866.515
-864.588
-900.944
-885.081
-869.917
-866.304
-865.849
-895.765
-878.837
-879.760
-872.341
-871.739
-909.535
-893.052
-893.999
-896.096
-894.404
-930.111
-919.115
-905.622
-904.628
-906.570
-930.469
-916.080
-915.843
-914.965
-917.513
-950.779
-934.924
-929.650
-927.519
-923.629
-957.006
-944.091
-924.116
-894.432
-895.975
-922.397
-905.141
-906.127
-906.800
-907.380
-942.579
-924.212
-926.487
-925.655
-920.945
-953.997
-939.195
-920.211
-923.209
-902.202
-936.650
-922.396
-891.095
-858.655
-856.184
-891.953
-878.404
-877.009
-878.844
-854.703
-889.688
-875.328
-870.759
-868.197
-868.239
-902.104
-886.630
-854.050
-855.670
-838.298
-866.757
-854.655
-841.134
-843.009
-843.582
-873.858
-860.960
-853.158
-854.761
-854.612
-886.455
-871.742
-871.697
-861.210
-838.392
-868.834
-854.830
-841.311
-840.832
-837.084
-867.183
-852.826
-855.799
-822.558
-822.576
-854.268
-838.888
-833.644
-807.166
-809.262
-841.489
-821.626
-821.167
-820.866
-822.288
-854.933
-838.082
-834.433
-798.770
-772.620
-802.989
-786.086
-787.186
-780.464
-760.019
-795.669
-783.282
-775.251
-746.828
-680.745
-706.372
-688.794
-689.559
-691.418
-692.320
-723.500
-708.642
-673.093
-673.119
-675.474
-704.013
-689.900
-690.635
-656.296
-655.605
-688.774
-674.827
-674.617
-671.956
-665.724
-700.004
-687.990
-667.487
-641.001
-640.393
-672.917
-658.869
-654.540
-650.919
-650.227
-681.062
-665.054
-660.695
-666.352
-650.957
-685.121
-669.905
-674.301
-671.862
-672.744
-707.517
-692.148
-693.838
-685.957
-686.113
-719.739
-701.350
-705.222
-706.777
-704.870
-768.722
-766.181
-765.446
-765.746
-766.697
-794.042
-788.389
-788.072
-787.593
-788.719
-812.727
-810.443
-803.855
-791.043
-791.397
-812.941
-810.043
-808.522
-807.399
-809.658
-836.674
-834.051
-832.562
-809.336
-810.504
-831.239
-828.900
-828.678
-809.581
-810.201
-833.443
-828.491
-812.014
-811.320
-811.317
-833.529
-827.205
-829.655
-829.611
-831.272
-856.925
-849.563
-851.654
-850.926
-851.598
-876.277
-868.992
-868.427
-868.210
-871.118
-894.733
-889.132
-872.465
-871.398
-871.327
-893.012
-890.274
-872.602
-864.794
-865.552
-889.004
-885.194
-881.033
-867.140
-867.849
-887.763
-881.518
-883.246
-883.702
-884.481
-906.368
-901.312
-900.308
-902.142
-876.811
-900.073
-897.954
-890.502
-873.636
-872.624
-897.295
-894.402
-876.559
-874.926
-863.236
-884.037
-882.809
-863.440
-856.600
-857.704
-879.577
-876.704
-858.590
-858.023
-859.271
-880.309
-876.529
-859.463
-858.809
-859.010
-878.022
-875.405
-872.239
-857.774
-857.941
-879.337
-873.676
-853.945
-851.603
-850.861
-873.839
-872.127
-873.105
-853.885
-853.298
-873.381
-872.401
-851.653
-852.299
-853.450
-876.373
-873.481
-851.969
-852.735
-853.148
-875.393
-870.406
-869.779
-869.945
-869.691
-893.742
-891.261
-883.289
-872.261
-870.180
-894.059
-892.275
-885.634
-873.732
-872.530
-895.240
-892.248
-874.413
-874.955
-874.828
-898.456
-894.918
-894.588
-857.460
-856.892
-878.778
-874.816
-868.890
-857.374
-856.647
-878.901
-875.581
-855.707
-855.854
-856.937
-879.914
-874.202
-870.880
-857.458
-858.107
-879.271
-875.398
-876.343
-857.496
-858.431
-880.264
-874.583
-874.857
-857.669
-859.574
-882.904
-880.956
-862.140
-861.221
-860.853
-883.245
-880.624
-860.850
-861.223
-860.689
-884.084
-879.332
-869.926
-862.074
-862.160
-885.438
-878.379
-880.059
-878.058
-874.721
-878.131
-874.067
-871.439
-872.571
-871.759
-896.989
-889.422
-891.882
-846.714
-830.006
-852.097
-850.112
-825.374
-825.693
-825.430
-846.240
-843.323
-824.004
-825.326
-825.134
-847.904
-843.447
-827.623
-826.126
-826.166
-847.976
-846.054
-846.682
-827.630
-826.416
-847.294
-842.747
-841.937
-843.527
-842.697
-867.679
-863.299
-862.843
-862.509
-847.713
-871.332
-869.393
-846.368
-824.459
-823.443
-846.266
-841.759
-839.259
-839.281
-831.934
-856.966
-844.621
-850.736
-849.145
-803.157
-768.722
-756.623
-755.106
-756.808
-759.267
-798.938
-785.607
-772.352
-772.753
-773.863
-802.743
-783.770
-786.506
-777.685
-780.887
-815.871
-801.947
-789.892
-791.695
-791.147
-824.884
-815.913
-796.081
-796.695
-796.651
-825.491
-808.191
-807.548
-808.847
-810.077
-846.128
-826.812
-825.309
-826.802
-783.740
-817.229
-800.592
-800.037
-800.261
-799.873
-836.499
-818.210
-820.789
-819.142
-802.688
-836.476
-820.755
-820.840
-820.406
-812.165
-843.594
-836.179
-817.995
-815.342
-818.745
-844.011
-828.371
-828.108
-831.505
-816.715
-854.751
-846.141
-830.888
-824.168
-826.115
-850.965
-831.609
-835.588
-833.964
-835.209
-868.564
-851.921
-850.861
-851.832
-852.556
-886.992
-871.396
-841.682
-824.665
-824.253
-857.080
-840.549
-841.583
-820.961
-811.872
-840.185
-826.987
-823.675
-774.639
-749.083
-776.063
-764.332
-759.497
-762.191
-754.892
-788.633
-780.425
-762.858
-763.247
-762.687
-789.937
-774.319
-767.079
-760.388
-761.364
-790.214
-775.419
-776.034
-767.984
-771.827
-806.580
-801.444
-783.823
-784.836
-783.062
-807.377
-787.352
-789.991
-788.242
-790.269
-824.349
-806.670
-804.772
-782.103
-773.538
-806.509
-787.914
-784.812
-785.565
-786.915
-820.433
-812.297
-800.398
-785.377
-785.628
-815.757
-802.531
-803.645
-777.471
-779.399
-813.239
-798.486
-798.767
-796.839
-781.079
-798.372
-784.057
-760.589
-747.137
-746.531
-772.242
-757.225
-759.305
-752.261
-751.854
-785.883
-774.267
-750.758
-751.694
-752.822
-782.548
-767.079
-750.629
-743.972
-742.612
-777.555
-761.616
-761.494
-752.081
-734.024
-765.014
-744.016
-747.020
-749.214
-748.669
-783.304
-775.309
-751.815
-753.279
-753.481
-779.027
-766.269
-763.421
-761.211
-763.548
-799.982
-784.864
-767.417
-749.660
-749.878
-780.809
-765.692
-767.736
-766.590
-769.675
-803.994
-791.928
-788.696
-753.879
-754.674
-786.631
-773.550
-751.804
-694.566
-692.916
-721.075
-706.067
-698.540
-689.491
-688.884
-720.080
-704.662
-703.637
-704.933
-706.332
-738.196
-727.584
-712.694
-710.708
-711.709
-739.501
-728.076
-730.065
-702.080
-702.661
-727.076
-708.670
-709.546
-710.871
-711.926
-744.152
-729.071
-729.277
-722.768
-716.490
-752.410
-737.454
-736.742
-687.881
-692.058
-718.413
-704.723
-707.769
-622.249
-597.238
-626.927
-610.297
-610.806
-613.744
-610.741
