CF 10 1 0 -759.703 101
CF 10 1 1 -757.373 101
CF 10 1 2 -757.871 101
CF 10 1 3 -757.664 101
CF 10 1 4 -757.082 101
CF 10 2 0 -772.780 103
CF 10 2 1 -766.992 103
CF 10 2 2 -769.974 103
CF 10 2 3 -769.399 103
CF 10 2 4 -768.336 103
CF 10 3 0 -786.521 105
CF 10 3 1 -785.699 105
CF 10 3 2 -784.143 105
CF 10 3 3 -776.555 103
CF 10 3 4 -776.530 103
CF 10 4 0 -789.191 105
CF 10 4 1 -782.957 105
CF 10 4 2 -785.420 105
CF 10 4 3 -782.998 105
CF 10 4 4 -785.822 105
CF 10 5 0 -798.649 107
CF 10 5 1 -794.299 107
CF 10 5 2 -789.926 107
CF 10 5 3 -788.824 107
CF 10 5 4 -788.865 107
CF 10 6 0 -802.901 109
CF 10 6 1 -802.828 109
CF 10 6 2 -811.535 109
CF 10 6 3 -809.798 109
CF 10 6 4 -811.794 109
CF 10 7 0 -833.977 111
CF 10 7 1 -830.051 111
CF 10 7 2 -831.898 111
CF 10 7 3 -830.442 111
CF 10 7 4 -829.892 111
CF 10 8 0 -846.033 113
CF 10 8 1 -843.236 113
CF 10 8 2 -842.964 113
CF 10 8 3 -843.482 113
CF 10 8 4 -843.864 113
CF 10 9 0 -858.866 115
CF 10 9 1 -847.131 115
CF 10 9 2 -847.992 115
CF 10 9 3 -851.660 115
CF 10 9 4 -849.778 115
CF 10 10 0 -864.250 117
CF 10 10 1 -863.827 117
CF 10 10 2 -860.189 117
CF 10 10 3 -863.903 117
CF 10 10 4 -864.399 117
CF 10 11 0 -881.335 119
CF 10 11 1 -876.032 119
CF 10 11 2 -872.660 119
CF 10 11 3 -874.843 119
CF 10 11 4 -876.496 119
CF 10 12 0 -889.944 121
CF 10 12 1 -888.262 121
CF 10 12 2 -883.837 121
CF 10 12 3 -887.562 121
CF 10 12 4 -888.132 121
CF 10 13 0 -902.610 123
CF 10 13 1 -901.001 123
CF 10 13 2 -900.684 123
CF 10 13 3 -898.351 123
CF 10 13 4 -900.261 123
CF 10 14 0 -913.306 125
CF 10 14 1 -908.927 125
CF 10 14 2 -902.450 123
CF 10 14 3 -903.254 123
CF 10 14 4 -903.534 123
CF 10 15 0 -917.043 125
CF 10 15 1 -914.405 125
CF 10 15 2 -915.303 125
CF 10 15 3 -915.327 125
CF 10 15 4 -915.407 125
CF 10 16 0 -929.859 127
CF 10 16 1 -923.501 127
CF 10 16 2 -926.616 127
CF 10 16 3 -925.715 127
CF 10 16 4 -925.565 127
CF 10 17 0 -941.716 129
CF 10 17 1 -936.426 129
CF 10 17 2 -936.611 129
CF 10 17 3 -937.653 129
CF 10 17 4 -938.604 129
CF 10 18 0 -948.436 130
CF 10 18 1 -945.726 130
CF 10 18 2 -946.568 130
CF 10 18 3 -947.297 130
CF 10 18 4 -948.060 130
CF 10 19 0 -962.167 132
CF 10 19 1 -956.680 132
CF 10 19 2 -953.001 131
CF 10 19 3 -956.005 131
CF 10 19 4 -954.766 131
CF 10 20 0 -973.385 133
CF 10 20 1 -971.148 133
CF 10 20 2 -974.801 133
CF 10 20 3 -970.936 133
CF 10 20 4 -973.942 133
CF 10 21 0 -988.751 135
CF 10 21 1 -984.141 135
CF 10 21 2 -985.402 135
CF 10 21 3 -956.659 131
CF 10 21 4 -956.640 131
CF 10 22 0 -972.118 133
CF 10 22 1 -967.165 133
CF 10 22 2 -965.583 133
CF 10 22 3 -964.892 133
CF 10 22 4 -960.529 132
CF 10 23 0 -969.385 133
CF 10 23 1 -966.066 133
CF 10 23 2 -969.113 133
CF 10 23 3 -964.379 132
CF 10 23 4 -939.667 127
CF 10 24 0 -956.688 129
CF 10 24 1 -952.122 129
CF 10 24 2 -944.150 127
CF 10 24 3 -943.228 127
CF 10 24 4 -945.251 127
CF 10 25 0 -956.624 129
CF 10 25 1 -952.034 129
CF 10 25 2 -946.069 129
CF 10 25 3 -949.172 129
CF 10 25 4 -948.947 129
CF 10 26 0 -963.828 131
CF 10 26 1 -955.769 131
CF 10 26 2 -956.656 130
CF 10 26 3 -949.908 129
CF 10 26 4 -950.943 129
CF 10 27 0 -965.582 131
CF 10 27 1 -961.938 131
CF 10 27 2 -963.870 131
CF 10 27 3 -960.708 131
CF 10 27 4 -963.275 131
CF 10 28 0 -975.532 133
CF 10 28 1 -971.460 133
CF 10 28 2 -963.408 131
CF 10 28 3 -963.453 131
CF 10 28 4 -962.691 131
CF 10 29 0 -976.076 133
CF 10 29 1 -976.359 133
CF 10 29 2 -975.103 133
CF 10 29 3 -960.660 130
CF 10 29 4 -961.116 130
CF 10 30 0 -974.842 132
CF 10 30 1 -975.623 132
CF 10 30 2 -977.940 132
CF 10 30 3 -976.034 132
CF 10 30 4 -976.911 132
CF 10 31 0 -994.540 134
CF 10 31 1 -988.625 134
CF 10 31 2 -994.843 134
CF 10 31 3 -989.962 134
CF 10 31 4 -992.270 134
CF 10 32 0 -1008.776 136
CF 10 32 1 -1004.804 136
CF 10 32 2 -985.591 134
CF 10 32 3 -988.908 134
CF 10 32 4 -986.654 134
CF 10 33 0 -1002.672 136
CF 10 33 1 -1001.199 136
CF 10 33 2 -1001.180 136
CF 10 33 3 -1002.069 136
CF 10 33 4 -1001.168 136
CF 10 34 0 -1015.777 138
CF 10 34 1 -1012.401 138
CF 10 34 2 -1008.641 137
CF 10 34 3 -1007.960 137
CF 10 34 4 -1009.152 137
CF 10 35 0 -1022.211 139
CF 10 35 1 -1020.003 139
CF 10 35 2 -1005.648 137
CF 10 35 3 -1006.008 137
CF 10 35 4 -1006.117 137
CF 10 36 0 -1023.380 139
CF 10 36 1 -1019.299 139
CF 10 36 2 -1020.233 139
CF 10 36 3 -1011.750 138
CF 10 36 4 -1008.765 137
CF 10 37 0 -1023.636 139
CF 10 37 1 -1018.117 139
CF 10 37 2 -1020.382 139
CF 10 37 3 -1019.795 139
CF 10 37 4 -1018.796 139
CF 10 38 0 -1033.737 141
CF 10 38 1 -1029.251 141
CF 10 38 2 -1026.918 141
CF 10 38 3 -1002.111 136
CF 10 38 4 -1000.886 136
CF 10 39 0 -1014.758 138
CF 10 39 1 -1009.853 138
CF 10 39 2 -1010.179 138
CF 10 39 3 -1001.905 136
CF 10 39 4 -1002.562 136
CF 10 40 0 -1015.544 138
CF 10 40 1 -1009.783 138
CF 10 40 2 -1001.151 136
CF 10 40 3 -1000.826 136
CF 10 40 4 -1001.912 136
CF 10 41 0 -1013.985 138
CF 10 41 1 -1010.885 138
CF 10 41 2 -1006.836 137
CF 10 41 3 -1009.054 137
CF 10 41 4 -1010.819 137
CF 10 42 0 -1023.149 139
CF 10 42 1 -1021.421 139
CF 10 42 2 -1021.274 139
CF 10 42 3 -1007.192 137
CF 10 42 4 -998.203 135
CF 10 43 0 -1014.291 137
CF 10 43 1 -1009.171 137
CF 10 43 2 -1008.552 137
CF 10 43 3 -1009.414 137
CF 10 43 4 -1011.897 137
CF 10 44 0 -1025.035 139
CF 10 44 1 -1022.805 139
CF 10 44 2 -1015.412 137
CF 10 44 3 -1015.807 137
CF 10 44 4 -1015.705 137
CF 10 45 0 -1024.532 139
CF 10 45 1 -1023.449 139
CF 10 45 2 -1015.322 137
CF 10 45 3 -1014.485 137
CF 10 45 4 -1016.946 137
CF 10 46 0 -1024.427 139
CF 10 46 1 -1025.283 139
CF 10 46 2 -1025.569 139
CF 10 46 3 -1023.090 139
CF 10 46 4 -1026.141 139
CF 10 47 0 -1036.640 141
CF 10 47 1 -1039.586 141
CF 10 47 2 -1038.929 141
CF 10 47 3 -1037.736 141
CF 10 47 4 -1036.612 141
CF 10 48 0 -1054.010 143
CF 10 48 1 -1048.576 143
CF 10 48 2 -1050.617 143
CF 10 48 3 -1043.665 142
CF 10 48 4 -1043.928 142
CF 10 49 0 -1056.199 144
CF 10 49 1 -1052.039 144
CF 10 49 2 -1045.860 142
CF 10 49 3 -1048.187 142
CF 10 49 4 -1048.480 142
CF 10 50 0 -1060.551 144
CF 10 50 1 -1053.601 144
CF 10 50 2 -1055.080 144
CF 10 50 3 -1053.104 144
CF 10 50 4 -1055.962 144
CF 30 1 0 -759.701 101
CF 30 1 1 -744.746 101
CF 30 1 2 -744.911 101
CF 30 1 3 -746.681 101
CF 30 1 4 -746.708 101
CF 30 2 0 -775.622 103
CF 30 2 1 -761.296 103
CF 30 2 2 -764.744 103
CF 30 2 3 -752.333 101
CF 30 2 4 -750.836 101
CF 30 3 0 -768.076 103
CF 30 3 1 -757.834 103
CF 30 3 2 -756.961 103
CF 30 3 3 -756.193 103
CF 30 3 4 -759.165 103
CF 30 4 0 -791.193 105
CF 30 4 1 -776.579 105
CF 30 4 2 -777.738 105
CF 30 4 3 -777.715 105
CF 30 4 4 -778.993 105
CF 30 5 0 -805.084 107
CF 30 5 1 -788.978 107
CF 30 5 2 -788.116 107
CF 30 5 3 -790.593 107
CF 30 5 4 -791.148 107
CF 30 6 0 -816.303 109
CF 30 6 1 -801.399 109
CF 30 6 2 -798.923 109
CF 30 6 3 -798.040 109
CF 30 6 4 -799.151 109
CF 30 7 0 -824.058 111
CF 30 7 1 -809.198 111
CF 30 7 2 -814.446 111
CF 30 7 3 -813.525 111
CF 30 7 4 -795.275 109
CF 30 8 0 -823.661 111
CF 30 8 1 -804.861 111
CF 30 8 2 -810.153 111
CF 30 8 3 -804.819 111
CF 30 8 4 -808.030 111
CF 30 9 0 -834.516 113
CF 30 9 1 -820.974 113
CF 30 9 2 -821.770 113
CF 30 9 3 -807.841 111
CF 30 9 4 -811.070 111
CF 30 10 0 -834.525 113
CF 30 10 1 -815.908 113
CF 30 10 2 -813.956 112
CF 30 10 3 -814.045 112
CF 30 10 4 -814.233 112
CF 30 11 0 -840.126 114
CF 30 11 1 -824.725 114
CF 30 11 2 -827.473 114
CF 30 11 3 -811.966 113
CF 30 11 4 -810.938 113
CF 30 12 0 -839.298 115
CF 30 12 1 -821.062 115
CF 30 12 2 -826.473 115
CF 30 12 3 -822.805 115
CF 30 12 4 -825.677 115
CF 30 13 0 -852.871 117
CF 30 13 1 -837.198 117
CF 30 13 2 -833.009 117
CF 30 13 3 -823.879 115
CF 30 13 4 -823.443 115
CF 30 14 0 -846.454 117
CF 30 14 1 -832.071 117
CF 30 14 2 -826.530 116
CF 30 14 3 -829.862 116
CF 30 14 4 -829.516 116
CF 30 15 0 -858.805 118
CF 30 15 1 -842.991 118
CF 30 15 2 -843.067 118
CF 30 15 3 -842.161 118
CF 30 15 4 -840.411 118
CF 30 16 0 -870.365 120
CF 30 16 1 -854.430 120
CF 30 16 2 -844.014 118
CF 30 16 3 -845.981 118
CF 30 16 4 -834.454 117
CF 30 17 0 -859.652 119
CF 30 17 1 -842.326 119
CF 30 17 2 -844.117 119
CF 30 17 3 -823.265 116
CF 30 17 4 -812.850 115
CF 30 18 0 -837.636 117
CF 30 18 1 -820.895 117
CF 30 18 2 -823.470 117
CF 30 18 3 -811.348 116
CF 30 18 4 -807.584 115
CF 30 19 0 -835.580 117
CF 30 19 1 -820.638 117
CF 30 19 2 -819.363 117
CF 30 19 3 -824.817 117
CF 30 19 4 -804.355 113
CF 30 20 0 -828.962 115
CF 30 20 1 -814.232 115
CF 30 20 2 -814.370 115
CF 30 20 3 -793.142 111
CF 30 20 4 -791.582 111
CF 30 21 0 -810.478 113
CF 30 21 1 -802.118 113
CF 30 21 2 -787.724 110
CF 30 21 3 -787.691 110
CF 30 21 4 -786.890 110
CF 30 22 0 -804.802 112
CF 30 22 1 -791.102 112
CF 30 22 2 -793.055 112
CF 30 22 3 -790.049 112
CF 30 22 4 -791.910 112
CF 30 23 0 -825.399 114
CF 30 23 1 -810.306 114
CF 30 23 2 -791.944 110
CF 30 23 3 -789.469 110
CF 30 23 4 -794.316 110
CF 30 24 0 -813.405 112
CF 30 24 1 -798.320 112
CF 30 24 2 -796.540 112
CF 30 24 3 -796.010 112
CF 30 24 4 -798.632 112
CF 30 25 0 -823.900 114
CF 30 25 1 -809.051 114
CF 30 25 2 -810.068 114
CF 30 25 3 -808.953 114
CF 30 25 4 -810.637 114
CF 30 26 0 -838.096 116
CF 30 26 1 -820.253 116
CF 30 26 2 -818.754 115
CF 30 26 3 -820.967 115
CF 30 26 4 -819.648 115
CF 30 27 0 -843.174 117
CF 30 27 1 -826.425 117
CF 30 27 2 -828.299 117
CF 30 27 3 -794.506 113
CF 30 27 4 -791.923 111
CF 30 28 0 -816.176 113
CF 30 28 1 -797.566 113
CF 30 28 2 -788.752 112
CF 30 28 3 -775.977 110
CF 30 28 4 -780.291 110
CF 30 29 0 -807.411 112
CF 30 29 1 -792.279 112
CF 30 29 2 -794.719 112
CF 30 29 3 -794.202 112
CF 30 29 4 -790.572 112
CF 30 30 0 -819.994 114
CF 30 30 1 -802.171 114
CF 30 30 2 -795.502 113
CF 30 30 3 -779.666 110
CF 30 30 4 -780.837 109
CF 30 31 0 -802.429 111
CF 30 31 1 -789.902 111
CF 30 31 2 -786.249 111
CF 30 31 3 -769.650 108
CF 30 31 4 -768.892 108
CF 30 32 0 -786.296 110
CF 30 32 1 -770.453 110
CF 30 32 2 -769.345 110
CF 30 32 3 -773.676 110
CF 30 32 4 -776.081 110
CF 30 33 0 -803.602 112
CF 30 33 1 -784.614 112
CF 30 33 2 -792.022 112
CF 30 33 3 -789.781 112
CF 30 33 4 -790.049 112
CF 30 34 0 -818.387 114
CF 30 34 1 -801.987 114
CF 30 34 2 -785.876 111
CF 30 34 3 -777.072 109
CF 30 34 4 -776.254 109
CF 30 35 0 -796.449 111
CF 30 35 1 -781.876 111
CF 30 35 2 -784.107 111
CF 30 35 3 -739.891 105
CF 30 35 4 -740.873 105
CF 30 36 0 -765.906 107
CF 30 36 1 -749.481 107
CF 30 36 2 -745.538 106
CF 30 36 3 -723.437 102
CF 30 36 4 -671.443 94
CF 30 37 0 -682.295 94
CF 30 37 1 -661.603 94
CF 30 37 2 -664.228 94
CF 30 37 3 -664.497 94
CF 30 37 4 -666.259 94
CF 30 38 0 -690.788 96
CF 30 38 1 -674.888 96
CF 30 38 2 -669.069 95
CF 30 38 3 -671.200 95
CF 30 38 4 -671.806 95
CF 30 39 0 -696.705 97
CF 30 39 1 -680.713 97
CF 30 39 2 -680.972 97
CF 30 39 3 -679.065 97
CF 30 39 4 -678.711 97
CF 30 40 0 -707.304 99
CF 30 40 1 -696.736 99
CF 30 40 2 -687.918 97
CF 30 40 3 -688.060 97
CF 30 40 4 -686.021 97
CF 30 41 0 -710.368 99
CF 30 41 1 -692.158 99
CF 30 41 2 -695.583 99
CF 30 41 3 -694.422 99
CF 30 41 4 -693.059 99
CF 30 42 0 -717.213 101
CF 30 42 1 -704.343 101
CF 30 42 2 -706.265 101
CF 30 42 3 -649.904 92
CF 30 42 4 -623.090 87
CF 30 43 0 -640.543 89
CF 30 43 1 -619.326 88
CF 30 43 2 -618.598 88
CF 30 43 3 -619.804 88
CF 30 43 4 -620.273 88
CF 30 44 0 -646.099 90
CF 30 44 1 -631.117 90
CF 30 44 2 -624.181 89
CF 30 44 3 -620.808 88
CF 30 44 4 -615.807 88
CF 30 45 0 -637.230 90
CF 30 45 1 -631.399 90
CF 30 45 2 -612.303 88
CF 30 45 3 -585.454 84
CF 30 45 4 -562.687 79
CF 30 46 0 -581.980 81
CF 30 46 1 -565.864 81
CF 30 46 2 -563.203 81
CF 30 46 3 -566.943 81
CF 30 46 4 -566.291 81
CF 30 47 0 -585.857 83
CF 30 47 1 -566.831 83
CF 30 47 2 -567.846 83
CF 30 47 3 -559.733 82
CF 30 47 4 -564.389 82
CF 30 48 0 -586.628 84
CF 30 48 1 -574.876 84
CF 30 48 2 -576.837 84
CF 30 48 3 -552.566 80
CF 30 48 4 -509.782 73
CF 30 49 0 -530.278 75
CF 30 49 1 -518.289 75
CF 30 49 2 -515.945 75
CF 30 49 3 -517.465 75
CF 30 49 4 -517.363 75
CF 30 50 0 -544.603 77
CF 30 50 1 -526.528 77
CF 30 50 2 -526.374 77
CF 30 50 3 -528.174 77
CF 30 50 4 -526.753 77
CF3 10 1 0 -771.012 103
CF3 10 1 1 -763.988 103
CF3 10 1 2 -771.915 103
CF3 10 1 3 -771.065 103
CF3 10 1 4 -770.994 103
CF3 10 2 0 -800.466 107
CF3 10 2 1 -794.916 107
CF3 10 2 2 -795.527 107
CF3 10 2 3 -796.951 107
CF3 10 2 4 -771.624 102
CF3 10 3 0 -794.554 106
CF3 10 3 1 -791.876 106
CF3 10 3 2 -785.126 105
CF3 10 3 3 -777.711 103
CF3 10 3 4 -776.799 103
CF3 10 4 0 -800.374 107
CF3 10 4 1 -795.552 107
CF3 10 4 2 -795.140 107
CF3 10 4 3 -781.539 104
CF3 10 4 4 -781.475 104
CF3 10 5 0 -803.703 108
CF3 10 5 1 -797.213 108
CF3 10 5 2 -800.578 108
CF3 10 5 3 -785.124 105
CF3 10 5 4 -786.225 105
CF3 10 6 0 -808.377 109
CF3 10 6 1 -801.699 109
CF3 10 6 2 -802.315 109
CF3 10 6 3 -806.585 109
CF3 10 6 4 -788.791 107
CF3 10 7 0 -818.441 111
CF3 10 7 1 -812.810 111
CF3 10 7 2 -813.298 111
CF3 10 7 3 -812.777 111
CF3 10 7 4 -794.940 107
CF3 10 8 0 -818.673 111
CF3 10 8 1 -812.953 111
CF3 10 8 2 -813.601 111
CF3 10 8 3 -799.536 108
CF3 10 8 4 -799.019 108
CF3 10 9 0 -822.994 112
CF3 10 9 1 -819.678 112
CF3 10 9 2 -820.520 112
CF3 10 9 3 -796.064 107
CF3 10 9 4 -795.903 107
CF3 10 10 0 -818.391 111
CF3 10 10 1 -813.314 111
CF3 10 10 2 -800.670 109
CF3 10 10 3 -800.957 108
CF3 10 10 4 -802.093 108
CF3 10 11 0 -824.136 112
CF3 10 11 1 -818.661 112
CF3 10 11 2 -818.340 112
CF3 10 11 3 -819.442 112
CF3 10 11 4 -817.978 112
CF3 10 12 0 -844.337 116
CF3 10 12 1 -838.554 116
CF3 10 12 2 -826.144 114
CF3 10 12 3 -809.989 111
CF3 10 12 4 -813.249 111
CF3 10 13 0 -837.675 115
CF3 10 13 1 -832.637 115
CF3 10 13 2 -825.295 113
CF3 10 13 3 -811.865 110
CF3 10 13 4 -811.835 110
CF3 10 14 0 -835.868 114
CF3 10 14 1 -827.138 114
CF3 10 14 2 -826.985 114
CF3 10 14 3 -827.155 114
CF3 10 14 4 -829.595 114
CF3 10 15 0 -851.950 118
CF3 10 15 1 -847.402 118
CF3 10 15 2 -847.808 118
CF3 10 15 3 -829.521 114
CF3 10 15 4 -829.436 114
CF3 10 16 0 -851.587 118
CF3 10 16 1 -847.751 118
CF3 10 16 2 -849.964 118
CF3 10 16 3 -829.125 114
CF3 10 16 4 -826.606 114
CF3 10 17 0 -853.061 118
CF3 10 17 1 -848.278 118
CF3 10 17 2 -846.804 118
CF3 10 17 3 -843.736 118
CF3 10 17 4 -823.432 114
CF3 10 18 0 -842.448 116
CF3 10 18 1 -835.589 116
CF3 10 18 2 -837.148 116
CF3 10 18 3 -837.420 116
CF3 10 18 4 -818.092 113
CF3 10 19 0 -844.044 117
CF3 10 19 1 -840.377 117
CF3 10 19 2 -817.122 114
CF3 10 19 3 -809.142 112
CF3 10 19 4 -813.911 112
CF3 10 20 0 -839.796 116
CF3 10 20 1 -837.240 116
CF3 10 20 2 -834.255 115
CF3 10 20 3 -818.933 112
CF3 10 20 4 -787.395 107
CF3 10 21 0 -794.334 108
CF3 10 21 1 -788.534 108
CF3 10 21 2 -790.493 108
CF3 10 21 3 -770.052 104
CF3 10 21 4 -770.742 104
CF3 10 22 0 -792.574 108
CF3 10 22 1 -787.207 108
CF3 10 22 2 -787.091 108
CF3 10 22 3 -788.473 108
CF3 10 22 4 -787.023 108
CF3 10 23 0 -813.258 112
CF3 10 23 1 -810.820 112
CF3 10 23 2 -810.198 112
CF3 10 23 3 -792.799 108
CF3 10 23 4 -791.628 108
CF3 10 24 0 -812.249 112
CF3 10 24 1 -810.213 112
CF3 10 24 2 -808.150 112
CF3 10 24 3 -804.197 111
CF3 10 24 4 -788.705 108
CF3 10 25 0 -812.416 112
CF3 10 25 1 -800.005 112
CF3 10 25 2 -801.740 112
CF3 10 25 3 -804.883 112
CF3 10 25 4 -806.329 112
CF3 10 26 0 -830.083 116
CF3 10 26 1 -825.687 116
CF3 10 26 2 -826.444 116
CF3 10 26 3 -807.403 112
CF3 10 26 4 -808.448 112
CF3 10 27 0 -831.389 116
CF3 10 27 1 -827.656 116
CF3 10 27 2 -826.100 116
CF3 10 27 3 -809.359 112
CF3 10 27 4 -809.112 112
CF3 10 28 0 -831.805 116
CF3 10 28 1 -827.755 116
CF3 10 28 2 -825.984 116
CF3 10 28 3 -808.767 112
CF3 10 28 4 -803.053 111
CF3 10 29 0 -821.781 114
CF3 10 29 1 -817.376 114
CF3 10 29 2 -809.183 113
CF3 10 29 3 -808.961 112
CF3 10 29 4 -808.391 112
CF3 10 30 0 -833.262 116
CF3 10 30 1 -829.206 116
CF3 10 30 2 -828.547 116
CF3 10 30 3 -809.934 112
CF3 10 30 4 -811.967 112
CF3 10 31 0 -833.604 116
CF3 10 31 1 -832.859 116
CF3 10 31 2 -826.921 115
CF3 10 31 3 -812.699 112
CF3 10 31 4 -813.031 112
CF3 10 32 0 -834.890 116
CF3 10 32 1 -829.381 116
CF3 10 32 2 -828.765 116
CF3 10 32 3 -814.791 113
CF3 10 32 4 -814.337 113
CF3 10 33 0 -837.883 117
CF3 10 33 1 -834.704 117
CF3 10 33 2 -832.054 117
CF3 10 33 3 -828.504 116
CF3 10 33 4 -812.509 113
CF3 10 34 0 -837.018 117
CF3 10 34 1 -832.738 117
CF3 10 34 2 -831.525 117
CF3 10 34 3 -813.548 113
CF3 10 34 4 -813.073 113
CF3 10 35 0 -835.545 117
CF3 10 35 1 -830.934 117
CF3 10 35 2 -831.033 117
CF3 10 35 3 -809.851 113
CF3 10 35 4 -812.201 113
CF3 10 36 0 -834.950 117
CF3 10 36 1 -830.066 117
CF3 10 36 2 -829.573 117
CF3 10 36 3 -811.679 113
CF3 10 36 4 -811.782 113
CF3 10 37 0 -834.734 117
CF3 10 37 1 -829.814 117
CF3 10 37 2 -827.220 117
CF3 10 37 3 -810.143 113
CF3 10 37 4 -810.707 113
CF3 10 38 0 -834.774 117
CF3 10 38 1 -832.332 117
CF3 10 38 2 -830.918 117
CF3 10 38 3 -812.205 113
CF3 10 38 4 -811.479 113
CF3 10 39 0 -833.633 117
CF3 10 39 1 -827.733 117
CF3 10 39 2 -826.341 117
CF3 10 39 3 -826.659 117
CF3 10 39 4 -829.270 117
CF3 10 40 0 -851.147 121
CF3 10 40 1 -847.525 121
CF3 10 40 2 -849.126 121
CF3 10 40 3 -833.341 118
CF3 10 40 4 -805.573 113
CF3 10 41 0 -828.637 117
CF3 10 41 1 -818.214 117
CF3 10 41 2 -824.676 117
CF3 10 41 3 -808.358 114
CF3 10 41 4 -763.154 106
CF3 10 42 0 -785.242 109
CF3 10 42 1 -779.251 109
CF3 10 42 2 -778.709 109
CF3 10 42 3 -779.748 109
CF3 10 42 4 -780.111 109
CF3 10 43 0 -804.248 113
CF3 10 43 1 -800.350 113
CF3 10 43 2 -799.373 113
CF3 10 43 3 -761.968 105
CF3 10 43 4 -761.217 105
CF3 10 44 0 -782.919 109
CF3 10 44 1 -778.260 109
CF3 10 44 2 -777.400 109
CF3 10 44 3 -761.609 105
CF3 10 44 4 -760.545 105
CF3 10 45 0 -783.953 109
CF3 10 45 1 -782.580 109
CF3 10 45 2 -780.785 109
CF3 10 45 3 -763.874 105
CF3 10 45 4 -762.409 105
CF3 10 46 0 -783.294 109
CF3 10 46 1 -779.278 109
CF3 10 46 2 -780.909 109
CF3 10 46 3 -764.067 105
CF3 10 46 4 -764.168 105
CF3 10 47 0 -786.738 109
CF3 10 47 1 -781.336 109
CF3 10 47 2 -782.413 109
CF3 10 47 3 -761.983 105
CF3 10 47 4 -763.751 105
CF3 10 48 0 -786.185 109
CF3 10 48 1 -781.733 109
CF3 10 48 2 -780.401 109
CF3 10 48 3 -761.622 105
CF3 10 48 4 -762.390 105
CF3 10 49 0 -784.965 109
CF3 10 49 1 -781.658 109
CF3 10 49 2 -783.165 109
CF3 10 49 3 -764.259 105
CF3 10 49 4 -763.288 105
CF3 10 50 0 -784.787 109
CF3 10 50 1 -782.079 109
CF3 10 50 2 -762.824 105
CF3 10 50 3 -762.263 105
CF3 10 50 4 -762.649 105
CF3 30 1 0 -771.009 103
CF3 30 1 1 -756.310 103
CF3 30 1 2 -757.144 103
CF3 30 1 3 -757.428 103
CF3 30 1 4 -758.129 103
CF3 30 2 0 -799.571 107
CF3 30 2 1 -781.989 107
CF3 30 2 2 -783.152 107
CF3 30 2 3 -788.378 107
CF3 30 2 4 -784.263 107
CF3 30 3 0 -809.503 110
CF3 30 3 1 -797.101 110
CF3 30 3 2 -799.376 110
CF3 30 3 3 -785.183 108
CF3 30 3 4 -749.394 102
CF3 30 4 0 -784.211 106
CF3 30 4 1 -769.686 106
CF3 30 4 2 -756.658 103
CF3 30 4 3 -758.554 103
CF3 30 4 4 -757.213 103
CF3 30 5 0 -788.740 107
CF3 30 5 1 -770.695 107
CF3 30 5 2 -772.748 107
CF3 30 5 3 -767.132 105
CF3 30 5 4 -764.868 105
CF3 30 6 0 -800.630 109
CF3 30 6 1 -783.852 109
CF3 30 6 2 -784.259 109
CF3 30 6 3 -785.458 109
CF3 30 6 4 -787.569 109
CF3 30 7 0 -823.087 113
CF3 30 7 1 -807.350 113
CF3 30 7 2 -796.255 111
CF3 30 7 3 -787.384 109
CF3 30 7 4 -787.185 109
CF3 30 8 0 -818.863 113
CF3 30 8 1 -798.339 113
CF3 30 8 2 -803.707 113
CF3 30 8 3 -804.839 113
CF3 30 8 4 -802.027 113
CF3 30 9 0 -837.904 117
CF3 30 9 1 -819.750 117
CF3 30 9 2 -818.340 117
CF3 30 9 3 -783.510 112
CF3 30 9 4 -768.471 109
CF3 30 10 0 -802.938 113
CF3 30 10 1 -789.758 113
CF3 30 10 2 -773.215 110
CF3 30 10 3 -777.806 110
CF3 30 10 4 -779.262 110
CF3 30 11 0 -812.612 114
CF3 30 11 1 -794.918 114
CF3 30 11 2 -792.176 114
CF3 30 11 3 -772.752 110
CF3 30 11 4 -777.265 110
CF3 30 12 0 -810.970 114
CF3 30 12 1 -792.763 114
CF3 30 12 2 -788.805 114
CF3 30 12 3 -791.597 114
CF3 30 12 4 -791.488 114
CF3 30 13 0 -830.583 118
CF3 30 13 1 -821.059 118
CF3 30 13 2 -806.334 114
CF3 30 13 3 -804.381 114
CF3 30 13 4 -777.991 109
CF3 30 14 0 -801.403 113
CF3 30 14 1 -786.133 113
CF3 30 14 2 -771.601 110
CF3 30 14 3 -757.677 107
CF3 30 14 4 -734.036 102
CF3 30 15 0 -762.693 106
CF3 30 15 1 -744.463 106
CF3 30 15 2 -739.915 106
CF3 30 15 3 -746.300 106
CF3 30 15 4 -741.851 106
CF3 30 16 0 -780.983 110
CF3 30 16 1 -764.118 110
CF3 30 16 2 -760.776 110
CF3 30 16 3 -760.248 110
CF3 30 16 4 -729.526 104
CF3 30 17 0 -762.816 108
CF3 30 17 1 -747.821 108
CF3 30 17 2 -736.354 106
CF3 30 17 3 -725.751 103
CF3 30 17 4 -726.755 103
CF3 30 18 0 -758.020 107
CF3 30 18 1 -745.648 107
CF3 30 18 2 -735.500 104
CF3 30 18 3 -732.253 104
CF3 30 18 4 -734.080 104
CF3 30 19 0 -767.978 108
CF3 30 19 1 -750.474 108
CF3 30 19 2 -739.492 105
CF3 30 19 3 -719.145 101
CF3 30 19 4 -718.923 101
CF3 30 20 0 -747.028 105
CF3 30 20 1 -730.826 105
CF3 30 20 2 -715.935 103
CF3 30 20 3 -715.266 103
CF3 30 20 4 -679.891 96
CF3 30 21 0 -710.183 100
CF3 30 21 1 -696.713 100
CF3 30 21 2 -694.521 100
CF3 30 21 3 -655.930 92
CF3 30 21 4 -657.422 92
CF3 30 22 0 -684.397 96
CF3 30 22 1 -669.040 96
CF3 30 22 2 -672.721 96
CF3 30 22 3 -650.289 91
CF3 30 22 4 -649.716 91
CF3 30 23 0 -681.184 95
CF3 30 23 1 -675.051 95
CF3 30 23 2 -670.387 95
CF3 30 23 3 -657.007 92
CF3 30 23 4 -657.638 92
CF3 30 24 0 -685.210 96
CF3 30 24 1 -667.857 96
CF3 30 24 2 -670.253 96
CF3 30 24 3 -628.807 88
CF3 30 24 4 -628.455 88
CF3 30 25 0 -658.607 92
CF3 30 25 1 -644.050 92
CF3 30 25 2 -645.493 92
CF3 30 25 3 -614.364 88
CF3 30 25 4 -593.017 84
CF3 30 26 0 -629.137 88
CF3 30 26 1 -610.238 88
CF3 30 26 2 -615.130 88
CF3 30 26 3 -613.747 88
CF3 30 26 4 -615.663 88
CF3 30 27 0 -653.655 92
CF3 30 27 1 -636.663 92
CF3 30 27 2 -642.724 92
CF3 30 27 3 -642.588 92
CF3 30 27 4 -635.780 91
CF3 30 28 0 -677.004 95
CF3 30 28 1 -658.808 95
CF3 30 28 2 -660.775 95
CF3 30 28 3 -648.645 92
CF3 30 28 4 -647.253 92
CF3 30 29 0 -680.307 96
CF3 30 29 1 -663.553 96
CF3 30 29 2 -663.516 96
CF3 30 29 3 -662.406 96
CF3 30 29 4 -638.668 93
CF3 30 30 0 -674.719 97
CF3 30 30 1 -664.875 97
CF3 30 30 2 -661.561 97
CF3 30 30 3 -651.144 95
CF3 30 30 4 -593.756 86
CF3 30 31 0 -624.826 90
CF3 30 31 1 -616.161 90
CF3 30 31 2 -606.687 89
CF3 30 31 3 -569.364 81
CF3 30 31 4 -562.443 79
CF3 30 32 0 -587.265 83
CF3 30 32 1 -567.401 83
CF3 30 32 2 -569.576 83
CF3 30 32 3 -551.342 79
CF3 30 32 4 -540.022 77
CF3 30 33 0 -570.867 81
CF3 30 33 1 -553.442 81
CF3 30 33 2 -556.008 81
CF3 30 33 3 -539.127 78
CF3 30 33 4 -539.567 78
CF3 30 34 0 -572.936 82
CF3 30 34 1 -552.535 82
CF3 30 34 2 -557.776 82
CF3 30 34 3 -542.342 79
CF3 30 34 4 -543.503 79
CF3 30 35 0 -577.659 83
CF3 30 35 1 -555.307 83
CF3 30 35 2 -558.454 83
CF3 30 35 3 -556.590 83
CF3 30 35 4 -541.618 80
CF3 30 36 0 -573.346 84
CF3 30 36 1 -559.653 84
CF3 30 36 2 -562.707 84
CF3 30 36 3 -519.515 77
CF3 30 36 4 -520.714 77
CF3 30 37 0 -550.561 81
CF3 30 37 1 -533.513 81
CF3 30 37 2 -534.365 81
CF3 30 37 3 -533.928 81
CF3 30 37 4 -508.021 76
CF3 30 38 0 -547.715 80
CF3 30 38 1 -531.455 80
CF3 30 38 2 -531.847 80
CF3 30 38 3 -534.133 80
CF3 30 38 4 -496.362 75
CF3 30 39 0 -532.298 79
CF3 30 39 1 -523.934 79
CF3 30 39 2 -520.514 79
CF3 30 39 3 -508.492 76
CF3 30 39 4 -507.559 76
CF3 30 40 0 -539.547 80
CF3 30 40 1 -528.844 80
CF3 30 40 2 -528.677 80
CF3 30 40 3 -468.503 70
CF3 30 40 4 -441.660 64
CF3 30 41 0 -469.371 68
CF3 30 41 1 -454.985 68
CF3 30 41 2 -452.674 68
CF3 30 41 3 -416.623 62
CF3 30 41 4 -410.964 61
CF3 30 42 0 -444.388 65
CF3 30 42 1 -424.707 65
CF3 30 42 2 -427.808 65
CF3 30 42 3 -429.391 65
CF3 30 42 4 -431.440 65
CF3 30 43 0 -469.111 69
CF3 30 43 1 -449.546 69
CF3 30 43 2 -449.798 69
CF3 30 43 3 -448.656 69
CF3 30 43 4 -450.385 69
CF3 30 44 0 -487.372 73
CF3 30 44 1 -480.564 73
CF3 30 44 2 -477.604 73
CF3 30 44 3 -461.558 69
CF3 30 44 4 -463.412 69
CF3 30 45 0 -488.191 73
CF3 30 45 1 -470.660 73
CF3 30 45 2 -468.660 73
CF3 30 45 3 -464.132 72
CF3 30 45 4 -453.137 69
CF3 30 46 0 -481.820 73
CF3 30 46 1 -468.964 73
CF3 30 46 2 -470.070 73
CF3 30 46 3 -471.808 73
CF3 30 46 4 -432.906 65
CF3 30 47 0 -463.620 69
CF3 30 47 1 -445.051 69
CF3 30 47 2 -448.126 69
CF3 30 47 3 -439.037 68
CF3 30 47 4 -443.037 68
CF3 30 48 0 -438.183 66
CF3 30 48 1 -420.791 66
CF3 30 48 2 -422.654 66
CF3 30 48 3 -415.972 65
CF3 30 48 4 -270.366 45
CF3 30 49 0 -292.330 47
CF3 30 49 1 -267.291 45
CF3 30 49 2 -268.298 45
CF3 30 49 3 -236.900 40
CF3 30 49 4 -159.389 27
CF3 30 50 0 -182.213 31
CF3 30 50 1 -161.938 30
CF3 30 50 2 -160.017 27
CF3 30 50 3 -159.457 27
CF3 30 50 4 -157.137 26
CH2F 10 1 0 -770.030 103
CH2F 10 1 1 -765.047 103
CH2F 10 1 2 -765.713 103
CH2F 10 1 3 -766.493 103
CH2F 10 1 4 -766.608 103
CH2F 10 2 0 -792.894 107
CH2F 10 2 1 -788.060 107
CH2F 10 2 2 -790.209 107
CH2F 10 2 3 -788.586 107
CH2F 10 2 4 -790.772 107
CH2F 10 3 0 -817.095 111
CH2F 10 3 1 -813.646 111
CH2F 10 3 2 -794.924 107
CH2F 10 3 3 -796.178 107
CH2F 10 3 4 -796.694 107
CH2F 10 4 0 -818.291 111
CH2F 10 4 1 -813.130 111
CH2F 10 4 2 -813.291 111
CH2F 10 4 3 -814.313 111
CH2F 10 4 4 -817.021 111
CH2F 10 5 0 -839.566 115
CH2F 10 5 1 -833.948 115
CH2F 10 5 2 -836.820 115
CH2F 10 5 3 -833.451 115
CH2F 10 5 4 -835.208 115
CH2F 10 6 0 -858.603 119
CH2F 10 6 1 -854.572 119
CH2F 10 6 2 -851.868 119
CH2F 10 6 3 -854.994 119
CH2F 10 6 4 -852.528 119
CH2F 10 7 0 -876.137 123
CH2F 10 7 1 -871.628 123
CH2F 10 7 2 -865.870 122
CH2F 10 7 3 -866.212 121
CH2F 10 7 4 -864.882 121
CH2F 10 8 0 -889.699 125
CH2F 10 8 1 -886.248 125
CH2F 10 8 2 -887.827 125
CH2F 10 8 3 -887.213 125
CH2F 10 8 4 -885.041 125
CH2F 10 9 0 -909.298 129
CH2F 10 9 1 -906.058 129
CH2F 10 9 2 -888.346 125
CH2F 10 9 3 -888.661 125
CH2F 10 9 4 -888.624 125
CH2F 10 10 0 -908.684 129
CH2F 10 10 1 -905.373 129
CH2F 10 10 2 -908.081 129
CH2F 10 10 3 -905.708 129
CH2F 10 10 4 -907.595 129
CH2F 10 11 0 -930.006 133
CH2F 10 11 1 -929.739 133
CH2F 10 11 2 -928.167 133
CH2F 10 11 3 -929.234 133
CH2F 10 11 4 -928.047 133
CH2F 10 12 0 -951.869 137
CH2F 10 12 1 -946.314 137
CH2F 10 12 2 -915.238 130
CH2F 10 12 3 -915.520 130
CH2F 10 12 4 -916.150 130
CH2F 10 13 0 -936.010 134
CH2F 10 13 1 -933.855 134
CH2F 10 13 2 -914.072 130
CH2F 10 13 3 -907.065 128
CH2F 10 13 4 -907.260 128
CH2F 10 14 0 -928.346 132
CH2F 10 14 1 -923.839 132
CH2F 10 14 2 -923.557 132
CH2F 10 14 3 -923.767 132
CH2F 10 14 4 -923.752 132
CH2F 10 15 0 -952.417 136
CH2F 10 15 1 -944.058 136
CH2F 10 15 2 -947.189 136
CH2F 10 15 3 -947.383 136
CH2F 10 15 4 -946.199 136
CH2F 10 16 0 -971.343 140
CH2F 10 16 1 -967.432 140
CH2F 10 16 2 -967.300 140
CH2F 10 16 3 -969.718 140
CH2F 10 16 4 -957.486 138
CH2F 10 17 0 -981.493 142
CH2F 10 17 1 -975.857 142
CH2F 10 17 2 -962.648 138
CH2F 10 17 3 -957.645 137
CH2F 10 17 4 -950.098 136
CH2F 10 18 0 -969.944 139
CH2F 10 18 1 -963.144 139
CH2F 10 18 2 -965.294 139
CH2F 10 18 3 -964.514 139
CH2F 10 18 4 -960.430 138
CH2F 10 19 0 -985.190 142
CH2F 10 19 1 -980.703 142
CH2F 10 19 2 -976.878 140
CH2F 10 19 3 -975.148 140
CH2F 10 19 4 -975.495 140
CH2F 10 20 0 -998.472 144
CH2F 10 20 1 -993.787 144
CH2F 10 20 2 -994.370 144
CH2F 10 20 3 -990.238 143
CH2F 10 20 4 -972.848 140
CH2F 10 21 0 -996.434 144
CH2F 10 21 1 -994.532 144
CH2F 10 21 2 -972.056 140
CH2F 10 21 3 -965.108 139
CH2F 10 21 4 -961.713 137
CH2F 10 22 0 -986.443 141
CH2F 10 22 1 -980.580 141
CH2F 10 22 2 -965.713 137
CH2F 10 22 3 -963.785 137
CH2F 10 22 4 -966.021 137
CH2F 10 23 0 -984.965 141
CH2F 10 23 1 -982.825 141
CH2F 10 23 2 -969.026 138
CH2F 10 23 3 -962.606 137
CH2F 10 23 4 -960.938 137
CH2F 10 24 0 -983.872 141
CH2F 10 24 1 -981.443 141
CH2F 10 24 2 -963.048 138
CH2F 10 24 3 -951.158 136
CH2F 10 24 4 -940.509 134
CH2F 10 25 0 -965.581 138
CH2F 10 25 1 -963.555 138
CH2F 10 25 2 -961.630 138
CH2F 10 25 3 -963.657 138
CH2F 10 25 4 -962.559 138
CH2F 10 26 0 -985.579 142
CH2F 10 26 1 -978.478 142
CH2F 10 26 2 -983.347 142
CH2F 10 26 3 -979.982 142
CH2F 10 26 4 -984.436 142
CH2F 10 27 0 -1005.335 146
CH2F 10 27 1 -999.904 146
CH2F 10 27 2 -999.018 146
CH2F 10 27 3 -993.861 145
CH2F 10 27 4 -984.500 142
CH2F 10 28 0 -1014.346 146
CH2F 10 28 1 -1008.371 146
CH2F 10 28 2 -983.261 141
CH2F 10 28 3 -977.684 140
CH2F 10 28 4 -965.644 138
CH2F 10 29 0 -990.950 142
CH2F 10 29 1 -983.003 142
CH2F 10 29 2 -978.611 140
CH2F 10 29 3 -958.236 137
CH2F 10 29 4 -906.850 129
CH2F 10 30 0 -928.903 131
CH2F 10 30 1 -923.981 131
CH2F 10 30 2 -908.769 127
CH2F 10 30 3 -909.729 127
CH2F 10 30 4 -910.248 127
CH2F 10 31 0 -930.014 131
CH2F 10 31 1 -929.261 131
CH2F 10 31 2 -927.700 131
CH2F 10 31 3 -907.505 127
CH2F 10 31 4 -910.727 127
CH2F 10 32 0 -929.311 131
CH2F 10 32 1 -925.169 131
CH2F 10 32 2 -927.028 131
CH2F 10 32 3 -931.126 131
CH2F 10 32 4 -929.533 131
CH2F 10 33 0 -954.228 135
CH2F 10 33 1 -949.182 135
CH2F 10 33 2 -927.926 130
CH2F 10 33 3 -926.134 130
CH2F 10 33 4 -929.266 130
CH2F 10 34 0 -950.696 134
CH2F 10 34 1 -946.109 134
CH2F 10 34 2 -945.799 134
CH2F 10 34 3 -914.920 128
CH2F 10 34 4 -913.324 128
CH2F 10 35 0 -935.667 132
CH2F 10 35 1 -931.438 132
CH2F 10 35 2 -912.989 128
CH2F 10 35 3 -913.451 128
CH2F 10 35 4 -913.156 128
CH2F 10 36 0 -936.577 132
CH2F 10 36 1 -932.112 132
CH2F 10 36 2 -930.566 132
CH2F 10 36 3 -917.931 130
CH2F 10 36 4 -919.744 130
CH2F 10 37 0 -944.472 134
CH2F 10 37 1 -937.943 134
CH2F 10 37 2 -937.969 134
CH2F 10 37 3 -938.746 134
CH2F 10 37 4 -935.133 133
CH2F 10 38 0 -961.032 137
CH2F 10 38 1 -949.619 137
CH2F 10 38 2 -944.928 135
CH2F 10 38 3 -939.281 133
CH2F 10 38 4 -938.857 133
CH2F 10 39 0 -965.725 137
CH2F 10 39 1 -961.685 137
CH2F 10 39 2 -930.359 130
CH2F 10 39 3 -929.664 130
CH2F 10 39 4 -929.774 130
CH2F 10 40 0 -953.507 134
CH2F 10 40 1 -947.747 134
CH2F 10 40 2 -948.757 134
CH2F 10 40 3 -908.107 128
CH2F 10 40 4 -912.760 128
CH2F 10 41 0 -938.616 132
CH2F 10 41 1 -935.305 132
CH2F 10 41 2 -918.252 128
CH2F 10 41 3 -917.095 128
CH2F 10 41 4 -917.274 128
CH2F 10 42 0 -939.681 132
CH2F 10 42 1 -937.005 132
CH2F 10 42 2 -917.386 128
CH2F 10 42 3 -918.905 128
CH2F 10 42 4 -916.390 128
CH2F 10 43 0 -937.985 132
CH2F 10 43 1 -933.834 132
CH2F 10 43 2 -916.388 128
CH2F 10 43 3 -916.788 128
CH2F 10 43 4 -916.412 128
CH2F 10 44 0 -938.277 132
CH2F 10 44 1 -933.067 132
CH2F 10 44 2 -932.272 132
CH2F 10 44 3 -926.581 131
CH2F 10 44 4 -931.337 131
CH2F 10 45 0 -956.121 135
CH2F 10 45 1 -950.675 135
CH2F 10 45 2 -930.859 131
CH2F 10 45 3 -905.250 127
CH2F 10 45 4 -903.551 127
CH2F 10 46 0 -929.842 131
CH2F 10 46 1 -923.579 131
CH2F 10 46 2 -906.379 127
CH2F 10 46 3 -907.813 127
CH2F 10 46 4 -907.356 127
CH2F 10 47 0 -929.462 131
CH2F 10 47 1 -926.824 131
CH2F 10 47 2 -907.329 128
CH2F 10 47 3 -909.965 128
CH2F 10 47 4 -905.390 127
CH2F 10 48 0 -930.709 131
CH2F 10 48 1 -921.953 131
CH2F 10 48 2 -922.378 131
CH2F 10 48 3 -920.742 131
CH2F 10 48 4 -919.390 131
CH2F 10 49 0 -944.686 135
CH2F 10 49 1 -942.740 135
CH2F 10 49 2 -928.011 133
CH2F 10 49 3 -928.756 133
CH2F 10 49 4 -926.977 133
CH2F 10 50 0 -948.964 136
CH2F 10 50 1 -946.225 136
CH2F 10 50 2 -915.590 131
CH2F 10 50 3 -917.357 131
CH2F 10 50 4 -917.803 131
CH2F 30 1 0 -770.032 103
CH2F 30 1 1 -754.028 103
CH2F 30 1 2 -754.187 103
CH2F 30 1 3 -742.371 101
CH2F 30 1 4 -727.995 99
CH2F 30 2 0 -764.740 103
CH2F 30 2 1 -747.557 103
CH2F 30 2 2 -738.548 101
CH2F 30 2 3 -743.574 101
CH2F 30 2 4 -742.302 101
CH2F 30 3 0 -772.704 105
CH2F 30 3 1 -757.537 105
CH2F 30 3 2 -727.802 98
CH2F 30 3 3 -728.456 98
CH2F 30 3 4 -728.481 98
CH2F 30 4 0 -760.211 102
CH2F 30 4 1 -745.369 102
CH2F 30 4 2 -746.303 102
CH2F 30 4 3 -743.563 102
CH2F 30 4 4 -745.219 102
CH2F 30 5 0 -783.364 106
CH2F 30 5 1 -768.877 106
CH2F 30 5 2 -761.671 104
CH2F 30 5 3 -763.629 104
CH2F 30 5 4 -764.652 104
CH2F 30 6 0 -794.958 108
CH2F 30 6 1 -774.505 108
CH2F 30 6 2 -774.756 108
CH2F 30 6 3 -780.025 108
CH2F 30 6 4 -781.203 108
CH2F 30 7 0 -816.072 112
CH2F 30 7 1 -800.924 112
CH2F 30 7 2 -781.064 107
CH2F 30 7 3 -782.328 107
CH2F 30 7 4 -779.463 107
CH2F 30 8 0 -810.073 111
CH2F 30 8 1 -793.608 111
CH2F 30 8 2 -792.980 111
CH2F 30 8 3 -795.832 111
CH2F 30 8 4 -793.264 111
CH2F 30 9 0 -828.180 115
CH2F 30 9 1 -813.945 115
CH2F 30 9 2 -805.744 113
CH2F 30 9 3 -805.002 113
CH2F 30 9 4 -799.717 111
CH2F 30 10 0 -830.302 115
CH2F 30 10 1 -810.642 115
CH2F 30 10 2 -810.520 115
CH2F 30 10 3 -812.665 115
CH2F 30 10 4 -811.969 115
CH2F 30 11 0 -844.388 119
CH2F 30 11 1 -831.244 119
CH2F 30 11 2 -832.564 119
CH2F 30 11 3 -831.053 119
CH2F 30 11 4 -832.486 119
CH2F 30 12 0 -866.934 123
CH2F 30 12 1 -851.889 123
CH2F 30 12 2 -817.682 117
CH2F 30 12 3 -808.566 114
CH2F 30 12 4 -810.511 114
CH2F 30 13 0 -840.172 118
CH2F 30 13 1 -828.131 118
CH2F 30 13 2 -822.740 116
CH2F 30 13 3 -807.563 113
CH2F 30 13 4 -806.555 113
CH2F 30 14 0 -832.471 117
CH2F 30 14 1 -818.840 117
CH2F 30 14 2 -823.055 117
CH2F 30 14 3 -824.974 117
CH2F 30 14 4 -823.704 117
CH2F 30 15 0 -863.058 121
CH2F 30 15 1 -841.140 121
CH2F 30 15 2 -840.231 121
CH2F 30 15 3 -841.977 121
CH2F 30 15 4 -843.456 121
CH2F 30 16 0 -876.846 125
CH2F 30 16 1 -860.191 125
CH2F 30 16 2 -862.021 125
CH2F 30 16 3 -864.139 125
CH2F 30 16 4 -864.305 125
CH2F 30 17 0 -900.706 129
CH2F 30 17 1 -884.817 129
CH2F 30 17 2 -865.976 125
CH2F 30 17 3 -863.893 124
CH2F 30 17 4 -863.417 124
CH2F 30 18 0 -894.136 128
CH2F 30 18 1 -877.170 128
CH2F 30 18 2 -876.083 128
CH2F 30 18 3 -869.105 127
CH2F 30 18 4 -869.526 127
CH2F 30 19 0 -908.173 131
CH2F 30 19 1 -891.060 131
CH2F 30 19 2 -889.467 131
CH2F 30 19 3 -893.220 131
CH2F 30 19 4 -890.219 131
CH2F 30 20 0 -926.321 135
CH2F 30 20 1 -919.193 135
CH2F 30 20 2 -902.280 131
CH2F 30 20 3 -902.855 131
CH2F 30 20 4 -906.415 131
CH2F 30 21 0 -929.069 135
CH2F 30 21 1 -911.788 135
CH2F 30 21 2 -911.577 135
CH2F 30 21 3 -914.222 135
CH2F 30 21 4 -917.686 135
CH2F 30 22 0 -952.564 139
CH2F 30 22 1 -933.022 139
CH2F 30 22 2 -926.060 137
CH2F 30 22 3 -926.174 136
CH2F 30 22 4 -920.544 135
CH2F 30 23 0 -955.598 139
CH2F 30 23 1 -940.675 139
CH2F 30 23 2 -922.014 136
CH2F 30 23 3 -891.648 129
CH2F 30 23 4 -893.743 129
CH2F 30 24 0 -919.577 133
CH2F 30 24 1 -902.559 133
CH2F 30 24 2 -900.873 133
CH2F 30 24 3 -901.970 133
CH2F 30 24 4 -904.169 133
CH2F 30 25 0 -939.910 137
CH2F 30 25 1 -920.990 137
CH2F 30 25 2 -924.313 137
CH2F 30 25 3 -923.016 137
CH2F 30 25 4 -917.068 136
CH2F 30 26 0 -950.267 140
CH2F 30 26 1 -933.792 140
CH2F 30 26 2 -915.412 136
CH2F 30 26 3 -918.714 136
CH2F 30 26 4 -896.473 133
CH2F 30 27 0 -932.358 137
CH2F 30 27 1 -918.533 137
CH2F 30 27 2 -885.940 132
CH2F 30 27 3 -854.030 125
CH2F 30 27 4 -852.232 124
CH2F 30 28 0 -890.861 128
CH2F 30 28 1 -873.251 128
CH2F 30 28 2 -871.517 128
CH2F 30 28 3 -875.515 128
CH2F 30 28 4 -849.612 123
CH2F 30 29 0 -886.705 127
CH2F 30 29 1 -871.644 127
CH2F 30 29 2 -867.855 125
CH2F 30 29 3 -863.501 125
CH2F 30 29 4 -865.455 125
CH2F 30 30 0 -900.025 129
CH2F 30 30 1 -884.479 129
CH2F 30 30 2 -849.909 123
CH2F 30 30 3 -850.450 123
CH2F 30 30 4 -835.384 121
CH2F 30 31 0 -864.068 125
CH2F 30 31 1 -851.849 125
CH2F 30 31 2 -836.256 122
CH2F 30 31 3 -837.039 122
CH2F 30 31 4 -839.488 122
CH2F 30 32 0 -869.347 126
CH2F 30 32 1 -857.070 126
CH2F 30 32 2 -850.271 124
CH2F 30 32 3 -852.635 124
CH2F 30 32 4 -849.914 124
CH2F 30 33 0 -881.118 128
CH2F 30 33 1 -868.327 128
CH2F 30 33 2 -865.457 128
CH2F 30 33 3 -857.019 126
CH2F 30 33 4 -832.394 122
CH2F 30 34 0 -864.210 126
CH2F 30 34 1 -849.648 126
CH2F 30 34 2 -836.820 123
CH2F 30 34 3 -838.459 123
CH2F 30 34 4 -832.987 122
CH2F 30 35 0 -863.264 126
CH2F 30 35 1 -848.322 126
CH2F 30 35 2 -852.399 126
CH2F 30 35 3 -820.063 120
CH2F 30 35 4 -817.770 120
CH2F 30 36 0 -849.604 124
CH2F 30 36 1 -835.008 124
CH2F 30 36 2 -830.651 122
CH2F 30 36 3 -803.935 118
CH2F 30 36 4 -807.150 118
CH2F 30 37 0 -839.706 122
CH2F 30 37 1 -819.627 121
CH2F 30 37 2 -820.792 121
CH2F 30 37 3 -819.661 121
CH2F 30 37 4 -819.979 121
CH2F 30 38 0 -852.073 125
CH2F 30 38 1 -830.180 125
CH2F 30 38 2 -829.591 123
CH2F 30 38 3 -798.910 117
CH2F 30 38 4 -770.461 113
CH2F 30 39 0 -801.863 117
CH2F 30 39 1 -784.894 117
CH2F 30 39 2 -785.903 117
CH2F 30 39 3 -777.978 115
CH2F 30 39 4 -758.946 112
CH2F 30 40 0 -794.571 116
CH2F 30 40 1 -783.781 116
CH2F 30 40 2 -772.963 114
CH2F 30 40 3 -746.631 109
CH2F 30 40 4 -679.470 97
CH2F 30 41 0 -705.561 101
CH2F 30 41 1 -686.624 101
CH2F 30 41 2 -687.865 101
CH2F 30 41 3 -689.692 101
CH2F 30 41 4 -690.042 101
CH2F 30 42 0 -721.237 105
CH2F 30 42 1 -704.954 105
CH2F 30 42 2 -670.813 98
CH2F 30 42 3 -669.497 98
CH2F 30 42 4 -672.835 98
CH2F 30 43 0 -701.292 102
CH2F 30 43 1 -686.522 102
CH2F 30 43 2 -687.917 102
CH2F 30 43 3 -653.255 97
CH2F 30 43 4 -652.990 96
CH2F 30 44 0 -686.235 100
CH2F 30 44 1 -673.196 100
CH2F 30 44 2 -670.022 100
CH2F 30 44 3 -671.386 100
CH2F 30 44 4 -661.459 98
CH2F 30 45 0 -697.313 102
CH2F 30 45 1 -682.734 102
CH2F 30 45 2 -664.016 98
CH2F 30 45 3 -638.326 93
CH2F 30 45 4 -636.830 93
CH2F 30 46 0 -671.094 97
CH2F 30 46 1 -656.797 97
CH2F 30 46 2 -651.393 97
CH2F 30 46 3 -648.580 95
CH2F 30 46 4 -647.465 95
CH2F 30 47 0 -680.220 99
CH2F 30 47 1 -662.955 99
CH2F 30 47 2 -659.333 99
CH2F 30 47 3 -666.080 99
CH2F 30 47 4 -647.238 97
CH2F 30 48 0 -682.575 101
CH2F 30 48 1 -667.861 101
CH2F 30 48 2 -672.811 101
CH2F 30 48 3 -669.105 101
CH2F 30 48 4 -670.677 101
CH2F 30 49 0 -704.962 105
CH2F 30 49 1 -689.694 104
CH2F 30 49 2 -684.103 104
CH2F 30 49 3 -684.660 102
CH2F 30 49 4 -683.844 102
CH2F 30 50 0 -716.219 106
CH2F 30 50 1 -694.410 106
CH2F 30 50 2 -702.728 106
CH2F 30 50 3 -703.251 106
CH2F 30 50 4 -703.075 106
CHF2 10 1 0 -770.459 103
CHF2 10 1 1 -766.162 103
CHF2 10 1 2 -765.191 103
CHF2 10 1 3 -766.654 103
CHF2 10 1 4 -766.147 103
CHF2 10 2 0 -794.905 107
CHF2 10 2 1 -790.750 107
CHF2 10 2 2 -789.175 107
CHF2 10 2 3 -787.442 107
CHF2 10 2 4 -788.465 107
CHF2 10 3 0 -812.626 111
CHF2 10 3 1 -809.983 111
CHF2 10 3 2 -803.407 110
CHF2 10 3 3 -791.436 107
CHF2 10 3 4 -791.174 107
CHF2 10 4 0 -812.637 111
CHF2 10 4 1 -811.202 111
CHF2 10 4 2 -807.992 111
CHF2 10 4 3 -806.721 111
CHF2 10 4 4 -808.499 111
CHF2 10 5 0 -836.082 115
CHF2 10 5 1 -832.560 115
CHF2 10 5 2 -831.587 115
CHF2 10 5 3 -809.499 110
CHF2 10 5 4 -810.020 110
CHF2 10 6 0 -830.296 114
CHF2 10 6 1 -828.818 114
CHF2 10 6 2 -827.971 114
CHF2 10 6 3 -807.800 110
CHF2 10 6 4 -808.549 110
CHF2 10 7 0 -831.225 114
CHF2 10 7 1 -826.567 114
CHF2 10 7 2 -811.117 111
CHF2 10 7 3 -809.814 110
CHF2 10 7 4 -809.458 110
CHF2 10 8 0 -831.616 114
CHF2 10 8 1 -828.237 114
CHF2 10 8 2 -828.706 114
CHF2 10 8 3 -829.505 114
CHF2 10 8 4 -831.013 114
CHF2 10 9 0 -856.346 118
CHF2 10 9 1 -849.971 118
CHF2 10 9 2 -852.283 118
CHF2 10 9 3 -851.602 118
CHF2 10 9 4 -852.755 118
CHF2 10 10 0 -876.604 122
CHF2 10 10 1 -870.864 122
CHF2 10 10 2 -869.816 122
CHF2 10 10 3 -869.766 122
CHF2 10 10 4 -871.373 122
CHF2 10 11 0 -895.245 126
CHF2 10 11 1 -891.131 126
CHF2 10 11 2 -873.255 123
CHF2 10 11 3 -870.680 122
CHF2 10 11 4 -872.118 122
CHF2 10 12 0 -892.323 126
CHF2 10 12 1 -890.219 126
CHF2 10 12 2 -871.448 123
CHF2 10 12 3 -863.498 121
CHF2 10 12 4 -862.657 121
CHF2 10 13 0 -885.795 125
CHF2 10 13 1 -881.208 125
CHF2 10 13 2 -878.781 124
CHF2 10 13 3 -864.261 121
CHF2 10 13 4 -865.900 121
CHF2 10 14 0 -885.773 125
CHF2 10 14 1 -877.991 125
CHF2 10 14 2 -880.749 125
CHF2 10 14 3 -881.957 125
CHF2 10 14 4 -881.352 125
CHF2 10 15 0 -903.355 129
CHF2 10 15 1 -897.423 129
CHF2 10 15 2 -896.547 129
CHF2 10 15 3 -898.552 129
CHF2 10 15 4 -873.011 124
CHF2 10 16 0 -895.855 128
CHF2 10 16 1 -897.318 128
CHF2 10 16 2 -889.279 127
CHF2 10 16 3 -872.212 123
CHF2 10 16 4 -870.859 123
CHF2 10 17 0 -895.574 127
CHF2 10 17 1 -893.375 127
CHF2 10 17 2 -875.352 123
CHF2 10 17 3 -872.622 123
CHF2 10 17 4 -863.003 121
CHF2 10 18 0 -884.030 125
CHF2 10 18 1 -883.099 125
CHF2 10 18 2 -863.728 121
CHF2 10 18 3 -856.167 119
CHF2 10 18 4 -856.581 119
CHF2 10 19 0 -878.578 123
CHF2 10 19 1 -875.264 123
CHF2 10 19 2 -857.650 119
CHF2 10 19 3 -857.576 119
CHF2 10 19 4 -858.932 119
CHF2 10 20 0 -880.032 123
CHF2 10 20 1 -876.557 123
CHF2 10 20 2 -859.835 119
CHF2 10 20 3 -857.143 119
CHF2 10 20 4 -858.965 119
CHF2 10 21 0 -877.668 123
CHF2 10 21 1 -875.396 123
CHF2 10 21 2 -872.746 122
CHF2 10 21 3 -857.322 119
CHF2 10 21 4 -857.821 119
CHF2 10 22 0 -879.299 123
CHF2 10 22 1 -873.640 123
CHF2 10 22 2 -854.008 119
CHF2 10 22 3 -851.647 118
CHF2 10 22 4 -851.233 118
CHF2 10 23 0 -874.143 122
CHF2 10 23 1 -872.421 122
CHF2 10 23 2 -873.363 122
CHF2 10 23 3 -853.896 118
CHF2 10 23 4 -853.715 118
CHF2 10 24 0 -873.937 122
CHF2 10 24 1 -872.500 122
CHF2 10 24 2 -851.580 118
CHF2 10 24 3 -851.996 118
CHF2 10 24 4 -853.387 118
CHF2 10 25 0 -876.187 122
CHF2 10 25 1 -873.812 122
CHF2 10 25 2 -851.723 118
CHF2 10 25 3 -853.077 118
CHF2 10 25 4 -853.176 118
CHF2 10 26 0 -874.547 122
CHF2 10 26 1 -868.935 122
CHF2 10 26 2 -869.988 122
CHF2 10 26 3 -869.821 122
CHF2 10 26 4 -868.566 122
CHF2 10 27 0 -891.984 126
CHF2 10 27 1 -889.794 126
CHF2 10 27 2 -881.367 125
CHF2 10 27 3 -870.983 122
CHF2 10 27 4 -869.002 122
CHF2 10 28 0 -893.157 126
CHF2 10 28 1 -890.171 126
CHF2 10 28 2 -884.150 125
CHF2 10 28 3 -871.693 122
CHF2 10 28 4 -871.852 122
CHF2 10 29 0 -894.118 126
CHF2 10 29 1 -890.394 126
CHF2 10 29 2 -872.087 122
CHF2 10 29 3 -873.434 122
CHF2 10 29 4 -872.228 122
CHF2 10 30 0 -896.167 126
CHF2 10 30 1 -893.026 126
CHF2 10 30 2 -893.860 126
CHF2 10 30 3 -857.287 118
CHF2 10 30 4 -855.787 118
CHF2 10 31 0 -877.940 122
CHF2 10 31 1 -872.388 122
CHF2 10 31 2 -868.792 121
CHF2 10 31 3 -855.461 118
CHF2 10 31 4 -855.818 118
CHF2 10 32 0 -878.056 122
CHF2 10 32 1 -874.588 122
CHF2 10 32 2 -854.416 119
CHF2 10 32 3 -855.050 118
CHF2 10 32 4 -855.515 118
CHF2 10 33 0 -879.591 122
CHF2 10 33 1 -872.469 122
CHF2 10 33 2 -869.893 121
CHF2 10 33 3 -855.653 118
CHF2 10 33 4 -856.405 118
CHF2 10 34 0 -877.680 122
CHF2 10 34 1 -874.700 122
CHF2 10 34 2 -874.438 122
CHF2 10 34 3 -855.863 118
CHF2 10 34 4 -857.525 118
CHF2 10 35 0 -879.792 122
CHF2 10 35 1 -872.250 122
CHF2 10 35 2 -872.961 122
CHF2 10 35 3 -856.597 119
CHF2 10 35 4 -858.601 119
CHF2 10 36 0 -881.345 123
CHF2 10 36 1 -880.227 123
CHF2 10 36 2 -862.456 120
CHF2 10 36 3 -858.427 119
CHF2 10 36 4 -858.304 119
CHF2 10 37 0 -881.133 123
CHF2 10 37 1 -877.837 123
CHF2 10 37 2 -857.936 119
CHF2 10 37 3 -859.172 119
CHF2 10 37 4 -858.333 119
CHF2 10 38 0 -883.073 123
CHF2 10 38 1 -877.314 123
CHF2 10 38 2 -868.992 121
CHF2 10 38 3 -861.420 119
CHF2 10 38 4 -861.281 119
CHF2 10 39 0 -884.257 123
CHF2 10 39 1 -877.390 123
CHF2 10 39 2 -880.518 123
CHF2 10 39 3 -878.847 123
CHF2 10 39 4 -874.313 122
CHF2 10 40 0 -878.360 122
CHF2 10 40 1 -873.660 122
CHF2 10 40 2 -872.125 122
CHF2 10 40 3 -872.805 122
CHF2 10 40 4 -871.415 122
CHF2 10 41 0 -896.327 126
CHF2 10 41 1 -889.451 126
CHF2 10 41 2 -892.485 126
CHF2 10 41 3 -846.016 118
CHF2 10 41 4 -829.821 114
CHF2 10 42 0 -851.685 118
CHF2 10 42 1 -849.213 118
CHF2 10 42 2 -825.560 114
CHF2 10 42 3 -826.021 113
CHF2 10 42 4 -825.444 113
CHF2 10 43 0 -845.826 117
CHF2 10 43 1 -843.489 117
CHF2 10 43 2 -824.451 114
CHF2 10 43 3 -824.848 113
CHF2 10 43 4 -825.125 113
CHF2 10 44 0 -847.483 117
CHF2 10 44 1 -843.110 117
CHF2 10 44 2 -827.799 113
CHF2 10 44 3 -825.584 113
CHF2 10 44 4 -825.480 113
CHF2 10 45 0 -847.139 117
CHF2 10 45 1 -845.785 117
CHF2 10 45 2 -845.869 117
CHF2 10 45 3 -827.629 113
CHF2 10 45 4 -825.902 113
CHF2 10 46 0 -846.735 117
CHF2 10 46 1 -841.959 117
CHF2 10 46 2 -841.436 117
CHF2 10 46 3 -842.255 117
CHF2 10 46 4 -841.345 117
CHF2 10 47 0 -866.019 121
CHF2 10 47 1 -861.074 121
CHF2 10 47 2 -860.532 121
CHF2 10 47 3 -860.535 121
CHF2 10 47 4 -844.831 119
CHF2 10 48 0 -868.463 123
CHF2 10 48 1 -868.693 123
CHF2 10 48 2 -844.474 119
CHF2 10 48 3 -823.604 114
CHF2 10 48 4 -822.573 114
CHF2 10 49 0 -844.601 118
CHF2 10 49 1 -839.408 118
CHF2 10 49 2 -836.010 118
CHF2 10 49 3 -838.604 118
CHF2 10 49 4 -828.305 118
CHF2 10 50 0 -852.202 122
CHF2 10 50 1 -842.315 122
CHF2 10 50 2 -849.138 122
CHF2 10 50 3 -845.362 122
CHF2 10 50 4 -802.616 112
CHF2 30 1 0 -770.458 103
CHF2 30 1 1 -756.472 103
CHF2 30 1 2 -755.096 103
CHF2 30 1 3 -757.034 103
CHF2 30 1 4 -758.108 103
CHF2 30 2 0 -798.111 107
CHF2 30 2 1 -786.140 107
CHF2 30 2 2 -773.008 104
CHF2 30 2 3 -773.409 104
CHF2 30 2 4 -774.337 104
CHF2 30 3 0 -803.547 108
CHF2 30 3 1 -782.606 108
CHF2 30 3 2 -786.030 108
CHF2 30 3 3 -774.478 106
CHF2 30 3 4 -780.346 106
CHF2 30 4 0 -815.135 110
CHF2 30 4 1 -802.330 110
CHF2 30 4 2 -789.411 107
CHF2 30 4 3 -790.977 107
CHF2 30 4 4 -789.184 107
CHF2 30 5 0 -821.950 111
CHF2 30 5 1 -813.509 111
CHF2 30 5 2 -796.158 107
CHF2 30 5 3 -796.781 107
CHF2 30 5 4 -796.389 107
CHF2 30 6 0 -824.710 111
CHF2 30 6 1 -805.300 111
CHF2 30 6 2 -804.410 111
CHF2 30 6 3 -807.534 111
CHF2 30 6 4 -807.523 111
CHF2 30 7 0 -844.099 115
CHF2 30 7 1 -822.619 115
CHF2 30 7 2 -822.789 115
CHF2 30 7 3 -825.472 115
CHF2 30 7 4 -784.041 108
CHF2 30 8 0 -816.619 112
CHF2 30 8 1 -801.094 112
CHF2 30 8 2 -798.864 112
CHF2 30 8 3 -800.040 112
CHF2 30 8 4 -799.984 112
CHF2 30 9 0 -836.379 116
CHF2 30 9 1 -818.469 116
CHF2 30 9 2 -819.858 116
CHF2 30 9 3 -818.221 116
CHF2 30 9 4 -802.268 112
CHF2 30 10 0 -835.479 116
CHF2 30 10 1 -820.350 116
CHF2 30 10 2 -819.523 116
CHF2 30 10 3 -819.616 116
CHF2 30 10 4 -811.399 114
CHF2 30 11 0 -842.769 118
CHF2 30 11 1 -835.487 118
CHF2 30 11 2 -817.365 114
CHF2 30 11 3 -814.517 114
CHF2 30 11 4 -818.004 114
CHF2 30 12 0 -843.308 118
CHF2 30 12 1 -828.209 118
CHF2 30 12 2 -825.767 118
CHF2 30 12 3 -831.413 118
CHF2 30 12 4 -814.007 116
CHF2 30 13 0 -853.302 120
CHF2 30 13 1 -844.264 120
CHF2 30 13 2 -828.392 117
CHF2 30 13 3 -821.219 115
CHF2 30 13 4 -823.511 115
CHF2 30 14 0 -848.718 119
CHF2 30 14 1 -829.453 119
CHF2 30 14 2 -833.530 119
CHF2 30 14 3 -832.420 119
CHF2 30 14 4 -833.424 119
CHF2 30 15 0 -864.721 123
CHF2 30 15 1 -850.114 123
CHF2 30 15 2 -848.766 123
CHF2 30 15 3 -849.326 123
CHF2 30 15 4 -851.768 123
CHF2 30 16 0 -885.532 127
CHF2 30 16 1 -870.442 127
CHF2 30 16 2 -840.379 122
CHF2 30 16 3 -823.157 118
CHF2 30 16 4 -822.268 118
CHF2 30 17 0 -855.893 122
CHF2 30 17 1 -837.942 122
CHF2 30 17 2 -837.736 122
CHF2 30 17 3 -818.631 117
CHF2 30 17 4 -810.303 115
CHF2 30 18 0 -837.299 119
CHF2 30 18 1 -823.901 119
CHF2 30 18 2 -821.595 119
CHF2 30 18 3 -774.076 110
CHF2 30 18 4 -749.195 104
CHF2 30 19 0 -775.279 108
CHF2 30 19 1 -761.940 108
CHF2 30 19 2 -757.940 108
CHF2 30 19 3 -759.781 108
CHF2 30 19 4 -753.235 106
CHF2 30 20 0 -788.844 110
CHF2 30 20 1 -778.763 110
CHF2 30 20 2 -760.996 106
CHF2 30 20 3 -760.777 106
CHF2 30 20 4 -761.345 106
CHF2 30 21 0 -788.460 110
CHF2 30 21 1 -773.739 110
CHF2 30 21 2 -766.464 108
CHF2 30 21 3 -758.121 106
CHF2 30 21 4 -760.061 106
CHF2 30 22 0 -789.226 110
CHF2 30 22 1 -773.746 110
CHF2 30 22 2 -774.399 110
CHF2 30 22 3 -766.143 108
CHF2 30 22 4 -770.783 108
CHF2 30 23 0 -806.005 112
CHF2 30 23 1 -800.465 112
CHF2 30 23 2 -782.920 108
CHF2 30 23 3 -784.003 108
CHF2 30 23 4 -782.498 108
CHF2 30 24 0 -806.869 112
CHF2 30 24 1 -786.675 112
CHF2 30 24 2 -787.231 112
CHF2 30 24 3 -786.087 112
CHF2 30 24 4 -789.355 112
CHF2 30 25 0 -824.199 116
CHF2 30 25 1 -802.592 116
CHF2 30 25 2 -801.521 116
CHF2 30 25 3 -782.741 111
CHF2 30 25 4 -772.302 109
CHF2 30 26 0 -806.037 113
CHF2 30 26 1 -787.176 113
CHF2 30 26 2 -783.051 113
CHF2 30 26 3 -784.545 113
CHF2 30 26 4 -784.084 113
CHF2 30 27 0 -818.329 117
CHF2 30 27 1 -810.979 117
CHF2 30 27 2 -799.407 114
CHF2 30 27 3 -783.796 111
CHF2 30 27 4 -784.039 111
CHF2 30 28 0 -814.237 115
CHF2 30 28 1 -798.624 115
CHF2 30 28 2 -801.362 115
CHF2 30 28 3 -775.917 110
CHF2 30 28 4 -777.791 110
CHF2 30 29 0 -810.739 114
CHF2 30 29 1 -796.328 114
CHF2 30 29 2 -795.604 114
CHF2 30 29 3 -794.185 114
CHF2 30 29 4 -780.046 111
CHF2 30 30 0 -797.384 112
CHF2 30 30 1 -783.186 112
CHF2 30 30 2 -759.224 107
CHF2 30 30 3 -745.558 104
CHF2 30 30 4 -743.904 104
CHF2 30 31 0 -770.319 108
CHF2 30 31 1 -756.908 108
CHF2 30 31 2 -757.708 108
CHF2 30 31 3 -748.457 107
CHF2 30 31 4 -750.024 107
CHF2 30 32 0 -783.954 111
CHF2 30 32 1 -771.701 111
CHF2 30 32 2 -748.782 107
CHF2 30 32 3 -749.831 106
CHF2 30 32 4 -751.621 106
CHF2 30 33 0 -782.512 110
CHF2 30 33 1 -766.358 110
CHF2 30 33 2 -747.233 107
CHF2 30 33 3 -742.257 105
CHF2 30 33 4 -741.219 105
CHF2 30 34 0 -775.901 109
CHF2 30 34 1 -760.106 109
CHF2 30 34 2 -756.858 109
CHF2 30 34 3 -748.039 107
CHF2 30 34 4 -733.250 103
CHF2 30 35 0 -762.422 107
CHF2 30 35 1 -742.279 107
CHF2 30 35 2 -745.359 107
CHF2 30 35 3 -747.121 107
CHF2 30 35 4 -745.682 107
CHF2 30 36 0 -780.739 111
CHF2 30 36 1 -771.564 111
CHF2 30 36 2 -748.466 106
CHF2 30 36 3 -751.178 106
CHF2 30 36 4 -750.713 106
CHF2 30 37 0 -775.838 110
CHF2 30 37 1 -763.020 110
CHF2 30 37 2 -764.031 110
CHF2 30 37 3 -760.122 110
CHF2 30 37 4 -761.558 110
CHF2 30 38 0 -796.910 114
CHF2 30 38 1 -782.350 114
CHF2 30 38 2 -766.643 110
CHF2 30 38 3 -748.189 107
CHF2 30 38 4 -749.858 107
CHF2 30 39 0 -778.933 111
CHF2 30 39 1 -763.354 111
CHF2 30 39 2 -765.175 111
CHF2 30 39 3 -762.661 111
CHF2 30 39 4 -766.788 111
CHF2 30 40 0 -800.898 115
CHF2 30 40 1 -789.683 115
CHF2 30 40 2 -786.753 115
CHF2 30 40 3 -751.990 108
CHF2 30 40 4 -753.659 108
CHF2 30 41 0 -785.855 112
CHF2 30 41 1 -770.192 112
CHF2 30 41 2 -749.702 108
CHF2 30 41 3 -693.525 100
CHF2 30 41 4 -691.660 98
CHF2 30 42 0 -719.269 102
CHF2 30 42 1 -706.992 102
CHF2 30 42 2 -698.463 101
CHF2 30 42 3 -688.965 98
CHF2 30 42 4 -687.754 98
CHF2 30 43 0 -718.835 102
CHF2 30 43 1 -703.181 102
CHF2 30 43 2 -701.224 102
CHF2 30 43 3 -702.880 102
CHF2 30 43 4 -705.656 102
CHF2 30 44 0 -737.408 106
CHF2 30 44 1 -728.307 106
CHF2 30 44 2 -710.638 102
CHF2 30 44 3 -710.609 102
CHF2 30 44 4 -711.457 102
CHF2 30 45 0 -738.647 106
CHF2 30 45 1 -727.567 106
CHF2 30 45 2 -731.174 106
CHF2 30 45 3 -702.713 100
CHF2 30 45 4 -703.243 100
CHF2 30 46 0 -726.913 104
CHF2 30 46 1 -706.993 104
CHF2 30 46 2 -707.140 104
CHF2 30 46 3 -709.373 104
CHF2 30 46 4 -712.751 104
CHF2 30 47 0 -745.304 108
CHF2 30 47 1 -726.126 108
CHF2 30 47 2 -728.193 108
CHF2 30 47 3 -720.296 106
CHF2 30 47 4 -714.801 104
CHF2 30 48 0 -752.463 108
CHF2 30 48 1 -736.300 108
CHF2 30 48 2 -736.762 108
CHF2 30 48 3 -683.474 101
CHF2 30 48 4 -693.412 101
CHF2 30 49 0 -718.332 103
CHF2 30 49 1 -703.330 103
CHF2 30 49 2 -705.243 103
CHF2 30 49 3 -623.164 90
CHF2 30 49 4 -597.215 85
CHF2 30 50 0 -627.138 89
CHF2 30 50 1 -609.387 89
CHF2 30 50 2 -610.759 89
CHF2 30 50 3 -612.959 89
CHF2 30 50 4 -609.542 89
