**********************************CF at 20 eV***********************************
      E_before (dft)       E_after (dft)     E_before (bpnn)      E_after (bpnn)         E_rxn (dft)        E_rxn (bpnn)
             -752.78             -753.62             -752.64             -753.70               -0.84               -1.06
             -752.45             -761.48             -755.18             -761.66               -9.03               -6.48
             -761.48             -751.59             -761.66             -755.56                9.89                6.10
             -751.59             -762.28             -755.56             -764.40              -10.69               -8.84
             -762.28             -766.24             -764.40             -766.00               -3.96               -1.60
             -765.07             -774.25             -767.47             -776.65               -9.18               -9.18
             -774.25             -776.32             -776.65             -778.75               -2.08               -2.10
             -775.16             -784.66             -780.23             -787.41               -9.50               -7.19
             -784.66             -793.15             -787.41             -794.61               -8.49               -7.20
             -791.99             -799.08             -796.08             -804.51               -7.09               -8.43
             -799.08             -810.56             -804.51             -810.95              -11.48               -6.44
             -809.39             -816.90             -812.43             -819.21               -7.50               -6.78
             -816.90             -819.30             -819.21             -821.41               -2.40               -2.20
             -804.42             -813.27             -809.31             -816.78               -8.85               -7.47
             -813.27             -817.99             -816.78             -819.67               -4.71               -2.90
             -816.82             -823.36             -821.15             -827.23               -6.54               -6.08
             -823.36             -828.14             -827.23             -831.59               -4.78               -4.36
             -826.97             -840.94             -833.06             -845.36              -13.97              -12.30
             -840.94             -843.69             -845.36             -846.08               -2.75               -0.72
             -842.53             -853.97             -847.55             -856.21              -11.44               -8.66
             -853.97             -856.64             -856.21             -860.31               -2.68               -4.10
             -855.48             -860.65             -861.78             -865.27               -5.17               -3.49
             -860.65             -860.45             -865.27             -864.13                0.20                1.14
             -848.84             -857.38             -854.81             -859.50               -8.54               -4.70
             -857.38             -849.95             -859.50             -855.37                7.43                4.14
             -849.95             -861.13             -855.37             -865.00              -11.18               -9.63
             -861.13             -863.39             -865.00             -867.02               -2.25               -2.02
             -862.22             -870.18             -868.49             -878.09               -7.96               -9.60
             -870.18             -877.23             -878.09             -881.00               -7.05               -2.91
             -877.66             -881.40             -881.24             -884.88               -3.74               -3.64
             -881.40             -886.66             -884.88             -888.22               -5.26               -3.34
             -885.50             -896.60             -889.70             -899.22              -11.11               -9.52
             -896.60             -896.38             -899.22             -900.04                0.23               -0.82
             -895.21             -911.37             -901.51             -913.80              -16.16              -12.29
             -911.37             -898.98             -913.80             -902.18               12.38               11.62
             -895.61             -902.40             -900.36             -907.74               -6.79               -7.39
             -902.40             -912.69             -907.74             -916.60              -10.29               -8.85
             -911.53             -921.26             -918.07             -925.03               -9.73               -6.96
             -921.26             -921.40             -925.03             -925.62               -0.14               -0.59
**********************************CF at 50 eV***********************************
      E_before (dft)       E_after (dft)     E_before (bpnn)      E_after (bpnn)         E_rxn (dft)        E_rxn (bpnn)
             -747.64             -742.04             -746.04             -745.09                5.61                0.96
             -740.87             -759.15             -746.56             -759.18              -18.28              -12.62
             -726.79             -740.97             -732.37             -743.83              -14.18              -11.46
             -740.97             -739.61             -743.83             -741.55                1.36                2.28
             -738.44             -752.56             -743.02             -752.53              -14.12               -9.51
             -733.76             -725.33             -740.78             -726.43                8.43               14.34
             -721.82             -712.20             -726.05             -714.78                9.62               11.27
             -655.86             -661.58             -660.57             -662.93               -5.72               -2.36
             -614.68             -605.40             -618.02             -611.01                9.29                7.01
             -596.55             -591.23             -598.55             -593.06                5.31                5.49
             -588.12             -598.69             -591.32             -599.05              -10.57               -7.72
             -597.52             -597.05             -600.52             -601.12                0.47               -0.61
             -569.40             -578.12             -575.81             -579.70               -8.73               -3.89
             -578.12             -565.58             -579.70             -569.97               12.54                9.73
             -561.31             -580.59             -569.71             -578.23              -19.29               -8.53
             -560.33             -579.28             -568.48             -582.14              -18.94              -13.67
             -565.52             -562.34             -569.72             -560.67                3.19                9.05
             -562.34             -560.01             -560.67             -564.66                2.32               -3.99
             -560.45             -551.45             -564.90             -555.63                9.00                9.26
             -501.42             -487.38             -506.96             -494.17               14.05               12.80
             -466.92             -478.01             -474.63             -491.31              -11.08              -16.68
             -183.50             -166.15             -183.57             -169.03               17.35               14.54
**********************************CF3 at 20 eV**********************************
      E_before (dft)       E_after (dft)     E_before (bpnn)      E_after (bpnn)         E_rxn (dft)        E_rxn (bpnn)
             -762.72             -768.81             -762.06             -770.24               -6.09               -8.19
             -787.03             -789.56             -789.16             -790.58               -2.53               -1.43
             -789.56             -789.23             -790.58             -790.58                0.32                0.01
             -789.23             -792.72             -790.58             -793.02               -3.49               -2.44
             -792.72             -788.01             -793.02             -789.65                4.70                3.37
             -795.79             -796.29             -797.77             -797.21               -0.49                0.55
             -796.29             -792.73             -797.21             -793.45                3.56                3.76
             -800.50             -801.88             -801.57             -801.80               -1.38               -0.23
             -801.88             -800.88             -801.80             -801.88                1.01               -0.07
             -800.88             -802.29             -801.88             -803.71               -1.41               -1.83
             -802.29             -803.62             -803.71             -804.48               -1.33               -0.77
             -821.83             -819.19             -823.39             -822.97                2.64                0.42
             -819.19             -821.31             -822.97             -821.37               -2.13                1.60
             -829.09             -828.98             -829.49             -830.04                0.10               -0.55
             -828.98             -827.50             -830.04             -829.86                1.49                0.18
             -827.50             -828.07             -829.86             -829.18               -0.58                0.67
             -828.07             -824.08             -829.18             -824.72                3.99                4.46
             -831.86             -832.07             -832.84             -835.66               -0.21               -2.82
             -832.07             -832.54             -835.66             -834.18               -0.47                1.48
             -832.54             -828.24             -834.18             -831.00                4.30                3.18
             -828.24             -827.24             -831.00             -828.94                1.00                2.06
             -835.02             -834.76             -837.06             -837.54                0.25               -0.47
             -834.76             -835.24             -837.54             -837.41               -0.48                0.13
             -835.24             -836.17             -837.41             -836.01               -0.93                1.40
             -836.17             -835.97             -836.01             -837.58                0.20               -1.57
             -835.97             -837.49             -837.58             -839.44               -1.52               -1.86
             -837.49             -835.05             -839.44             -836.78                2.44                2.66
             -835.05             -832.49             -836.78             -835.04                2.56                1.74
             -832.49             -829.47             -835.04             -832.53                3.01                2.51
             -837.25             -835.26             -840.65             -839.99                1.99                0.66
             -835.26             -837.34             -839.99             -839.63               -2.08                0.36
             -837.34             -836.77             -839.63             -839.26                0.57                0.36
             -836.77             -839.77             -839.26             -841.06               -3.00               -1.80
             -839.77             -839.87             -841.06             -842.48               -0.09               -1.42
             -839.87             -840.38             -842.48             -842.30               -0.51                0.18
             -840.38             -839.07             -842.30             -839.80                1.30                2.50
             -839.07             -839.74             -839.80             -841.71               -0.67               -1.91
             -839.74             -838.99             -841.71             -841.35                0.75                0.36
             -838.99             -840.38             -841.35             -842.04               -1.39               -0.69
**********************************CF3 at 50 eV**********************************
      E_before (dft)       E_after (dft)     E_before (bpnn)      E_after (bpnn)         E_rxn (dft)        E_rxn (bpnn)
             -758.33             -753.04             -760.69             -755.47                5.29                5.22
             -770.42             -777.25             -773.43             -776.50               -6.83               -3.07
             -777.25             -772.18             -776.50             -773.84                5.07                2.65
             -791.56             -772.04             -791.28             -773.78               19.52               17.50
             -771.19             -775.19             -772.83             -776.68               -4.00               -3.85
             -791.20             -793.08             -792.30             -792.05               -1.88                0.24
             -795.74             -785.95             -793.71             -790.13                9.79                3.58
             -777.05             -780.87             -778.60             -782.23               -3.82               -3.63
             -780.87             -774.79             -782.23             -780.09                6.08                2.13
             -790.80             -793.82             -795.71             -797.06               -3.03               -1.35
             -796.22             -787.69             -795.08             -791.23                8.53                3.85
             -775.97             -767.98             -778.60             -771.81                7.99                6.79
             -729.06             -728.90             -734.17             -728.86                0.15                5.30
             -724.39             -729.59             -725.68             -737.09               -5.19              -11.41
             -673.12             -676.32             -674.91             -673.57               -3.20                1.34
             -613.49             -617.47             -613.36             -617.50               -3.98               -4.13
             -594.00             -602.44             -595.39             -602.82               -8.44               -7.43
             -555.88             -547.80             -556.03             -551.88                8.08                4.16
             -533.72             -539.38             -535.35             -542.33               -5.66               -6.99
             -418.25             -422.65             -418.34             -421.14               -4.40               -2.81
*********************************CH2F at 20 eV**********************************
      E_before (dft)       E_after (dft)     E_before (bpnn)      E_after (bpnn)         E_rxn (dft)        E_rxn (bpnn)
             -760.14             -763.79             -761.44             -765.85               -3.66               -4.41
             -782.13             -784.63             -784.24             -786.07               -2.50               -1.82
             -784.63             -785.09             -786.07             -786.38               -0.46               -0.31
             -785.09             -786.64             -786.38             -789.43               -1.55               -3.05
             -786.64             -787.61             -789.43             -791.05               -0.97               -1.62
             -805.95             -807.58             -809.45             -810.01               -1.64               -0.56
             -807.58             -808.76             -810.01             -810.45               -1.17               -0.44
             -827.09             -827.58             -828.84             -830.35               -0.49               -1.50
             -827.58             -823.36             -830.35             -827.23                4.22                3.12
             -841.18             -838.91             -843.95             -842.02                2.27                1.93
             -838.91             -843.78             -842.02             -846.29               -4.86               -4.27
             -862.11             -860.00             -864.68             -862.97                2.12                1.71
             -860.00             -861.74             -862.97             -865.34               -1.74               -2.37
             -874.86             -875.11             -875.97             -876.23               -0.25               -0.26
             -872.96             -874.93             -876.83             -878.47               -1.97               -1.64
             -861.47             -864.65             -864.31             -870.16               -3.18               -5.85
             -864.65             -867.96             -870.16             -870.32               -3.31               -0.16
             -886.30             -882.62             -888.71             -887.18                3.68                1.53
             -882.62             -885.55             -887.18             -887.52               -2.93               -0.34
             -885.55             -885.91             -887.52             -889.21               -0.36               -1.70
             -886.06             -888.69             -888.05             -890.57               -2.63               -2.52
             -888.69             -888.26             -890.57             -890.29                0.43                0.28
             -888.26             -887.62             -890.29             -890.01                0.63                0.28
             -868.27             -868.14             -871.61             -870.65                0.14                0.96
             -872.52             -872.25             -876.10             -876.57                0.27               -0.47
             -850.19             -860.86             -855.11             -868.30              -10.67              -13.19
             -860.86             -860.25             -868.30             -864.10                0.61                4.19
             -878.59             -878.09             -882.50             -881.48                0.50                1.01
             -878.09             -880.14             -881.48             -883.99               -2.05               -2.51
             -893.25             -887.60             -894.63             -895.08                5.65               -0.46
             -846.04             -842.64             -848.16             -846.21                3.40                1.96
*********************************CH2F at 50 eV**********************************
      E_before (dft)       E_after (dft)     E_before (bpnn)      E_after (bpnn)         E_rxn (dft)        E_rxn (bpnn)
             -753.02             -756.80             -758.19             -757.13               -3.78                1.06
             -767.42             -771.97             -770.31             -771.55               -4.55               -1.24
             -787.20             -777.62             -788.21             -789.36                9.58               -1.15
             -777.62             -784.57             -789.36             -790.48               -6.95               -1.13
             -802.90             -799.06             -808.88             -803.00                3.84                5.87
             -782.21             -785.83             -784.87             -790.31               -3.61               -5.44
             -804.16             -792.43             -808.70             -796.52               11.73               12.18
             -789.32             -789.80             -794.79             -795.06               -0.48               -0.27
             -789.80             -799.69             -795.06             -806.77               -9.89              -11.71
             -798.85             -800.63             -805.81             -808.83               -1.78               -3.02
             -799.46             -810.09             -810.31             -823.01              -10.63              -12.70
             -810.09             -813.40             -823.01             -818.96               -3.31                4.04
             -831.73             -830.69             -837.35             -837.19                1.04                0.16
             -814.15             -813.36             -819.24             -816.15                0.79                3.09
             -800.91             -798.18             -808.74             -804.30                2.73                4.43
             -815.68             -803.19             -821.74             -819.08               12.49                2.66
             -800.04             -803.47             -809.78             -812.57               -3.43               -2.79
             -805.78             -801.02             -817.43             -813.05                4.76                4.38
             -797.90             -798.37             -811.31             -812.25               -0.47               -0.94
             -811.49             -805.72             -822.89             -819.14                5.77                3.75
             -796.76             -799.53             -806.44             -802.74               -2.77                3.70
             -797.32             -788.86             -808.48             -795.07                8.46               13.41
             -709.45             -698.84             -716.06             -713.01               10.61                3.05
