# key etched_amount(A)
0.000000000000000000e+00 0.000000000000000000e+00
1.000000000000000000e+01 -1.289999999999999147e+00
2.000000000000000000e+01 -1.737000000000001876e+00
3.000000000000000000e+01 -1.215000000000003411e+00
4.000000000000000000e+01 -1.295000000000001705e+00
5.000000000000000000e+01 -8.790000000000048885e-01
6.000000000000000000e+01 -6.799999999999997158e-01
7.000000000000000000e+01 -1.231000000000001648e+00
8.000000000000000000e+01 -5.780000000000029559e-01
9.000000000000000000e+01 3.499999999999658939e-02
1.000000000000000000e+02 8.599999999999852207e-02
1.100000000000000000e+02 7.789999999999963620e-01
1.200000000000000000e+02 1.198999999999998067e+00
1.300000000000000000e+02 1.887999999999998124e+00
1.400000000000000000e+02 1.094000000000001194e+00
1.500000000000000000e+02 2.489999999999952252e-01
1.600000000000000000e+02 -1.000000000000014211e-01
1.700000000000000000e+02 -1.213000000000000966e+00
1.800000000000000000e+02 -8.240000000000051728e-01
1.900000000000000000e+02 2.379999999999995453e-01
2.000000000000000000e+02 -3.710000000000022169e-01
2.100000000000000000e+02 -3.580000000000040927e-01
2.200000000000000000e+02 -6.080000000000040927e-01
2.300000000000000000e+02 9.100000000000108002e-02
2.400000000000000000e+02 4.259999999999948272e-01
2.500000000000000000e+02 7.040000000000006253e-01
2.600000000000000000e+02 -1.870000000000047180e-01
2.700000000000000000e+02 -2.989999999999994884e-01
2.800000000000000000e+02 -8.599999999999994316e-01
2.900000000000000000e+02 -3.099999999999880629e-02
3.000000000000000000e+02 1.500000000000056843e-02
3.100000000000000000e+02 8.189999999999955094e-01
3.200000000000000000e+02 4.279999999999972715e-01
3.300000000000000000e+02 3.599999999999425881e-02
3.400000000000000000e+02 4.179999999999992610e-01
3.500000000000000000e+02 1.021999999999998465e+00
3.600000000000000000e+02 1.460000000000007958e-01
3.700000000000000000e+02 2.659999999999982379e-01
3.800000000000000000e+02 8.269999999999981810e-01
3.900000000000000000e+02 8.789999999999977831e-01
4.000000000000000000e+02 6.250000000000000000e-01
4.100000000000000000e+02 -5.390000000000014779e-01
4.200000000000000000e+02 3.769999999999953388e-01
4.300000000000000000e+02 9.219999999999970441e-01
4.400000000000000000e+02 6.340000000000003411e-01
4.500000000000000000e+02 7.699999999999818101e-02
4.600000000000000000e+02 1.550000000000011369e-01
4.700000000000000000e+02 -1.570000000000035811e-01
4.800000000000000000e+02 -8.500000000000014211e-01
4.900000000000000000e+02 -7.980000000000018190e-01
5.000000000000000000e+02 -3.730000000000046612e-01
5.100000000000000000e+02 -1.420000000000030127e-01
5.200000000000000000e+02 -1.020000000000038654e-01
5.300000000000000000e+02 3.129999999999952820e-01
5.400000000000000000e+02 3.309999999999959641e-01
5.500000000000000000e+02 -6.320000000000050022e-01
5.600000000000000000e+02 -1.103000000000001535e+00
5.700000000000000000e+02 -1.081000000000003070e+00
5.800000000000000000e+02 -8.960000000000007958e-01
5.900000000000000000e+02 -7.530000000000001137e-01
6.000000000000000000e+02 -3.479999999999989768e-01
6.100000000000000000e+02 1.039999999999999147e+00
6.200000000000000000e+02 1.769999999999996021e-01
6.300000000000000000e+02 1.199999999999974420e-01
6.400000000000000000e+02 -3.000000000000113687e-03
6.500000000000000000e+02 9.000000000000341061e-03
6.600000000000000000e+02 6.439999999999983515e-01
6.700000000000000000e+02 1.213999999999998636e+00
6.800000000000000000e+02 1.262999999999998124e+00
6.900000000000000000e+02 -4.010000000000033538e-01
7.000000000000000000e+02 -3.076000000000000512e+00
7.100000000000000000e+02 -3.897000000000005571e+00
7.200000000000000000e+02 -2.764000000000002899e+00
7.300000000000000000e+02 -4.000000000000000000e+00
7.400000000000000000e+02 -4.532000000000003581e+00
7.500000000000000000e+02 -4.955000000000005400e+00
7.600000000000000000e+02 -5.011000000000002785e+00
7.700000000000000000e+02 -5.486000000000004206e+00
7.800000000000000000e+02 -4.891000000000005343e+00
7.900000000000000000e+02 -5.063000000000002387e+00
8.000000000000000000e+02 -4.394000000000005457e+00
8.100000000000000000e+02 -3.150000000000005684e+00
8.200000000000000000e+02 -3.021000000000000796e+00
8.300000000000000000e+02 -2.839000000000005741e+00
8.400000000000000000e+02 -2.536999999999999034e+00
8.500000000000000000e+02 -3.166000000000003922e+00
8.600000000000000000e+02 -3.327000000000005286e+00
8.700000000000000000e+02 -6.644000000000005457e+00
8.800000000000000000e+02 -4.917000000000001592e+00
8.900000000000000000e+02 -5.782000000000003581e+00
9.000000000000000000e+02 -6.115000000000001990e+00
9.100000000000000000e+02 -5.830000000000005400e+00
9.200000000000000000e+02 -5.200000000000002842e+00
9.300000000000000000e+02 -6.964000000000005741e+00
9.400000000000000000e+02 -6.286999999999999034e+00
9.500000000000000000e+02 -4.608000000000004093e+00
9.600000000000000000e+02 -4.990000000000001990e+00
9.700000000000000000e+02 -5.623000000000004661e+00
9.800000000000000000e+02 -6.517000000000003013e+00
9.900000000000000000e+02 -6.637000000000000455e+00
1.000000000000000000e+03 -7.635000000000005116e+00
1.010000000000000000e+03 -7.301999999999999602e+00
1.020000000000000000e+03 -7.359999999999999432e+00
1.030000000000000000e+03 -7.865000000000001990e+00
1.040000000000000000e+03 -8.440000000000004832e+00
1.050000000000000000e+03 -1.050400000000000489e+01
1.060000000000000000e+03 -9.458000000000005514e+00
1.070000000000000000e+03 -1.023199999999999932e+01
1.080000000000000000e+03 -1.090000000000000568e+01
1.090000000000000000e+03 -1.263100000000000023e+01
1.100000000000000000e+03 -1.116900000000000404e+01
1.110000000000000000e+03 -1.109499999999999886e+01
1.120000000000000000e+03 -1.118500000000000227e+01
1.130000000000000000e+03 -9.925000000000004263e+00
1.140000000000000000e+03 -1.091300000000000381e+01
1.150000000000000000e+03 -9.910000000000003695e+00
1.160000000000000000e+03 -9.100000000000001421e+00
1.170000000000000000e+03 -1.060900000000000176e+01
1.180000000000000000e+03 -9.078000000000002956e+00
1.190000000000000000e+03 -1.065800000000000125e+01
1.200000000000000000e+03 -1.146900000000000119e+01
1.210000000000000000e+03 -1.123199999999999932e+01
1.220000000000000000e+03 -1.086500000000000199e+01
1.230000000000000000e+03 -1.151700000000000301e+01
1.240000000000000000e+03 -1.131900000000000261e+01
1.250000000000000000e+03 -1.172400000000000375e+01
1.260000000000000000e+03 -1.220400000000000063e+01
1.270000000000000000e+03 -1.254299999999999926e+01
1.280000000000000000e+03 -1.296999999999999886e+01
1.290000000000000000e+03 -1.170500000000000540e+01
1.300000000000000000e+03 -1.242600000000000193e+01
1.310000000000000000e+03 -1.150800000000000267e+01
1.320000000000000000e+03 -1.116300000000000381e+01
1.330000000000000000e+03 -1.235800000000000409e+01
1.340000000000000000e+03 -1.217900000000000205e+01
1.350000000000000000e+03 -1.308500000000000085e+01
1.360000000000000000e+03 -1.135300000000000153e+01
1.370000000000000000e+03 -1.202900000000000347e+01
1.380000000000000000e+03 -1.311700000000000443e+01
1.390000000000000000e+03 -1.419900000000000517e+01
1.400000000000000000e+03 -1.535399999999999920e+01
1.410000000000000000e+03 -1.771000000000000085e+01
1.420000000000000000e+03 -1.814500000000000313e+01
1.430000000000000000e+03 -1.737400000000000233e+01
1.440000000000000000e+03 -1.713000000000000256e+01
1.450000000000000000e+03 -1.628999999999999915e+01
1.460000000000000000e+03 -1.570600000000000307e+01
1.470000000000000000e+03 -1.603600000000000136e+01
1.480000000000000000e+03 -1.604100000000000392e+01
1.490000000000000000e+03 -1.531500000000000483e+01
1.500000000000000000e+03 -1.971500000000000341e+01
1.510000000000000000e+03 -2.027400000000000091e+01
1.520000000000000000e+03 -2.085399999999999920e+01
1.530000000000000000e+03 -2.199300000000000210e+01
1.540000000000000000e+03 -2.112800000000000011e+01
1.550000000000000000e+03 -2.332000000000000028e+01
1.560000000000000000e+03 -2.325200000000000244e+01
1.570000000000000000e+03 -2.260800000000000409e+01
1.580000000000000000e+03 -2.296700000000000585e+01
1.590000000000000000e+03 -2.427300000000000324e+01
1.600000000000000000e+03 -2.397500000000000142e+01
1.610000000000000000e+03 -2.408800000000000097e+01
1.620000000000000000e+03 -2.693500000000000227e+01
1.630000000000000000e+03 -2.631800000000000495e+01
1.640000000000000000e+03 -2.662300000000000466e+01
1.650000000000000000e+03 -2.627200000000000557e+01
1.660000000000000000e+03 -2.605799999999999983e+01
1.670000000000000000e+03 -2.727400000000000091e+01
1.680000000000000000e+03 -2.542500000000000426e+01
1.690000000000000000e+03 -2.576300000000000523e+01
1.700000000000000000e+03 -2.584900000000000375e+01
1.710000000000000000e+03 -2.516100000000000136e+01
1.720000000000000000e+03 -2.616900000000000404e+01
1.730000000000000000e+03 -2.666400000000000148e+01
1.740000000000000000e+03 -2.677100000000000080e+01
1.750000000000000000e+03 -2.675300000000000011e+01
1.760000000000000000e+03 -2.791800000000000281e+01
1.770000000000000000e+03 -2.802300000000000324e+01
1.780000000000000000e+03 -2.737100000000000222e+01
1.790000000000000000e+03 -2.847700000000000387e+01
1.800000000000000000e+03 -2.804100000000000392e+01
1.810000000000000000e+03 -2.879500000000000171e+01
1.820000000000000000e+03 -2.890900000000000247e+01
1.830000000000000000e+03 -2.972100000000000364e+01
1.840000000000000000e+03 -2.988700000000000401e+01
1.850000000000000000e+03 -2.929400000000000404e+01
1.860000000000000000e+03 -2.847200000000000131e+01
1.870000000000000000e+03 -2.826400000000000290e+01
1.880000000000000000e+03 -2.805600000000000094e+01
1.890000000000000000e+03 -2.819800000000000395e+01
1.900000000000000000e+03 -2.678300000000000125e+01
1.910000000000000000e+03 -2.880000000000000071e+01
1.920000000000000000e+03 -2.982500000000000284e+01
1.930000000000000000e+03 -2.962900000000000134e+01
1.940000000000000000e+03 -3.089800000000000324e+01
1.950000000000000000e+03 -3.096600000000000108e+01
1.960000000000000000e+03 -3.209600000000000364e+01
1.970000000000000000e+03 -3.122800000000000153e+01
1.980000000000000000e+03 -3.301600000000000534e+01
1.990000000000000000e+03 -3.427000000000000313e+01
2.000000000000000000e+03 -3.375300000000000011e+01
2.010000000000000000e+03 -3.429999999999999716e+01
2.020000000000000000e+03 -3.459100000000000108e+01
2.030000000000000000e+03 -3.387600000000000477e+01
2.040000000000000000e+03 -3.427800000000000580e+01
2.050000000000000000e+03 -3.376300000000000523e+01
2.060000000000000000e+03 -3.489300000000000068e+01
2.070000000000000000e+03 -3.547400000000000375e+01
2.080000000000000000e+03 -3.502700000000000102e+01
2.090000000000000000e+03 -3.530800000000000693e+01
2.100000000000000000e+03 -3.493000000000000682e+01
2.110000000000000000e+03 -3.559199999999999875e+01
2.120000000000000000e+03 -3.536599999999999966e+01
2.130000000000000000e+03 -3.557600000000000762e+01
2.140000000000000000e+03 -3.597100000000000364e+01
2.150000000000000000e+03 -3.747899999999999920e+01
2.160000000000000000e+03 -3.710800000000000409e+01
2.170000000000000000e+03 -3.730500000000000682e+01
2.180000000000000000e+03 -3.657999999999999829e+01
2.190000000000000000e+03 -3.681199999999999761e+01
2.200000000000000000e+03 -3.752900000000000347e+01
2.210000000000000000e+03 -3.765700000000000358e+01
2.220000000000000000e+03 -3.839100000000000534e+01
2.230000000000000000e+03 -3.915600000000000591e+01
2.240000000000000000e+03 -3.938700000000000045e+01
2.250000000000000000e+03 -3.917199999999999704e+01
2.260000000000000000e+03 -4.002900000000000347e+01
2.270000000000000000e+03 -3.868999999999999773e+01
2.280000000000000000e+03 -3.899200000000000443e+01
2.290000000000000000e+03 -3.957000000000000739e+01
2.300000000000000000e+03 -3.999500000000000455e+01
2.310000000000000000e+03 -4.149800000000000466e+01
2.320000000000000000e+03 -4.013800000000000523e+01
2.330000000000000000e+03 -4.197700000000000387e+01
2.340000000000000000e+03 -4.254100000000000392e+01
2.350000000000000000e+03 -4.260699999999999932e+01
2.360000000000000000e+03 -4.336400000000000432e+01
2.370000000000000000e+03 -4.348300000000000409e+01
2.380000000000000000e+03 -4.374300000000000210e+01
2.390000000000000000e+03 -4.336599999999999966e+01
2.400000000000000000e+03 -4.280299999999999727e+01
2.410000000000000000e+03 -4.375300000000000011e+01
2.420000000000000000e+03 -4.345300000000000296e+01
2.430000000000000000e+03 -4.375900000000000034e+01
2.440000000000000000e+03 -4.315700000000000358e+01
2.450000000000000000e+03 -4.391000000000000369e+01
2.460000000000000000e+03 -4.508400000000000318e+01
2.470000000000000000e+03 -4.476400000000000290e+01
2.480000000000000000e+03 -4.470499999999999829e+01
2.490000000000000000e+03 -4.470799999999999841e+01
2.500000000000000000e+03 -4.649099999999999966e+01
2.510000000000000000e+03 -4.650600000000000023e+01
2.520000000000000000e+03 -4.595199999999999818e+01
2.530000000000000000e+03 -4.575600000000000023e+01
2.540000000000000000e+03 -4.563200000000000500e+01
2.550000000000000000e+03 -4.496300000000000097e+01
2.560000000000000000e+03 -4.452700000000000102e+01
2.570000000000000000e+03 -4.461899999999999977e+01
2.580000000000000000e+03 -4.576100000000000279e+01
2.590000000000000000e+03 -4.528800000000000381e+01
2.600000000000000000e+03 -4.488700000000000045e+01
2.610000000000000000e+03 -4.484799999999999898e+01
2.620000000000000000e+03 -4.583800000000000097e+01
2.630000000000000000e+03 -4.603700000000000614e+01
2.640000000000000000e+03 -4.705900000000000460e+01
2.650000000000000000e+03 -4.760800000000000409e+01
2.660000000000000000e+03 -4.727000000000000313e+01
2.670000000000000000e+03 -4.779900000000000659e+01
2.680000000000000000e+03 -4.796699999999999875e+01
2.690000000000000000e+03 -4.707300000000000040e+01
2.700000000000000000e+03 -4.610399999999999920e+01
2.710000000000000000e+03 -4.666200000000000614e+01
2.720000000000000000e+03 -4.708299999999999841e+01
2.730000000000000000e+03 -4.614900000000000091e+01
2.740000000000000000e+03 -4.648700000000000188e+01
2.750000000000000000e+03 -4.764700000000000557e+01
2.760000000000000000e+03 -4.732999999999999829e+01
2.770000000000000000e+03 -4.761700000000000443e+01
2.780000000000000000e+03 -4.914100000000000534e+01
2.790000000000000000e+03 -4.862800000000000011e+01
2.800000000000000000e+03 -4.902000000000000313e+01
2.810000000000000000e+03 -4.813200000000000500e+01
2.820000000000000000e+03 -4.848400000000000176e+01
2.830000000000000000e+03 -5.022599999999999909e+01
2.840000000000000000e+03 -4.925900000000000034e+01
2.850000000000000000e+03 -4.954800000000000182e+01
2.860000000000000000e+03 -4.958100000000000307e+01
2.870000000000000000e+03 -5.054700000000000415e+01
2.880000000000000000e+03 -5.100000000000000000e+01
2.890000000000000000e+03 -5.226800000000000068e+01
2.900000000000000000e+03 -5.207100000000000506e+01
2.910000000000000000e+03 -5.192999999999999972e+01
2.920000000000000000e+03 -5.196200000000000330e+01
2.930000000000000000e+03 -5.303000000000000114e+01
2.940000000000000000e+03 -5.264300000000000068e+01
2.950000000000000000e+03 -5.255199999999999960e+01
2.960000000000000000e+03 -5.290800000000000125e+01
2.970000000000000000e+03 -5.377500000000000568e+01
2.980000000000000000e+03 -5.321300000000000097e+01
2.990000000000000000e+03 -5.240100000000000335e+01
3.000000000000000000e+03 -5.268700000000000472e+01
3.010000000000000000e+03 -5.290200000000000102e+01
3.020000000000000000e+03 -5.279299999999999926e+01
3.030000000000000000e+03 -5.157700000000000529e+01
3.040000000000000000e+03 -5.291400000000000148e+01
3.050000000000000000e+03 -5.179000000000000625e+01
3.060000000000000000e+03 -5.161100000000000421e+01
3.070000000000000000e+03 -5.193900000000000006e+01
3.080000000000000000e+03 -5.245100000000000051e+01
3.090000000000000000e+03 -5.316600000000000392e+01
3.100000000000000000e+03 -5.502900000000000347e+01
3.110000000000000000e+03 -5.422599999999999909e+01
3.120000000000000000e+03 -5.456300000000000239e+01
3.130000000000000000e+03 -5.604200000000000159e+01
3.140000000000000000e+03 -5.664000000000000057e+01
3.150000000000000000e+03 -5.603699999999999903e+01
3.160000000000000000e+03 -5.606300000000000239e+01
3.170000000000000000e+03 -5.632200000000000273e+01
3.180000000000000000e+03 -5.648600000000000421e+01
3.190000000000000000e+03 -5.743700000000000472e+01
3.200000000000000000e+03 -5.717699999999999960e+01
3.210000000000000000e+03 -5.756800000000000495e+01
3.220000000000000000e+03 -5.693700000000000472e+01
3.230000000000000000e+03 -5.622500000000000142e+01
3.240000000000000000e+03 -5.814400000000000546e+01
3.250000000000000000e+03 -5.818400000000000460e+01
3.260000000000000000e+03 -5.938300000000000267e+01
3.270000000000000000e+03 -5.935200000000000387e+01
3.280000000000000000e+03 -5.919200000000000017e+01
3.290000000000000000e+03 -5.820200000000000529e+01
3.300000000000000000e+03 -5.878300000000000125e+01
3.310000000000000000e+03 -5.906200000000000472e+01
3.320000000000000000e+03 -5.959199999999999875e+01
3.330000000000000000e+03 -5.976300000000000523e+01
3.340000000000000000e+03 -5.952200000000000557e+01
3.350000000000000000e+03 -5.999099999999999966e+01
3.360000000000000000e+03 -6.148600000000000421e+01
3.370000000000000000e+03 -6.132600000000000051e+01
3.380000000000000000e+03 -6.221500000000000341e+01
3.390000000000000000e+03 -6.220100000000000051e+01
3.400000000000000000e+03 -6.229500000000000171e+01
3.410000000000000000e+03 -6.247100000000000364e+01
3.420000000000000000e+03 -6.221500000000000341e+01
3.430000000000000000e+03 -6.389200000000000301e+01
3.440000000000000000e+03 -6.187900000000000489e+01
3.450000000000000000e+03 -6.274000000000000199e+01
3.460000000000000000e+03 -6.363700000000000045e+01
3.470000000000000000e+03 -6.389700000000000557e+01
3.480000000000000000e+03 -6.421799999999998931e+01
3.490000000000000000e+03 -6.546700000000001296e+01
3.500000000000000000e+03 -6.706800000000001205e+01
3.510000000000000000e+03 -6.457200000000000273e+01
3.520000000000000000e+03 -6.466200000000000614e+01
3.530000000000000000e+03 -6.658600000000001273e+01
3.540000000000000000e+03 -6.592000000000001592e+01
3.550000000000000000e+03 -6.627200000000001978e+01
3.560000000000000000e+03 -6.666400000000000148e+01
3.570000000000000000e+03 -6.653999999999999204e+01
3.580000000000000000e+03 -6.507300000000000750e+01
3.590000000000000000e+03 -6.816700000000000159e+01
3.600000000000000000e+03 -6.825700000000001921e+01
3.610000000000000000e+03 -6.941100000000000136e+01
3.620000000000000000e+03 -6.928699999999999193e+01
3.630000000000000000e+03 -6.820099999999999341e+01
3.640000000000000000e+03 -6.988900000000001000e+01
3.650000000000000000e+03 -6.991500000000000625e+01
3.660000000000000000e+03 -6.975900000000001455e+01
3.670000000000000000e+03 -6.999500000000000455e+01
3.680000000000000000e+03 -7.104200000000000159e+01
3.690000000000000000e+03 -7.177500000000000568e+01
3.700000000000000000e+03 -7.208599999999999852e+01
3.710000000000000000e+03 -7.267200000000001125e+01
3.720000000000000000e+03 -7.226500000000001478e+01
3.730000000000000000e+03 -7.326699999999999591e+01
3.740000000000000000e+03 -7.411899999999999977e+01
3.750000000000000000e+03 -7.443099999999999739e+01
3.760000000000000000e+03 -7.483900000000001285e+01
3.770000000000000000e+03 -7.458300000000001262e+01
3.780000000000000000e+03 -7.502900000000001057e+01
3.790000000000000000e+03 -7.527600000000001046e+01
3.800000000000000000e+03 -7.577200000000000557e+01
3.810000000000000000e+03 -7.541200000000000614e+01
3.820000000000000000e+03 -7.513400000000000034e+01
3.830000000000000000e+03 -7.540399999999999636e+01
3.840000000000000000e+03 -7.596399999999999864e+01
3.850000000000000000e+03 -7.536200000000000898e+01
3.860000000000000000e+03 -7.584999999999999432e+01
3.870000000000000000e+03 -7.645900000000001739e+01
3.880000000000000000e+03 -7.764700000000000557e+01
3.890000000000000000e+03 -7.649900000000000944e+01
3.900000000000000000e+03 -7.527700000000000102e+01
3.910000000000000000e+03 -7.597300000000001319e+01
3.920000000000000000e+03 -7.690400000000001057e+01
3.930000000000000000e+03 -7.743099999999999739e+01
3.940000000000000000e+03 -7.767799999999999727e+01
3.950000000000000000e+03 -7.798300000000000409e+01
3.960000000000000000e+03 -7.787900000000001910e+01
3.970000000000000000e+03 -7.850999999999999091e+01
3.980000000000000000e+03 -7.779100000000001103e+01
3.990000000000000000e+03 -7.796699999999999875e+01
4.000000000000000000e+03 -7.578100000000000591e+01
4.010000000000000000e+03 -7.677100000000000080e+01
4.020000000000000000e+03 -7.928100000000002012e+01
4.030000000000000000e+03 -7.887700000000000955e+01
4.040000000000000000e+03 -8.026100000000000989e+01
4.050000000000000000e+03 -7.952700000000000102e+01
4.060000000000000000e+03 -8.085200000000000387e+01
4.070000000000000000e+03 -8.011600000000001387e+01
4.080000000000000000e+03 -7.958400000000000318e+01
4.090000000000000000e+03 -7.924800000000000466e+01
4.100000000000000000e+03 -7.975500000000000966e+01
4.110000000000000000e+03 -7.912900000000000489e+01
4.120000000000000000e+03 -7.909100000000000819e+01
4.130000000000000000e+03 -8.124399999999999977e+01
4.140000000000000000e+03 -8.085100000000001330e+01
4.150000000000000000e+03 -8.226500000000001478e+01
4.160000000000000000e+03 -8.279200000000001580e+01
4.170000000000000000e+03 -8.208499999999999375e+01
4.180000000000000000e+03 -8.229699999999999704e+01
4.190000000000000000e+03 -8.285200000000001808e+01
4.200000000000000000e+03 -8.317799999999999727e+01
4.210000000000000000e+03 -8.368800000000000239e+01
4.220000000000000000e+03 -8.278900000000001569e+01
4.230000000000000000e+03 -8.314000000000001478e+01
4.240000000000000000e+03 -8.387800000000000011e+01
4.250000000000000000e+03 -8.404200000000001580e+01
4.260000000000000000e+03 -8.480200000000000671e+01
4.270000000000000000e+03 -8.509499999999999886e+01
4.280000000000000000e+03 -8.484400000000000830e+01
4.290000000000000000e+03 -8.387400000000000944e+01
4.300000000000000000e+03 -8.421200000000000330e+01
4.310000000000000000e+03 -8.561400000000000432e+01
4.320000000000000000e+03 -8.523500000000001364e+01
4.330000000000000000e+03 -8.595500000000001251e+01
4.340000000000000000e+03 -8.571400000000001285e+01
4.350000000000000000e+03 -8.536400000000000432e+01
4.360000000000000000e+03 -8.582700000000001239e+01
4.370000000000000000e+03 -8.424899999999999523e+01
4.380000000000000000e+03 -8.514100000000000534e+01
4.390000000000000000e+03 -8.406199999999999761e+01
4.400000000000000000e+03 -8.474399999999999977e+01
4.410000000000000000e+03 -8.510000000000000853e+01
4.420000000000000000e+03 -8.706100000000000705e+01
4.430000000000000000e+03 -8.751800000000000068e+01
4.440000000000000000e+03 -8.823900000000001853e+01
4.450000000000000000e+03 -9.180700000000000216e+01
4.460000000000000000e+03 -9.208700000000000330e+01
4.470000000000000000e+03 -9.204200000000000159e+01
4.480000000000000000e+03 -9.278400000000000603e+01
4.490000000000000000e+03 -9.275700000000000500e+01
4.500000000000000000e+03 -9.190100000000001046e+01
4.510000000000000000e+03 -9.308300000000001262e+01
4.520000000000000000e+03 -9.248999999999999488e+01
4.530000000000000000e+03 -9.189700000000000557e+01
4.540000000000000000e+03 -9.179500000000000171e+01
4.550000000000000000e+03 -9.287399999999999523e+01
4.560000000000000000e+03 -9.261299999999999955e+01
4.570000000000000000e+03 -9.157300000000000750e+01
4.580000000000000000e+03 -9.234400000000000830e+01
4.590000000000000000e+03 -9.267900000000000205e+01
4.600000000000000000e+03 -9.202900000000001057e+01
4.610000000000000000e+03 -9.333599999999999852e+01
4.620000000000000000e+03 -9.230799999999999272e+01
4.630000000000000000e+03 -9.385300000000000864e+01
4.640000000000000000e+03 -9.469199999999999307e+01
4.650000000000000000e+03 -9.518699999999999761e+01
4.660000000000000000e+03 -9.375900000000001455e+01
4.670000000000000000e+03 -9.386199999999999477e+01
4.680000000000000000e+03 -9.477300000000001035e+01
4.690000000000000000e+03 -9.439200000000001012e+01
4.700000000000000000e+03 -9.611100000000000421e+01
4.710000000000000000e+03 -9.643099999999999739e+01
4.720000000000000000e+03 -9.653500000000001080e+01
4.730000000000000000e+03 -9.728900000000001569e+01
4.740000000000000000e+03 -9.604200000000001580e+01
4.750000000000000000e+03 -9.517400000000000659e+01
4.760000000000000000e+03 -9.449900000000000944e+01
4.770000000000000000e+03 -9.512900000000001910e+01
4.780000000000000000e+03 -9.543599999999999284e+01
4.790000000000000000e+03 -9.530900000000001171e+01
4.800000000000000000e+03 -9.604500000000000171e+01
4.810000000000000000e+03 -9.642300000000000182e+01
4.820000000000000000e+03 -9.646099999999999852e+01
4.830000000000000000e+03 -9.807599999999999341e+01
4.840000000000000000e+03 -9.830900000000001171e+01
4.850000000000000000e+03 -9.793200000000001637e+01
4.860000000000000000e+03 -9.810200000000000387e+01
4.870000000000000000e+03 -9.912000000000001876e+01
4.880000000000000000e+03 -9.830899999999999750e+01
4.890000000000000000e+03 -1.000210000000000008e+02
4.900000000000000000e+03 -9.893199999999998795e+01
4.910000000000000000e+03 -9.874699999999999989e+01
4.920000000000000000e+03 -9.944999999999998863e+01
4.930000000000000000e+03 -9.844599999999999795e+01
4.940000000000000000e+03 -9.910500000000001819e+01
4.950000000000000000e+03 -9.960699999999999932e+01
4.960000000000000000e+03 -1.003669999999999902e+02
4.970000000000000000e+03 -1.001070000000000135e+02
4.980000000000000000e+03 -1.004059999999999917e+02
4.990000000000000000e+03 -1.012139999999999986e+02
5.000000000000000000e+03 -1.020180000000000007e+02
5.010000000000000000e+03 -1.012810000000000059e+02
5.020000000000000000e+03 -1.028070000000000022e+02
5.030000000000000000e+03 -1.034939999999999998e+02
5.040000000000000000e+03 -1.040339999999999918e+02
5.050000000000000000e+03 -1.044120000000000061e+02
5.060000000000000000e+03 -1.051670000000000016e+02
5.070000000000000000e+03 -1.053940000000000055e+02
5.080000000000000000e+03 -1.046290000000000049e+02
5.090000000000000000e+03 -1.043320000000000078e+02
5.100000000000000000e+03 -1.047570000000000050e+02
5.110000000000000000e+03 -1.045650000000000119e+02
5.120000000000000000e+03 -1.056820000000000022e+02
5.130000000000000000e+03 -1.044690000000000083e+02
5.140000000000000000e+03 -1.043919999999999959e+02
5.150000000000000000e+03 -1.049549999999999983e+02
5.160000000000000000e+03 -1.056899999999999977e+02
5.170000000000000000e+03 -1.059190000000000111e+02
5.180000000000000000e+03 -1.044630000000000081e+02
5.190000000000000000e+03 -1.047520000000000095e+02
5.200000000000000000e+03 -1.045010000000000190e+02
5.210000000000000000e+03 -1.044320000000000022e+02
5.220000000000000000e+03 -1.053850000000000051e+02
5.230000000000000000e+03 -1.055420000000000016e+02
5.240000000000000000e+03 -1.063640000000000043e+02
5.250000000000000000e+03 -1.047770000000000010e+02
5.260000000000000000e+03 -1.044459999999999980e+02
5.270000000000000000e+03 -1.047069999999999936e+02
5.280000000000000000e+03 -1.048830000000000098e+02
5.290000000000000000e+03 -1.040900000000000034e+02
5.300000000000000000e+03 -1.037980000000000160e+02
5.310000000000000000e+03 -1.047010000000000076e+02
5.320000000000000000e+03 -1.031260000000000190e+02
5.330000000000000000e+03 -1.029880000000000138e+02
5.340000000000000000e+03 -1.050960000000000178e+02
5.350000000000000000e+03 -1.051239999999999952e+02
5.360000000000000000e+03 -1.047610000000000099e+02
5.370000000000000000e+03 -1.056720000000000113e+02
5.380000000000000000e+03 -1.064189999999999969e+02
5.390000000000000000e+03 -1.048450000000000131e+02
5.400000000000000000e+03 -1.059320000000000022e+02
5.410000000000000000e+03 -1.069069999999999965e+02
5.420000000000000000e+03 -1.068719999999999999e+02
5.430000000000000000e+03 -1.072660000000000053e+02
5.440000000000000000e+03 -1.069560000000000031e+02
5.450000000000000000e+03 -1.073620000000000090e+02
5.460000000000000000e+03 -1.081890000000000072e+02
5.470000000000000000e+03 -1.087470000000000141e+02
5.480000000000000000e+03 -1.080110000000000099e+02
5.490000000000000000e+03 -1.093559999999999945e+02
5.500000000000000000e+03 -1.106620000000000061e+02
5.510000000000000000e+03 -1.102010000000000218e+02
5.520000000000000000e+03 -1.111970000000000027e+02
5.530000000000000000e+03 -1.120909999999999940e+02
5.540000000000000000e+03 -1.115889999999999986e+02
5.550000000000000000e+03 -1.115829999999999984e+02
5.560000000000000000e+03 -1.114240000000000066e+02
5.570000000000000000e+03 -1.108130000000000166e+02
5.580000000000000000e+03 -1.105010000000000048e+02
5.590000000000000000e+03 -1.115700000000000074e+02
5.600000000000000000e+03 -1.118260000000000076e+02
5.610000000000000000e+03 -1.124740000000000038e+02
5.620000000000000000e+03 -1.123170000000000073e+02
5.630000000000000000e+03 -1.129710000000000036e+02
5.640000000000000000e+03 -1.133850000000000051e+02
5.650000000000000000e+03 -1.111730000000000160e+02
5.660000000000000000e+03 -1.126460000000000008e+02
5.670000000000000000e+03 -1.125070000000000050e+02
5.680000000000000000e+03 -1.127960000000000065e+02
5.690000000000000000e+03 -1.119130000000000109e+02
5.700000000000000000e+03 -1.128750000000000142e+02
5.710000000000000000e+03 -1.130740000000000123e+02
5.720000000000000000e+03 -1.135900000000000034e+02
5.730000000000000000e+03 -1.124909999999999997e+02
5.740000000000000000e+03 -1.142399999999999949e+02
5.750000000000000000e+03 -1.143820000000000050e+02
5.760000000000000000e+03 -1.145500000000000114e+02
5.770000000000000000e+03 -1.152950000000000017e+02
5.780000000000000000e+03 -1.140969999999999942e+02
5.790000000000000000e+03 -1.148149999999999977e+02
5.800000000000000000e+03 -1.149980000000000047e+02
5.810000000000000000e+03 -1.162689999999999912e+02
5.820000000000000000e+03 -1.171819999999999879e+02
5.830000000000000000e+03 -1.179030000000000058e+02
5.840000000000000000e+03 -1.180370000000000061e+02
5.850000000000000000e+03 -1.185630000000000024e+02
5.860000000000000000e+03 -1.179659999999999940e+02
5.870000000000000000e+03 -1.183330000000000126e+02
5.880000000000000000e+03 -1.180639999999999930e+02
5.890000000000000000e+03 -1.183080000000000069e+02
5.900000000000000000e+03 -1.191830000000000069e+02
5.910000000000000000e+03 -1.193250000000000028e+02
5.920000000000000000e+03 -1.198030000000000115e+02
5.930000000000000000e+03 -1.199330000000000069e+02
5.940000000000000000e+03 -1.210979999999999990e+02
5.950000000000000000e+03 -1.201089999999999947e+02
5.960000000000000000e+03 -1.195990000000000038e+02
5.970000000000000000e+03 -1.209069999999999965e+02
5.980000000000000000e+03 -1.212309999999999945e+02
5.990000000000000000e+03 -1.206670000000000158e+02
6.000000000000000000e+03 -1.206470000000000056e+02
6.010000000000000000e+03 -1.205219999999999914e+02
6.020000000000000000e+03 -1.209089999999999918e+02
6.030000000000000000e+03 -1.216790000000000163e+02
6.040000000000000000e+03 -1.216890000000000072e+02
6.050000000000000000e+03 -1.219540000000000077e+02
6.060000000000000000e+03 -1.218130000000000024e+02
6.070000000000000000e+03 -1.222680000000000007e+02
6.080000000000000000e+03 -1.219080000000000013e+02
6.090000000000000000e+03 -1.222790000000000106e+02
6.100000000000000000e+03 -1.227950000000000017e+02
6.110000000000000000e+03 -1.228310000000000173e+02
6.120000000000000000e+03 -1.225210000000000008e+02
6.130000000000000000e+03 -1.228770000000000095e+02
6.140000000000000000e+03 -1.225230000000000103e+02
6.150000000000000000e+03 -1.226359999999999957e+02
6.160000000000000000e+03 -1.218150000000000119e+02
6.170000000000000000e+03 -1.234060000000000059e+02
6.180000000000000000e+03 -1.235679999999999978e+02
6.190000000000000000e+03 -1.236510000000000105e+02
6.200000000000000000e+03 -1.232070000000000078e+02
6.210000000000000000e+03 -1.219300000000000068e+02
6.220000000000000000e+03 -1.223690000000000140e+02
6.230000000000000000e+03 -1.217730000000000103e+02
6.240000000000000000e+03 -1.217170000000000130e+02
6.250000000000000000e+03 -1.219590000000000032e+02
6.260000000000000000e+03 -1.233340000000000032e+02
6.270000000000000000e+03 -1.236140000000000043e+02
6.280000000000000000e+03 -1.242840000000000060e+02
6.290000000000000000e+03 -1.240610000000000070e+02
6.300000000000000000e+03 -1.231350000000000193e+02
6.310000000000000000e+03 -1.242300000000000182e+02
6.320000000000000000e+03 -1.245920000000000130e+02
6.330000000000000000e+03 -1.242360000000000042e+02
6.340000000000000000e+03 -1.248049999999999926e+02
6.350000000000000000e+03 -1.250390000000000015e+02
6.360000000000000000e+03 -1.244740000000000180e+02
6.370000000000000000e+03 -1.247620000000000147e+02
6.380000000000000000e+03 -1.243430000000000035e+02
6.390000000000000000e+03 -1.244490000000000123e+02
6.400000000000000000e+03 -1.251120000000000232e+02
6.410000000000000000e+03 -1.253460000000000036e+02
6.420000000000000000e+03 -1.254270000000000067e+02
6.430000000000000000e+03 -1.255480000000000018e+02
6.440000000000000000e+03 -1.266580000000000155e+02
6.450000000000000000e+03 -1.268210000000000122e+02
6.460000000000000000e+03 -1.264550000000000125e+02
6.470000000000000000e+03 -1.267049999999999983e+02
6.480000000000000000e+03 -1.264560000000000031e+02
6.490000000000000000e+03 -1.265300000000000011e+02
6.500000000000000000e+03 -1.268089999999999975e+02
6.510000000000000000e+03 -1.267929999999999922e+02
6.520000000000000000e+03 -1.270090000000000003e+02
6.530000000000000000e+03 -1.276879999999999882e+02
6.540000000000000000e+03 -1.276740000000000066e+02
6.550000000000000000e+03 -1.271380000000000052e+02
6.560000000000000000e+03 -1.271159999999999997e+02
6.570000000000000000e+03 -1.286419999999999959e+02
6.580000000000000000e+03 -1.290060000000000002e+02
6.590000000000000000e+03 -1.299159999999999968e+02
6.600000000000000000e+03 -1.289030000000000200e+02
6.610000000000000000e+03 -1.294259999999999877e+02
6.620000000000000000e+03 -1.296730000000000018e+02
6.630000000000000000e+03 -1.305060000000000002e+02
6.640000000000000000e+03 -1.299189999999999827e+02
6.650000000000000000e+03 -1.294579999999999984e+02
6.660000000000000000e+03 -1.300409999999999968e+02
6.670000000000000000e+03 -1.284650000000000034e+02
6.680000000000000000e+03 -1.288419999999999845e+02
6.690000000000000000e+03 -1.294989999999999952e+02
6.700000000000000000e+03 -1.290190000000000055e+02
6.710000000000000000e+03 -1.293750000000000000e+02
6.720000000000000000e+03 -1.296860000000000070e+02
6.730000000000000000e+03 -1.289820000000000277e+02
6.740000000000000000e+03 -1.299519999999999982e+02
6.750000000000000000e+03 -1.307500000000000000e+02
6.760000000000000000e+03 -1.316179999999999950e+02
6.770000000000000000e+03 -1.317420000000000186e+02
6.780000000000000000e+03 -1.317339999999999804e+02
6.790000000000000000e+03 -1.319940000000000282e+02
6.800000000000000000e+03 -1.329600000000000080e+02
6.810000000000000000e+03 -1.333399999999999750e+02
6.820000000000000000e+03 -1.321980000000000075e+02
6.830000000000000000e+03 -1.325660000000000025e+02
6.840000000000000000e+03 -1.324689999999999941e+02
6.850000000000000000e+03 -1.319139999999999873e+02
6.860000000000000000e+03 -1.324060000000000059e+02
6.870000000000000000e+03 -1.319120000000000061e+02
6.880000000000000000e+03 -1.319430000000000121e+02
6.890000000000000000e+03 -1.331730000000000018e+02
6.900000000000000000e+03 -1.330560000000000400e+02
6.910000000000000000e+03 -1.326290000000000191e+02
6.920000000000000000e+03 -1.332659999999999911e+02
6.930000000000000000e+03 -1.331709999999999923e+02
6.940000000000000000e+03 -1.328410000000000082e+02
6.950000000000000000e+03 -1.330540000000000020e+02
6.960000000000000000e+03 -1.335740000000000123e+02
6.970000000000000000e+03 -1.346100000000000136e+02
6.980000000000000000e+03 -1.340579999999999927e+02
6.990000000000000000e+03 -1.344839999999999804e+02
7.000000000000000000e+03 -1.347189999999999941e+02
7.010000000000000000e+03 -1.350320000000000107e+02
7.020000000000000000e+03 -1.358079999999999927e+02
7.030000000000000000e+03 -1.354420000000000073e+02
7.040000000000000000e+03 -1.362590000000000146e+02
7.050000000000000000e+03 -1.355760000000000218e+02
7.060000000000000000e+03 -1.360349999999999966e+02
7.070000000000000000e+03 -1.362680000000000007e+02
7.080000000000000000e+03 -1.370110000000000241e+02
7.090000000000000000e+03 -1.372000000000000171e+02
7.100000000000000000e+03 -1.372680000000000007e+02
7.110000000000000000e+03 -1.361380000000000052e+02
7.120000000000000000e+03 -1.370349999999999966e+02
7.130000000000000000e+03 -1.363100000000000023e+02
7.140000000000000000e+03 -1.364030000000000200e+02
7.150000000000000000e+03 -1.368020000000000209e+02
7.160000000000000000e+03 -1.355450000000000159e+02
7.170000000000000000e+03 -1.345850000000000080e+02
7.180000000000000000e+03 -1.341650000000000205e+02
7.190000000000000000e+03 -1.354560000000000173e+02
7.200000000000000000e+03 -1.344739999999999895e+02
7.210000000000000000e+03 -1.339120000000000061e+02
7.220000000000000000e+03 -1.338199999999999932e+02
7.230000000000000000e+03 -1.343460000000000036e+02
7.240000000000000000e+03 -1.347549999999999955e+02
7.250000000000000000e+03 -1.349920000000000186e+02
7.260000000000000000e+03 -1.359379999999999882e+02
7.270000000000000000e+03 -1.357850000000000250e+02
7.280000000000000000e+03 -1.362370000000000232e+02
7.290000000000000000e+03 -1.347660000000000196e+02
7.300000000000000000e+03 -1.353910000000000196e+02
7.310000000000000000e+03 -1.360370000000000061e+02
7.320000000000000000e+03 -1.362489999999999952e+02
7.330000000000000000e+03 -1.368380000000000223e+02
7.340000000000000000e+03 -1.363259999999999934e+02
7.350000000000000000e+03 -1.355780000000000030e+02
7.360000000000000000e+03 -1.360339999999999918e+02
7.370000000000000000e+03 -1.359790000000000134e+02
7.380000000000000000e+03 -1.378799999999999955e+02
7.390000000000000000e+03 -1.385190000000000055e+02
7.400000000000000000e+03 -1.387259999999999991e+02
7.410000000000000000e+03 -1.394590000000000032e+02
7.420000000000000000e+03 -1.393670000000000186e+02
7.430000000000000000e+03 -1.389950000000000045e+02
7.440000000000000000e+03 -1.391410000000000196e+02
7.450000000000000000e+03 -1.389010000000000105e+02
7.460000000000000000e+03 -1.388170000000000073e+02
7.470000000000000000e+03 -1.393470000000000084e+02
7.480000000000000000e+03 -1.391480000000000246e+02
7.490000000000000000e+03 -1.391649999999999920e+02
7.500000000000000000e+03 -1.395490000000000066e+02
7.510000000000000000e+03 -1.392800000000000296e+02
7.520000000000000000e+03 -1.394540000000000077e+02
7.530000000000000000e+03 -1.402590000000000146e+02
7.540000000000000000e+03 -1.407130000000000223e+02
7.550000000000000000e+03 -1.411279999999999859e+02
7.560000000000000000e+03 -1.411090000000000089e+02
7.570000000000000000e+03 -1.410730000000000075e+02
7.580000000000000000e+03 -1.409780000000000086e+02
7.590000000000000000e+03 -1.397480000000000189e+02
7.600000000000000000e+03 -1.390190000000000055e+02
7.610000000000000000e+03 -1.398919999999999959e+02
7.620000000000000000e+03 -1.400330000000000155e+02
7.630000000000000000e+03 -1.396619999999999777e+02
7.640000000000000000e+03 -1.394630000000000223e+02
7.650000000000000000e+03 -1.394569999999999936e+02
7.660000000000000000e+03 -1.385610000000000355e+02
7.670000000000000000e+03 -1.388130000000000166e+02
7.680000000000000000e+03 -1.401809999999999832e+02
7.690000000000000000e+03 -1.394269999999999925e+02
7.700000000000000000e+03 -1.403059999999999832e+02
7.710000000000000000e+03 -1.397270000000000039e+02
7.720000000000000000e+03 -1.396940000000000168e+02
7.730000000000000000e+03 -1.388449999999999989e+02
7.740000000000000000e+03 -1.400160000000000196e+02
7.750000000000000000e+03 -1.401769999999999925e+02
7.760000000000000000e+03 -1.406610000000000014e+02
7.770000000000000000e+03 -1.405269999999999868e+02
7.780000000000000000e+03 -1.413009999999999877e+02
7.790000000000000000e+03 -1.417169999999999845e+02
7.800000000000000000e+03 -1.417300000000000182e+02
7.810000000000000000e+03 -1.418860000000000241e+02
7.820000000000000000e+03 -1.421250000000000000e+02
7.830000000000000000e+03 -1.422040000000000077e+02
7.840000000000000000e+03 -1.428860000000000241e+02
7.850000000000000000e+03 -1.417950000000000159e+02
7.860000000000000000e+03 -1.417400000000000091e+02
7.870000000000000000e+03 -1.426200000000000045e+02
7.880000000000000000e+03 -1.421170000000000186e+02
7.890000000000000000e+03 -1.420129999999999768e+02
7.900000000000000000e+03 -1.427030000000000030e+02
7.910000000000000000e+03 -1.431630000000000109e+02
7.920000000000000000e+03 -1.442990000000000066e+02
7.930000000000000000e+03 -1.445079999999999814e+02
7.940000000000000000e+03 -1.441400000000000148e+02
7.950000000000000000e+03 -1.447470000000000141e+02
7.960000000000000000e+03 -1.444210000000000207e+02
7.970000000000000000e+03 -1.441250000000000000e+02
7.980000000000000000e+03 -1.438100000000000023e+02
7.990000000000000000e+03 -1.436620000000000061e+02
8.000000000000000000e+03 -1.436240000000000236e+02
8.010000000000000000e+03 -1.443700000000000045e+02
8.020000000000000000e+03 -1.451119999999999948e+02
8.030000000000000000e+03 -1.450130000000000052e+02
8.040000000000000000e+03 -1.452620000000000005e+02
8.050000000000000000e+03 -1.442719999999999914e+02
8.060000000000000000e+03 -1.440769999999999982e+02
8.070000000000000000e+03 -1.436209999999999809e+02
8.080000000000000000e+03 -1.432740000000000009e+02
8.090000000000000000e+03 -1.442919999999999732e+02
8.100000000000000000e+03 -1.434460000000000264e+02
8.110000000000000000e+03 -1.445150000000000148e+02
8.120000000000000000e+03 -1.446890000000000214e+02
8.130000000000000000e+03 -1.456239999999999952e+02
8.140000000000000000e+03 -1.450190000000000055e+02
8.150000000000000000e+03 -1.445430000000000064e+02
8.160000000000000000e+03 -1.445630000000000166e+02
8.170000000000000000e+03 -1.444120000000000346e+02
8.180000000000000000e+03 -1.450330000000000155e+02
8.190000000000000000e+03 -1.446959999999999980e+02
8.200000000000000000e+03 -1.451800000000000068e+02
8.210000000000000000e+03 -1.453480000000000132e+02
8.220000000000000000e+03 -1.457740000000000009e+02
8.230000000000000000e+03 -1.465090000000000146e+02
8.240000000000000000e+03 -1.468890000000000100e+02
8.250000000000000000e+03 -1.480910000000000082e+02
8.260000000000000000e+03 -1.486640000000000157e+02
8.270000000000000000e+03 -1.490270000000000152e+02
8.280000000000000000e+03 -1.484759999999999991e+02
8.290000000000000000e+03 -1.489730000000000132e+02
8.300000000000000000e+03 -1.488170000000000073e+02
8.310000000000000000e+03 -1.494939999999999998e+02
8.320000000000000000e+03 -1.492869999999999777e+02
8.330000000000000000e+03 -1.494850000000000136e+02
8.340000000000000000e+03 -1.486600000000000250e+02
8.350000000000000000e+03 -1.499870000000000232e+02
8.360000000000000000e+03 -1.497309999999999945e+02
8.370000000000000000e+03 -1.505600000000000023e+02
8.380000000000000000e+03 -1.499259999999999877e+02
8.390000000000000000e+03 -1.490750000000000171e+02
8.400000000000000000e+03 -1.495280000000000200e+02
8.410000000000000000e+03 -1.491949999999999932e+02
8.420000000000000000e+03 -1.494420000000000073e+02
8.430000000000000000e+03 -1.497700000000000102e+02
8.440000000000000000e+03 -1.500960000000000036e+02
8.450000000000000000e+03 -1.499680000000000177e+02
8.460000000000000000e+03 -1.502069999999999936e+02
8.470000000000000000e+03 -1.507189999999999941e+02
8.480000000000000000e+03 -1.503609999999999900e+02
8.490000000000000000e+03 -1.490420000000000016e+02
8.500000000000000000e+03 -1.485009999999999764e+02
8.510000000000000000e+03 -1.491680000000000064e+02
8.520000000000000000e+03 -1.493040000000000020e+02
8.530000000000000000e+03 -1.502800000000000011e+02
8.540000000000000000e+03 -1.506299999999999955e+02
8.550000000000000000e+03 -1.500129999999999768e+02
8.560000000000000000e+03 -1.497069999999999936e+02
8.570000000000000000e+03 -1.499809999999999945e+02
8.580000000000000000e+03 -1.494730000000000132e+02
8.590000000000000000e+03 -1.502470000000000141e+02
8.600000000000000000e+03 -1.500930000000000177e+02
8.610000000000000000e+03 -1.505169999999999959e+02
8.620000000000000000e+03 -1.494650000000000034e+02
8.630000000000000000e+03 -1.499089999999999918e+02
8.640000000000000000e+03 -1.508170000000000073e+02
8.650000000000000000e+03 -1.517160000000000082e+02
8.660000000000000000e+03 -1.519900000000000091e+02
8.670000000000000000e+03 -1.519619999999999891e+02
8.680000000000000000e+03 -1.515989999999999895e+02
8.690000000000000000e+03 -1.524850000000000136e+02
8.700000000000000000e+03 -1.525080000000000098e+02
8.710000000000000000e+03 -1.524309999999999832e+02
8.720000000000000000e+03 -1.527780000000000200e+02
8.730000000000000000e+03 -1.512510000000000332e+02
8.740000000000000000e+03 -1.521990000000000123e+02
8.750000000000000000e+03 -1.525579999999999927e+02
8.760000000000000000e+03 -1.527679999999999723e+02
8.770000000000000000e+03 -1.530939999999999941e+02
8.780000000000000000e+03 -1.535040000000000191e+02
8.790000000000000000e+03 -1.527800000000000011e+02
8.800000000000000000e+03 -1.532579999999999814e+02
8.810000000000000000e+03 -1.534770000000000039e+02
8.820000000000000000e+03 -1.528280000000000030e+02
8.830000000000000000e+03 -1.525390000000000157e+02
8.840000000000000000e+03 -1.529770000000000323e+02
8.850000000000000000e+03 -1.529809999999999945e+02
8.860000000000000000e+03 -1.516189999999999998e+02
8.870000000000000000e+03 -1.524200000000000159e+02
8.880000000000000000e+03 -1.509010000000000105e+02
8.890000000000000000e+03 -1.523340000000000032e+02
8.900000000000000000e+03 -1.525369999999999777e+02
8.910000000000000000e+03 -1.523729999999999905e+02
8.920000000000000000e+03 -1.527909999999999968e+02
8.930000000000000000e+03 -1.531349999999999909e+02
8.940000000000000000e+03 -1.535060000000000002e+02
8.950000000000000000e+03 -1.534550000000000125e+02
8.960000000000000000e+03 -1.542700000000000102e+02
8.970000000000000000e+03 -1.549660000000000082e+02
8.980000000000000000e+03 -1.546569999999999823e+02
8.990000000000000000e+03 -1.541210000000000093e+02
9.000000000000000000e+03 -1.546779999999999973e+02
9.010000000000000000e+03 -1.537450000000000045e+02
9.020000000000000000e+03 -1.540569999999999879e+02
9.030000000000000000e+03 -1.550099999999999909e+02
9.040000000000000000e+03 -1.554310000000000116e+02
9.050000000000000000e+03 -1.557220000000000084e+02
9.060000000000000000e+03 -1.557100000000000080e+02
9.070000000000000000e+03 -1.550150000000000148e+02
9.080000000000000000e+03 -1.558029999999999973e+02
9.090000000000000000e+03 -1.564240000000000066e+02
9.100000000000000000e+03 -1.573420000000000130e+02
9.110000000000000000e+03 -1.581310000000000002e+02
9.120000000000000000e+03 -1.580960000000000036e+02
9.130000000000000000e+03 -1.579259999999999877e+02
9.140000000000000000e+03 -1.577570000000000050e+02
9.150000000000000000e+03 -1.589230000000000018e+02
9.160000000000000000e+03 -1.592429999999999950e+02
9.170000000000000000e+03 -1.587409999999999854e+02
9.180000000000000000e+03 -1.589279999999999973e+02
9.190000000000000000e+03 -1.581229999999999905e+02
9.200000000000000000e+03 -1.588309999999999889e+02
9.210000000000000000e+03 -1.599149999999999920e+02
9.220000000000000000e+03 -1.602669999999999959e+02
9.230000000000000000e+03 -1.611670000000000016e+02
9.240000000000000000e+03 -1.616539999999999964e+02
9.250000000000000000e+03 -1.610600000000000023e+02
9.260000000000000000e+03 -1.618810000000000002e+02
9.270000000000000000e+03 -1.619010000000000105e+02
9.280000000000000000e+03 -1.614900000000000091e+02
9.290000000000000000e+03 -1.599150000000000205e+02
9.300000000000000000e+03 -1.606779999999999973e+02
9.310000000000000000e+03 -1.610740000000000123e+02
9.320000000000000000e+03 -1.610070000000000050e+02
9.330000000000000000e+03 -1.615800000000000125e+02
9.340000000000000000e+03 -1.615349999999999966e+02
9.350000000000000000e+03 -1.618599999999999852e+02
9.360000000000000000e+03 -1.620540000000000020e+02
9.370000000000000000e+03 -1.622580000000000098e+02
9.380000000000000000e+03 -1.626690000000000396e+02
9.390000000000000000e+03 -1.613899999999999864e+02
9.400000000000000000e+03 -1.621239999999999952e+02
9.410000000000000000e+03 -1.626370000000000005e+02
9.420000000000000000e+03 -1.635639999999999930e+02
9.430000000000000000e+03 -1.636170000000000186e+02
9.440000000000000000e+03 -1.631759999999999877e+02
9.450000000000000000e+03 -1.633860000000000241e+02
9.460000000000000000e+03 -1.632319999999999993e+02
9.470000000000000000e+03 -1.635090000000000146e+02
9.480000000000000000e+03 -1.618940000000000055e+02
9.490000000000000000e+03 -1.621320000000000050e+02
9.500000000000000000e+03 -1.620679999999999836e+02
9.510000000000000000e+03 -1.618050000000000068e+02
9.520000000000000000e+03 -1.615079999999999814e+02
9.530000000000000000e+03 -1.614510000000000218e+02
9.540000000000000000e+03 -1.618350000000000080e+02
9.550000000000000000e+03 -1.622479999999999905e+02
9.560000000000000000e+03 -1.626370000000000005e+02
9.570000000000000000e+03 -1.621419999999999959e+02
9.580000000000000000e+03 -1.633969999999999914e+02
9.590000000000000000e+03 -1.625929999999999893e+02
9.600000000000000000e+03 -1.633139999999999930e+02
9.610000000000000000e+03 -1.632180000000000177e+02
9.620000000000000000e+03 -1.634910000000000139e+02
9.630000000000000000e+03 -1.627909999999999968e+02
9.640000000000000000e+03 -1.634230000000000018e+02
9.650000000000000000e+03 -1.625509999999999877e+02
9.660000000000000000e+03 -1.639730000000000132e+02
9.670000000000000000e+03 -1.644590000000000032e+02
9.680000000000000000e+03 -1.645780000000000030e+02
9.690000000000000000e+03 -1.649500000000000171e+02
9.700000000000000000e+03 -1.643439999999999941e+02
9.710000000000000000e+03 -1.649950000000000045e+02
9.720000000000000000e+03 -1.645180000000000007e+02
9.730000000000000000e+03 -1.639180000000000064e+02
9.740000000000000000e+03 -1.642529999999999859e+02
9.750000000000000000e+03 -1.641519999999999868e+02
9.760000000000000000e+03 -1.644290000000000020e+02
9.770000000000000000e+03 -1.649769999999999754e+02
9.780000000000000000e+03 -1.646390000000000100e+02
9.790000000000000000e+03 -1.647429999999999950e+02
9.800000000000000000e+03 -1.648110000000000070e+02
9.810000000000000000e+03 -1.653729999999999905e+02
9.820000000000000000e+03 -1.642609999999999957e+02
9.830000000000000000e+03 -1.642440000000000282e+02
9.840000000000000000e+03 -1.632800000000000011e+02
9.850000000000000000e+03 -1.637030000000000030e+02
9.860000000000000000e+03 -1.652350000000000136e+02
9.870000000000000000e+03 -1.655679999999999836e+02
9.880000000000000000e+03 -1.665399999999999920e+02
9.890000000000000000e+03 -1.672660000000000196e+02
9.900000000000000000e+03 -1.674159999999999968e+02
9.910000000000000000e+03 -1.672560000000000286e+02
9.920000000000000000e+03 -1.675609999999999786e+02
9.930000000000000000e+03 -1.681890000000000214e+02
9.940000000000000000e+03 -1.685099999999999909e+02
9.950000000000000000e+03 -1.688460000000000036e+02
9.960000000000000000e+03 -1.692250000000000227e+02
9.970000000000000000e+03 -1.693799999999999955e+02
9.980000000000000000e+03 -1.697549999999999955e+02
9.990000000000000000e+03 -1.697590000000000146e+02
1.000000000000000000e+04 -1.696279999999999859e+02
1.001000000000000000e+04 -1.697459999999999809e+02
1.002000000000000000e+04 -1.695289999999999964e+02
1.003000000000000000e+04 -1.695480000000000018e+02
1.004000000000000000e+04 -1.700280000000000200e+02
1.005000000000000000e+04 -1.698720000000000141e+02
1.006000000000000000e+04 -1.704339999999999975e+02
1.007000000000000000e+04 -1.701460000000000150e+02
1.008000000000000000e+04 -1.703379999999999939e+02
1.009000000000000000e+04 -1.702729999999999961e+02
1.010000000000000000e+04 -1.703029999999999973e+02
1.011000000000000000e+04 -1.703860000000000241e+02
1.012000000000000000e+04 -1.701500000000000341e+02
1.013000000000000000e+04 -1.696030000000000086e+02
1.014000000000000000e+04 -1.699490000000000123e+02
1.015000000000000000e+04 -1.700029999999999859e+02
1.016000000000000000e+04 -1.704100000000000250e+02
1.017000000000000000e+04 -1.705500000000000114e+02
1.018000000000000000e+04 -1.702870000000000346e+02
1.019000000000000000e+04 -1.707369999999999948e+02
1.020000000000000000e+04 -1.698990000000000009e+02
1.021000000000000000e+04 -1.704420000000000073e+02
1.022000000000000000e+04 -1.706009999999999991e+02
1.023000000000000000e+04 -1.709650000000000318e+02
1.024000000000000000e+04 -1.711200000000000045e+02
1.025000000000000000e+04 -1.714030000000000200e+02
1.026000000000000000e+04 -1.711779999999999973e+02
1.027000000000000000e+04 -1.715930000000000177e+02
1.028000000000000000e+04 -1.715949999999999989e+02
1.029000000000000000e+04 -1.711940000000000168e+02
1.030000000000000000e+04 -1.712770000000000152e+02
1.031000000000000000e+04 -1.707839999999999918e+02
1.032000000000000000e+04 -1.701350000000000193e+02
1.033000000000000000e+04 -1.707750000000000057e+02
1.034000000000000000e+04 -1.709950000000000045e+02
1.035000000000000000e+04 -1.713449999999999989e+02
1.036000000000000000e+04 -1.713799999999999955e+02
1.037000000000000000e+04 -1.714399999999999977e+02
1.038000000000000000e+04 -1.715170000000000243e+02
1.039000000000000000e+04 -1.712800000000000296e+02
1.040000000000000000e+04 -1.706360000000000241e+02
1.041000000000000000e+04 -1.710049999999999955e+02
1.042000000000000000e+04 -1.715330000000000155e+02
1.043000000000000000e+04 -1.716820000000000164e+02
1.044000000000000000e+04 -1.710780000000000030e+02
1.045000000000000000e+04 -1.713940000000000055e+02
1.046000000000000000e+04 -1.715649999999999977e+02
1.047000000000000000e+04 -1.709680000000000177e+02
1.048000000000000000e+04 -1.712390000000000043e+02
1.049000000000000000e+04 -1.713849999999999909e+02
1.050000000000000000e+04 -1.711620000000000061e+02
1.051000000000000000e+04 -1.714330000000000211e+02
1.052000000000000000e+04 -1.718220000000000027e+02
1.053000000000000000e+04 -1.720029999999999859e+02
1.054000000000000000e+04 -1.719279999999999973e+02
1.055000000000000000e+04 -1.725400000000000205e+02
1.056000000000000000e+04 -1.726490000000000009e+02
1.057000000000000000e+04 -1.721740000000000066e+02
1.058000000000000000e+04 -1.718610000000000184e+02
1.059000000000000000e+04 -1.729459999999999695e+02
1.060000000000000000e+04 -1.727479999999999905e+02
1.061000000000000000e+04 -1.732200000000000273e+02
1.062000000000000000e+04 -1.732069999999999936e+02
1.063000000000000000e+04 -1.732610000000000241e+02
1.064000000000000000e+04 -1.732800000000000011e+02
1.065000000000000000e+04 -1.731569999999999823e+02
1.066000000000000000e+04 -1.733170000000000073e+02
1.067000000000000000e+04 -1.732249999999999943e+02
1.068000000000000000e+04 -1.736539999999999964e+02
1.069000000000000000e+04 -1.735459999999999923e+02
1.070000000000000000e+04 -1.739440000000000168e+02
1.071000000000000000e+04 -1.737660000000000196e+02
1.072000000000000000e+04 -1.741419999999999959e+02
1.073000000000000000e+04 -1.740400000000000205e+02
1.074000000000000000e+04 -1.744420000000000073e+02
1.075000000000000000e+04 -1.739910000000000139e+02
1.076000000000000000e+04 -1.739159999999999968e+02
1.077000000000000000e+04 -1.737019999999999982e+02
1.078000000000000000e+04 -1.742009999999999934e+02
1.079000000000000000e+04 -1.741120000000000232e+02
1.080000000000000000e+04 -1.743429999999999893e+02
1.081000000000000000e+04 -1.747920000000000300e+02
1.082000000000000000e+04 -1.743960000000000150e+02
1.083000000000000000e+04 -1.744079999999999870e+02
1.084000000000000000e+04 -1.744089999999999918e+02
1.085000000000000000e+04 -1.742469999999999857e+02
1.086000000000000000e+04 -1.742429999999999950e+02
1.087000000000000000e+04 -1.742219999999999800e+02
1.088000000000000000e+04 -1.738959999999999866e+02
1.089000000000000000e+04 -1.742130000000000223e+02
1.090000000000000000e+04 -1.744730000000000132e+02
1.091000000000000000e+04 -1.745000000000000000e+02
1.092000000000000000e+04 -1.742250000000000227e+02
1.093000000000000000e+04 -1.735040000000000191e+02
1.094000000000000000e+04 -1.735829999999999984e+02
1.095000000000000000e+04 -1.728799999999999955e+02
1.096000000000000000e+04 -1.723760000000000048e+02
1.097000000000000000e+04 -1.733360000000000127e+02
1.098000000000000000e+04 -1.732870000000000061e+02
1.099000000000000000e+04 -1.730769999999999982e+02
1.100000000000000000e+04 -1.737699999999999818e+02
1.101000000000000000e+04 -1.734340000000000259e+02
1.102000000000000000e+04 -1.734130000000000109e+02
1.103000000000000000e+04 -1.740030000000000143e+02
1.104000000000000000e+04 -1.728460000000000036e+02
1.105000000000000000e+04 -1.729939999999999998e+02
1.106000000000000000e+04 -1.742069999999999936e+02
1.107000000000000000e+04 -1.745680000000000405e+02
1.108000000000000000e+04 -1.745370000000000061e+02
1.109000000000000000e+04 -1.747760000000000105e+02
1.110000000000000000e+04 -1.739280000000000257e+02
1.111000000000000000e+04 -1.738250000000000171e+02
1.112000000000000000e+04 -1.739370000000000118e+02
1.113000000000000000e+04 -1.735609999999999786e+02
1.114000000000000000e+04 -1.734850000000000136e+02
1.115000000000000000e+04 -1.737210000000000036e+02
1.116000000000000000e+04 -1.744269999999999925e+02
1.117000000000000000e+04 -1.747850000000000250e+02
1.118000000000000000e+04 -1.738880000000000337e+02
1.119000000000000000e+04 -1.743229999999999791e+02
1.120000000000000000e+04 -1.739430000000000121e+02
1.121000000000000000e+04 -1.740880000000000223e+02
1.122000000000000000e+04 -1.740339999999999918e+02
1.123000000000000000e+04 -1.742440000000000282e+02
1.124000000000000000e+04 -1.738170000000000073e+02
1.125000000000000000e+04 -1.742460000000000093e+02
1.126000000000000000e+04 -1.738580000000000041e+02
1.127000000000000000e+04 -1.740609999999999786e+02
1.128000000000000000e+04 -1.750880000000000223e+02
1.129000000000000000e+04 -1.755230000000000246e+02
1.130000000000000000e+04 -1.753040000000000020e+02
1.131000000000000000e+04 -1.753619999999999948e+02
1.132000000000000000e+04 -1.758569999999999993e+02
1.133000000000000000e+04 -1.756949999999999932e+02
1.134000000000000000e+04 -1.761510000000000105e+02
1.135000000000000000e+04 -1.762830000000000155e+02
1.136000000000000000e+04 -1.760970000000000084e+02
1.137000000000000000e+04 -1.762060000000000173e+02
1.138000000000000000e+04 -1.762549999999999955e+02
1.139000000000000000e+04 -1.764320000000000164e+02
1.140000000000000000e+04 -1.766520000000000152e+02
1.141000000000000000e+04 -1.763520000000000323e+02
1.142000000000000000e+04 -1.762040000000000077e+02
1.143000000000000000e+04 -1.765149999999999864e+02
1.144000000000000000e+04 -1.769620000000000175e+02
1.145000000000000000e+04 -1.764730000000000132e+02
1.146000000000000000e+04 -1.769940000000000282e+02
1.147000000000000000e+04 -1.767800000000000296e+02
1.148000000000000000e+04 -1.771030000000000086e+02
1.149000000000000000e+04 -1.770560000000000116e+02
1.150000000000000000e+04 -1.770880000000000223e+02
1.151000000000000000e+04 -1.767190000000000225e+02
1.152000000000000000e+04 -1.764710000000000036e+02
1.153000000000000000e+04 -1.759150000000000205e+02
1.154000000000000000e+04 -1.771200000000000045e+02
1.155000000000000000e+04 -1.775070000000000050e+02
1.156000000000000000e+04 -1.781119999999999948e+02
1.157000000000000000e+04 -1.779449999999999932e+02
1.158000000000000000e+04 -1.774739999999999895e+02
1.159000000000000000e+04 -1.777989999999999782e+02
1.160000000000000000e+04 -1.774039999999999964e+02
1.161000000000000000e+04 -1.774939999999999998e+02
1.162000000000000000e+04 -1.777530000000000427e+02
1.163000000000000000e+04 -1.780740000000000123e+02
1.164000000000000000e+04 -1.784499999999999886e+02
1.165000000000000000e+04 -1.781069999999999993e+02
1.166000000000000000e+04 -1.779689999999999941e+02
1.167000000000000000e+04 -1.776779999999999973e+02
1.168000000000000000e+04 -1.773990000000000009e+02
1.169000000000000000e+04 -1.775090000000000146e+02
1.170000000000000000e+04 -1.772160000000000082e+02
1.171000000000000000e+04 -1.772800000000000011e+02
1.172000000000000000e+04 -1.772379999999999995e+02
1.173000000000000000e+04 -1.771689999999999827e+02
1.174000000000000000e+04 -1.772350000000000136e+02
1.175000000000000000e+04 -1.767579999999999814e+02
1.176000000000000000e+04 -1.771580000000000155e+02
1.177000000000000000e+04 -1.769350000000000023e+02
1.178000000000000000e+04 -1.768310000000000173e+02
1.179000000000000000e+04 -1.774090000000000202e+02
1.180000000000000000e+04 -1.776460000000000150e+02
1.181000000000000000e+04 -1.781019999999999754e+02
1.182000000000000000e+04 -1.779550000000000125e+02
1.183000000000000000e+04 -1.782560000000000002e+02
1.184000000000000000e+04 -1.786870000000000118e+02
1.185000000000000000e+04 -1.787970000000000255e+02
1.186000000000000000e+04 -1.788820000000000050e+02
1.187000000000000000e+04 -1.792199999999999989e+02
1.188000000000000000e+04 -1.791960000000000264e+02
1.189000000000000000e+04 -1.793000000000000114e+02
1.190000000000000000e+04 -1.792240000000000180e+02
1.191000000000000000e+04 -1.788149999999999977e+02
1.192000000000000000e+04 -1.785469999999999970e+02
1.193000000000000000e+04 -1.791000000000000227e+02
1.194000000000000000e+04 -1.793650000000000091e+02
1.195000000000000000e+04 -1.795090000000000146e+02
1.196000000000000000e+04 -1.789760000000000275e+02
1.197000000000000000e+04 -1.786959999999999695e+02
1.198000000000000000e+04 -1.795529999999999973e+02
1.199000000000000000e+04 -1.794649999999999750e+02
1.200000000000000000e+04 -1.793180000000000121e+02
1.201000000000000000e+04 -1.791829999999999927e+02
1.202000000000000000e+04 -1.788369999999999891e+02
1.203000000000000000e+04 -1.788020000000000209e+02
1.204000000000000000e+04 -1.786790000000000305e+02
1.205000000000000000e+04 -1.791979999999999791e+02
1.206000000000000000e+04 -1.783369999999999891e+02
1.207000000000000000e+04 -1.787330000000000041e+02
1.208000000000000000e+04 -1.787649999999999864e+02
1.209000000000000000e+04 -1.789929999999999950e+02
1.210000000000000000e+04 -1.785769999999999982e+02
1.211000000000000000e+04 -1.787820000000000107e+02
1.212000000000000000e+04 -1.787429999999999950e+02
1.213000000000000000e+04 -1.787200000000000273e+02
1.214000000000000000e+04 -1.786050000000000182e+02
1.215000000000000000e+04 -1.787930000000000064e+02
1.216000000000000000e+04 -1.787189999999999941e+02
1.217000000000000000e+04 -1.785110000000000241e+02
1.218000000000000000e+04 -1.786920000000000073e+02
1.219000000000000000e+04 -1.781080000000000041e+02
1.220000000000000000e+04 -1.778380000000000223e+02
1.221000000000000000e+04 -1.785480000000000018e+02
1.222000000000000000e+04 -1.784730000000000132e+02
1.223000000000000000e+04 -1.787090000000000032e+02
1.224000000000000000e+04 -1.786759999999999877e+02
1.225000000000000000e+04 -1.779089999999999918e+02
1.226000000000000000e+04 -1.779209999999999923e+02
1.227000000000000000e+04 -1.784320000000000164e+02
1.228000000000000000e+04 -1.779440000000000168e+02
1.229000000000000000e+04 -1.773020000000000209e+02
1.230000000000000000e+04 -1.773170000000000073e+02
1.231000000000000000e+04 -1.779290000000000305e+02
1.232000000000000000e+04 -1.782479999999999905e+02
1.233000000000000000e+04 -1.772939999999999827e+02
1.234000000000000000e+04 -1.774110000000000014e+02
1.235000000000000000e+04 -1.771800000000000068e+02
1.236000000000000000e+04 -1.776560000000000059e+02
1.237000000000000000e+04 -1.769809999999999945e+02
1.238000000000000000e+04 -1.775459999999999923e+02
1.239000000000000000e+04 -1.768640000000000043e+02
1.240000000000000000e+04 -1.777529999999999859e+02
1.241000000000000000e+04 -1.767950000000000159e+02
1.242000000000000000e+04 -1.772259999999999991e+02
1.243000000000000000e+04 -1.769020000000000152e+02
1.244000000000000000e+04 -1.764370000000000118e+02
1.245000000000000000e+04 -1.764950000000000045e+02
1.246000000000000000e+04 -1.767110000000000127e+02
1.247000000000000000e+04 -1.762189999999999941e+02
1.248000000000000000e+04 -1.750400000000000205e+02
1.249000000000000000e+04 -1.739750000000000227e+02
1.250000000000000000e+04 -1.745559999999999832e+02
1.251000000000000000e+04 -1.739980000000000189e+02
1.252000000000000000e+04 -1.742950000000000159e+02
1.253000000000000000e+04 -1.749780000000000086e+02
1.254000000000000000e+04 -1.755860000000000127e+02
1.255000000000000000e+04 -1.753199999999999932e+02
1.256000000000000000e+04 -1.754490000000000123e+02
1.257000000000000000e+04 -1.755360000000000014e+02
1.258000000000000000e+04 -1.749900000000000091e+02
1.259000000000000000e+04 -1.759060000000000059e+02
1.260000000000000000e+04 -1.755260000000000105e+02
1.261000000000000000e+04 -1.764320000000000164e+02
1.262000000000000000e+04 -1.770850000000000080e+02
1.263000000000000000e+04 -1.783209999999999980e+02
1.264000000000000000e+04 -1.789159999999999968e+02
1.265000000000000000e+04 -1.782220000000000368e+02
1.266000000000000000e+04 -1.782129999999999939e+02
1.267000000000000000e+04 -1.781610000000000014e+02
1.268000000000000000e+04 -1.777680000000000291e+02
1.269000000000000000e+04 -1.777910000000000252e+02
1.270000000000000000e+04 -1.784579999999999984e+02
1.271000000000000000e+04 -1.792470000000000141e+02
1.272000000000000000e+04 -1.798190000000000168e+02
1.273000000000000000e+04 -1.797240000000000180e+02
1.274000000000000000e+04 -1.797920000000000016e+02
1.275000000000000000e+04 -1.803950000000000102e+02
1.276000000000000000e+04 -1.809630000000000223e+02
1.277000000000000000e+04 -1.806779999999999973e+02
1.278000000000000000e+04 -1.810160000000000196e+02
1.279000000000000000e+04 -1.804810000000000230e+02
1.280000000000000000e+04 -1.801850000000000023e+02
1.281000000000000000e+04 -1.807119999999999891e+02
1.282000000000000000e+04 -1.809530000000000314e+02
1.283000000000000000e+04 -1.808220000000000027e+02
1.284000000000000000e+04 -1.809379999999999882e+02
1.285000000000000000e+04 -1.808940000000000055e+02
1.286000000000000000e+04 -1.807900000000000205e+02
1.287000000000000000e+04 -1.807599999999999909e+02
1.288000000000000000e+04 -1.803909999999999911e+02
1.289000000000000000e+04 -1.796370000000000005e+02
1.290000000000000000e+04 -1.797369999999999948e+02
1.291000000000000000e+04 -1.800550000000000068e+02
1.292000000000000000e+04 -1.795620000000000118e+02
1.293000000000000000e+04 -1.800009999999999764e+02
1.294000000000000000e+04 -1.797839999999999918e+02
1.295000000000000000e+04 -1.790430000000000064e+02
1.296000000000000000e+04 -1.799159999999999968e+02
1.297000000000000000e+04 -1.798389999999999986e+02
1.298000000000000000e+04 -1.797530000000000143e+02
1.299000000000000000e+04 -1.802869999999999777e+02
1.300000000000000000e+04 -1.806689999999999827e+02
1.301000000000000000e+04 -1.807610000000000241e+02
1.302000000000000000e+04 -1.808639999999999759e+02
1.303000000000000000e+04 -1.806340000000000146e+02
1.304000000000000000e+04 -1.811399999999999864e+02
1.305000000000000000e+04 -1.810389999999999873e+02
1.306000000000000000e+04 -1.812309999999999945e+02
1.307000000000000000e+04 -1.812450000000000045e+02
1.308000000000000000e+04 -1.804650000000000318e+02
1.309000000000000000e+04 -1.813029999999999973e+02
1.310000000000000000e+04 -1.809699999999999989e+02
1.311000000000000000e+04 -1.809610000000000127e+02
1.312000000000000000e+04 -1.814309999999999832e+02
1.313000000000000000e+04 -1.821670000000000016e+02
1.314000000000000000e+04 -1.825090000000000146e+02
1.315000000000000000e+04 -1.828349999999999795e+02
1.316000000000000000e+04 -1.829360000000000070e+02
1.317000000000000000e+04 -1.826039999999999850e+02
1.318000000000000000e+04 -1.824780000000000086e+02
1.319000000000000000e+04 -1.826440000000000055e+02
1.320000000000000000e+04 -1.819759999999999991e+02
1.321000000000000000e+04 -1.822319999999999993e+02
1.322000000000000000e+04 -1.821570000000000107e+02
1.323000000000000000e+04 -1.822060000000000173e+02
1.324000000000000000e+04 -1.819700000000000273e+02
1.325000000000000000e+04 -1.819569999999999936e+02
1.326000000000000000e+04 -1.816610000000000014e+02
1.327000000000000000e+04 -1.818799999999999955e+02
1.328000000000000000e+04 -1.817630000000000052e+02
1.329000000000000000e+04 -1.814219999999999970e+02
1.330000000000000000e+04 -1.806839999999999975e+02
1.331000000000000000e+04 -1.804689999999999941e+02
1.332000000000000000e+04 -1.800079999999999814e+02
1.333000000000000000e+04 -1.802230000000000132e+02
1.334000000000000000e+04 -1.804320000000000164e+02
1.335000000000000000e+04 -1.795779999999999745e+02
1.336000000000000000e+04 -1.797729999999999961e+02
1.337000000000000000e+04 -1.794850000000000136e+02
1.338000000000000000e+04 -1.793469999999999800e+02
1.339000000000000000e+04 -1.794850000000000136e+02
1.340000000000000000e+04 -1.794850000000000136e+02
1.341000000000000000e+04 -1.801110000000000184e+02
1.342000000000000000e+04 -1.793460000000000036e+02
1.343000000000000000e+04 -1.795020000000000095e+02
1.344000000000000000e+04 -1.798149999999999977e+02
1.345000000000000000e+04 -1.801820000000000164e+02
1.346000000000000000e+04 -1.806409999999999911e+02
1.347000000000000000e+04 -1.808980000000000246e+02
1.348000000000000000e+04 -1.809639999999999986e+02
1.349000000000000000e+04 -1.819530000000000314e+02
1.350000000000000000e+04 -1.819680000000000177e+02
1.351000000000000000e+04 -1.818820000000000050e+02
1.352000000000000000e+04 -1.817330000000000041e+02
1.353000000000000000e+04 -1.821920000000000073e+02
1.354000000000000000e+04 -1.818569999999999993e+02
1.355000000000000000e+04 -1.817729999999999961e+02
1.356000000000000000e+04 -1.817490000000000236e+02
1.357000000000000000e+04 -1.815960000000000036e+02
1.358000000000000000e+04 -1.819780000000000086e+02
1.359000000000000000e+04 -1.825060000000000002e+02
1.360000000000000000e+04 -1.827560000000000002e+02
1.361000000000000000e+04 -1.829800000000000182e+02
1.362000000000000000e+04 -1.826850000000000023e+02
1.363000000000000000e+04 -1.828710000000000377e+02
1.364000000000000000e+04 -1.820380000000000109e+02
1.365000000000000000e+04 -1.821009999999999991e+02
1.366000000000000000e+04 -1.827040000000000077e+02
1.367000000000000000e+04 -1.827120000000000175e+02
1.368000000000000000e+04 -1.828290000000000077e+02
1.369000000000000000e+04 -1.827729999999999961e+02
1.370000000000000000e+04 -1.831630000000000109e+02
1.371000000000000000e+04 -1.836080000000000041e+02
1.372000000000000000e+04 -1.834449999999999932e+02
1.373000000000000000e+04 -1.836040000000000134e+02
1.374000000000000000e+04 -1.837760000000000105e+02
1.375000000000000000e+04 -1.838680000000000234e+02
1.376000000000000000e+04 -1.831310000000000002e+02
1.377000000000000000e+04 -1.829890000000000043e+02
1.378000000000000000e+04 -1.831299999999999955e+02
1.379000000000000000e+04 -1.829339999999999975e+02
1.380000000000000000e+04 -1.826520000000000152e+02
1.381000000000000000e+04 -1.827470000000000141e+02
1.382000000000000000e+04 -1.828389999999999986e+02
1.383000000000000000e+04 -1.825230000000000246e+02
1.384000000000000000e+04 -1.826030000000000086e+02
1.385000000000000000e+04 -1.828950000000000387e+02
1.386000000000000000e+04 -1.826790000000000305e+02
1.387000000000000000e+04 -1.824080000000000155e+02
1.388000000000000000e+04 -1.826059999999999945e+02
1.389000000000000000e+04 -1.824600000000000080e+02
1.390000000000000000e+04 -1.822780000000000200e+02
1.391000000000000000e+04 -1.822660000000000196e+02
1.392000000000000000e+04 -1.820409999999999968e+02
1.393000000000000000e+04 -1.822340000000000373e+02
1.394000000000000000e+04 -1.820869999999999891e+02
1.395000000000000000e+04 -1.822549999999999955e+02
1.396000000000000000e+04 -1.830210000000000150e+02
1.397000000000000000e+04 -1.829759999999999991e+02
1.398000000000000000e+04 -1.831550000000000011e+02
1.399000000000000000e+04 -1.837119999999999891e+02
1.400000000000000000e+04 -1.835610000000000070e+02
1.401000000000000000e+04 -1.835380000000000109e+02
1.402000000000000000e+04 -1.829780000000000086e+02
1.403000000000000000e+04 -1.832110000000000127e+02
1.404000000000000000e+04 -1.835409999999999968e+02
1.405000000000000000e+04 -1.833780000000000143e+02
1.406000000000000000e+04 -1.837110000000000127e+02
1.407000000000000000e+04 -1.839660000000000082e+02
1.408000000000000000e+04 -1.840049999999999955e+02
1.409000000000000000e+04 -1.842239999999999895e+02
1.410000000000000000e+04 -1.847850000000000250e+02
1.411000000000000000e+04 -1.847480000000000189e+02
1.412000000000000000e+04 -1.846890000000000214e+02
1.413000000000000000e+04 -1.847439999999999998e+02
1.414000000000000000e+04 -1.845910000000000082e+02
1.415000000000000000e+04 -1.846840000000000259e+02
1.416000000000000000e+04 -1.850440000000000111e+02
1.417000000000000000e+04 -1.847230000000000132e+02
1.418000000000000000e+04 -1.854510000000000218e+02
1.419000000000000000e+04 -1.855579999999999927e+02
1.420000000000000000e+04 -1.856659999999999968e+02
1.421000000000000000e+04 -1.862550000000000239e+02
1.422000000000000000e+04 -1.866250000000000284e+02
1.423000000000000000e+04 -1.867800000000000296e+02
1.424000000000000000e+04 -1.871620000000000061e+02
1.425000000000000000e+04 -1.873650000000000091e+02
1.426000000000000000e+04 -1.871270000000000095e+02
1.427000000000000000e+04 -1.871680000000000064e+02
1.428000000000000000e+04 -1.866260000000000048e+02
1.429000000000000000e+04 -1.868400000000000034e+02
1.430000000000000000e+04 -1.870430000000000064e+02
1.431000000000000000e+04 -1.867770000000000152e+02
1.432000000000000000e+04 -1.867420000000000186e+02
1.433000000000000000e+04 -1.869879999999999995e+02
1.434000000000000000e+04 -1.872450000000000330e+02
1.435000000000000000e+04 -1.872820000000000391e+02
1.436000000000000000e+04 -1.873990000000000009e+02
1.437000000000000000e+04 -1.876400000000000148e+02
1.438000000000000000e+04 -1.875850000000000364e+02
1.439000000000000000e+04 -1.875140000000000100e+02
1.440000000000000000e+04 -1.878450000000000273e+02
1.441000000000000000e+04 -1.881020000000000323e+02
1.442000000000000000e+04 -1.878030000000000257e+02
1.443000000000000000e+04 -1.881510000000000105e+02
1.444000000000000000e+04 -1.882110000000000127e+02
1.445000000000000000e+04 -1.881980000000000075e+02
1.446000000000000000e+04 -1.884170000000000300e+02
1.447000000000000000e+04 -1.888290000000000077e+02
1.448000000000000000e+04 -1.886750000000000114e+02
1.449000000000000000e+04 -1.888050000000000068e+02
1.450000000000000000e+04 -1.889180000000000064e+02
1.451000000000000000e+04 -1.889310000000000116e+02
1.452000000000000000e+04 -1.886790000000000305e+02
1.453000000000000000e+04 -1.884509999999999934e+02
1.454000000000000000e+04 -1.885800000000000125e+02
1.455000000000000000e+04 -1.889660000000000082e+02
1.456000000000000000e+04 -1.888600000000000136e+02
1.457000000000000000e+04 -1.887289999999999850e+02
1.458000000000000000e+04 -1.884060000000000059e+02
1.459000000000000000e+04 -1.886760000000000161e+02
1.460000000000000000e+04 -1.884560000000000173e+02
1.461000000000000000e+04 -1.884440000000000168e+02
1.462000000000000000e+04 -1.886510000000000105e+02
1.463000000000000000e+04 -1.888340000000000316e+02
1.464000000000000000e+04 -1.884510000000000218e+02
1.465000000000000000e+04 -1.885820000000000221e+02
1.466000000000000000e+04 -1.882330000000000325e+02
1.467000000000000000e+04 -1.882420000000000186e+02
1.468000000000000000e+04 -1.888000000000000114e+02
1.469000000000000000e+04 -1.888200000000000216e+02
1.470000000000000000e+04 -1.890670000000000073e+02
1.471000000000000000e+04 -1.891270000000000095e+02
1.472000000000000000e+04 -1.894200000000000159e+02
1.473000000000000000e+04 -1.895800000000000125e+02
1.474000000000000000e+04 -1.894760000000000275e+02
1.475000000000000000e+04 -1.893210000000000264e+02
1.476000000000000000e+04 -1.891820000000000164e+02
1.477000000000000000e+04 -1.893570000000000277e+02
1.478000000000000000e+04 -1.892620000000000005e+02
1.479000000000000000e+04 -1.893940000000000055e+02
1.480000000000000000e+04 -1.893970000000000198e+02
1.481000000000000000e+04 -1.893020000000000209e+02
1.482000000000000000e+04 -1.894600000000000080e+02
1.483000000000000000e+04 -1.895160000000000196e+02
1.484000000000000000e+04 -1.892820000000000107e+02
1.485000000000000000e+04 -1.888360000000000127e+02
1.486000000000000000e+04 -1.888599999999999852e+02
1.487000000000000000e+04 -1.887680000000000007e+02
1.488000000000000000e+04 -1.882400000000000091e+02
1.489000000000000000e+04 -1.882370000000000232e+02
1.490000000000000000e+04 -1.886520000000000152e+02
1.491000000000000000e+04 -1.886440000000000055e+02
1.492000000000000000e+04 -1.883300000000000125e+02
1.493000000000000000e+04 -1.882800000000000296e+02
1.494000000000000000e+04 -1.879380000000000166e+02
1.495000000000000000e+04 -1.876870000000000118e+02
1.496000000000000000e+04 -1.875989999999999895e+02
1.497000000000000000e+04 -1.877250000000000227e+02
1.498000000000000000e+04 -1.882920000000000016e+02
1.499000000000000000e+04 -1.880540000000000020e+02
1.500000000000000000e+04 -1.879960000000000377e+02
