# key height(A)
0.000000000000000000e+00 5.887436164719731124e+01
1.000000000000000000e+01 5.758365878450489816e+01
2.000000000000000000e+01 5.713662635705005499e+01
3.000000000000000000e+01 5.765913145884170632e+01
4.000000000000000000e+01 5.757920344628927722e+01
5.000000000000000000e+01 5.799494575759349146e+01
6.000000000000000000e+01 5.819370143670849416e+01
7.000000000000000000e+01 5.764276652198702067e+01
8.000000000000000000e+01 5.829642741101793035e+01
9.000000000000000000e+01 5.890915517700756254e+01
1.000000000000000000e+02 5.895992722156137233e+01
1.100000000000000000e+02 5.965301282676026062e+01
1.200000000000000000e+02 6.007327214851541441e+01
1.300000000000000000e+02 6.076193972989570113e+01
1.400000000000000000e+02 5.996759316525776740e+01
1.500000000000000000e+02 5.912304152143919111e+01
1.600000000000000000e+02 5.877433517821988573e+01
1.700000000000000000e+02 5.766054433253830780e+01
1.800000000000000000e+02 5.804951384233585543e+01
1.900000000000000000e+02 5.911240359055770455e+01
2.000000000000000000e+02 5.850317974141815114e+01
2.100000000000000000e+02 5.851618713822749385e+01
2.200000000000000000e+02 5.826585412806495867e+01
2.300000000000000000e+02 5.896506074705295930e+01
2.400000000000000000e+02 5.930044213954934662e+01
2.500000000000000000e+02 5.957818270495477009e+01
2.600000000000000000e+02 5.868656941267450122e+01
2.700000000000000000e+02 5.857503972351975108e+01
2.800000000000000000e+02 5.801430643424826883e+01
2.900000000000000000e+02 5.884273854939667103e+01
3.000000000000000000e+02 5.888874816491106401e+01
3.100000000000000000e+02 5.969294927313322319e+01
3.200000000000000000e+02 5.930168340386165937e+01
3.300000000000000000e+02 5.891010945358553386e+01
3.400000000000000000e+02 5.929243752131397116e+01
3.500000000000000000e+02 5.989572921685599738e+01
3.600000000000000000e+02 5.902010106181262472e+01
3.700000000000000000e+02 5.913975362079165166e+01
3.800000000000000000e+02 5.970106892457995684e+01
3.900000000000000000e+02 5.975292858927461737e+01
4.000000000000000000e+02 5.949929201970391546e+01
4.100000000000000000e+02 5.833530775655900413e+01
4.200000000000000000e+02 5.925114249675310418e+01
4.300000000000000000e+02 5.979589998679124108e+01
4.400000000000000000e+02 5.950802879366338516e+01
4.500000000000000000e+02 5.895050756858127272e+01
4.600000000000000000e+02 5.902924367773287884e+01
4.700000000000000000e+02 5.871682242211706182e+01
4.800000000000000000e+02 5.802425879866490277e+01
4.900000000000000000e+02 5.807581417068044516e+01
5.000000000000000000e+02 5.850084887310283932e+01
5.100000000000000000e+02 5.873237224891933295e+01
5.200000000000000000e+02 5.877177836289122581e+01
5.300000000000000000e+02 5.918675420757521977e+01
5.400000000000000000e+02 5.920507457354541714e+01
5.500000000000000000e+02 5.824224877070032846e+01
5.600000000000000000e+02 5.777127155460397034e+01
5.700000000000000000e+02 5.779332288793014527e+01
5.800000000000000000e+02 5.797771057115835447e+01
5.900000000000000000e+02 5.812134888786657427e+01
6.000000000000000000e+02 5.852561293139521581e+01
6.100000000000000000e+02 5.991424399919371524e+01
6.200000000000000000e+02 5.905107462845673183e+01
6.300000000000000000e+02 5.899438027521706829e+01
6.400000000000000000e+02 5.887075440328389675e+01
6.500000000000000000e+02 5.888316393200287280e+01
6.600000000000000000e+02 5.951833474368638122e+01
6.700000000000000000e+02 6.008788228747791038e+01
6.800000000000000000e+02 6.013695509850681731e+01
6.900000000000000000e+02 5.847318383597770719e+01
7.000000000000000000e+02 5.579813300108403951e+01
7.100000000000000000e+02 5.497707757296359432e+01
7.200000000000000000e+02 5.611010892761876789e+01
7.300000000000000000e+02 5.487448532787388444e+01
7.400000000000000000e+02 5.434177692978519758e+01
7.500000000000000000e+02 5.391897013109976911e+01
7.600000000000000000e+02 5.386277545626305141e+01
7.700000000000000000e+02 5.338835455186291767e+01
7.800000000000000000e+02 5.398277224628185422e+01
7.900000000000000000e+02 5.381137028209170126e+01
8.000000000000000000e+02 5.447988459284574958e+01
8.100000000000000000e+02 5.572378149152720539e+01
8.200000000000000000e+02 5.585318685460518395e+01
8.300000000000000000e+02 5.603506054074689757e+01
8.400000000000000000e+02 5.633689228947365280e+01
8.500000000000000000e+02 5.570795305152758203e+01
8.600000000000000000e+02 5.554706603511898777e+01
8.700000000000000000e+02 5.222951620331005529e+01
8.800000000000000000e+02 5.395689026337809935e+01
8.900000000000000000e+02 5.309204021236374160e+01
9.000000000000000000e+02 5.275892198917973985e+01
9.100000000000000000e+02 5.304425063423499864e+01
9.200000000000000000e+02 5.367375734584339853e+01
9.300000000000000000e+02 5.190964221962811109e+01
9.400000000000000000e+02 5.258651602792139101e+01
9.500000000000000000e+02 5.426645876740653307e+01
9.600000000000000000e+02 5.388390972929200018e+01
9.700000000000000000e+02 5.325136521910594922e+01
9.800000000000000000e+02 5.235737405398705846e+01
9.900000000000000000e+02 5.223741694367107868e+01
1.000000000000000000e+03 5.123875569102577288e+01
1.010000000000000000e+03 5.157182404316263558e+01
1.020000000000000000e+03 5.151363116488830940e+01
1.030000000000000000e+03 5.100949340653643560e+01
1.040000000000000000e+03 5.043415491275941065e+01
1.050000000000000000e+03 4.836966011329882065e+01
1.060000000000000000e+03 4.941572881337107503e+01
1.070000000000000000e+03 4.864168668759438674e+01
1.080000000000000000e+03 4.797394690689354491e+01
1.090000000000000000e+03 4.624250961112434766e+01
1.100000000000000000e+03 4.770495787843718460e+01
1.110000000000000000e+03 4.777876223359224639e+01
1.120000000000000000e+03 4.768891424108373656e+01
1.130000000000000000e+03 4.894879414034238607e+01
1.140000000000000000e+03 4.796129607486055590e+01
1.150000000000000000e+03 4.896424562721506391e+01
1.160000000000000000e+03 4.977400322380825060e+01
1.170000000000000000e+03 4.826475899718639084e+01
1.180000000000000000e+03 4.979615823505373839e+01
1.190000000000000000e+03 4.821603319352952610e+01
1.200000000000000000e+03 4.740549580103763105e+01
1.210000000000000000e+03 4.764166326320388123e+01
1.220000000000000000e+03 4.800905195694646466e+01
1.230000000000000000e+03 4.735699339273183739e+01
1.240000000000000000e+03 4.755512093347800828e+01
1.250000000000000000e+03 4.714987967096820398e+01
1.260000000000000000e+03 4.666994441154601247e+01
1.270000000000000000e+03 4.633083778697424293e+01
1.280000000000000000e+03 4.590447486617519246e+01
1.290000000000000000e+03 4.716886803646976034e+01
1.300000000000000000e+03 4.644783904768956972e+01
1.310000000000000000e+03 4.736630860752335082e+01
1.320000000000000000e+03 4.771144375866603582e+01
1.330000000000000000e+03 4.651633515727591828e+01
1.340000000000000000e+03 4.669520638023189463e+01
1.350000000000000000e+03 4.578893430945663567e+01
1.360000000000000000e+03 4.752118606732057060e+01
1.370000000000000000e+03 4.684484716396455894e+01
1.380000000000000000e+03 4.575700864922002609e+01
1.390000000000000000e+03 4.467519573918460196e+01
1.400000000000000000e+03 4.352008448481662128e+01
1.410000000000000000e+03 4.116364776864824648e+01
1.420000000000000000e+03 4.072948093600753339e+01
1.430000000000000000e+03 4.149995309967016510e+01
1.440000000000000000e+03 4.174366726098504898e+01
1.450000000000000000e+03 4.258394847039465958e+01
1.460000000000000000e+03 4.316806572414868981e+01
1.470000000000000000e+03 4.283752926726646137e+01
1.480000000000000000e+03 4.283266948292548193e+01
1.490000000000000000e+03 4.355871526846516417e+01
1.500000000000000000e+03 3.915907147166552704e+01
1.510000000000000000e+03 3.860046696689268231e+01
1.520000000000000000e+03 3.801975055996136632e+01
1.530000000000000000e+03 3.688139796941510440e+01
1.540000000000000000e+03 3.774550964153344523e+01
1.550000000000000000e+03 3.555393868641797894e+01
1.560000000000000000e+03 3.562196176207174858e+01
1.570000000000000000e+03 3.626583982768343617e+01
1.580000000000000000e+03 3.590702386745057595e+01
1.590000000000000000e+03 3.460092984476220579e+01
1.600000000000000000e+03 3.489887184662472919e+01
1.610000000000000000e+03 3.478593590246977385e+01
1.620000000000000000e+03 3.193907262232771416e+01
1.630000000000000000e+03 3.255631381256043255e+01
1.640000000000000000e+03 3.225127983231024587e+01
1.650000000000000000e+03 3.260158661160069471e+01
1.660000000000000000e+03 3.281566552389080016e+01
1.670000000000000000e+03 3.159965071249483515e+01
1.680000000000000000e+03 3.344901957121120972e+01
1.690000000000000000e+03 3.311052465485799701e+01
1.700000000000000000e+03 3.302511572201541412e+01
1.710000000000000000e+03 3.371315327289994457e+01
1.720000000000000000e+03 3.270470686711874464e+01
1.730000000000000000e+03 3.221006667063014106e+01
1.740000000000000000e+03 3.210284021180149239e+01
1.750000000000000000e+03 3.212071523930877959e+01
1.760000000000000000e+03 3.095597535652358090e+01
1.770000000000000000e+03 3.085140575019811138e+01
1.780000000000000000e+03 3.150300383656625058e+01
1.790000000000000000e+03 3.039656245371720900e+01
1.800000000000000000e+03 3.083279773765309528e+01
1.810000000000000000e+03 3.007904662217053726e+01
1.820000000000000000e+03 2.996536195540510050e+01
1.830000000000000000e+03 2.915264030028316711e+01
1.840000000000000000e+03 2.898673708951882588e+01
1.850000000000000000e+03 2.958016645564676139e+01
1.860000000000000000e+03 3.040155027179653757e+01
1.870000000000000000e+03 3.061038871898414016e+01
1.880000000000000000e+03 3.081766671651828915e+01
1.890000000000000000e+03 3.067592836820757896e+01
1.900000000000000000e+03 3.209149200528784718e+01
1.910000000000000000e+03 3.007400358586505718e+01
1.920000000000000000e+03 2.904855609143049833e+01
1.930000000000000000e+03 2.924512348727185440e+01
1.940000000000000000e+03 2.797563465235143099e+01
1.950000000000000000e+03 2.790839262479298100e+01
1.960000000000000000e+03 2.677818655934883907e+01
1.970000000000000000e+03 2.764649848282907385e+01
1.980000000000000000e+03 2.585764786201237087e+01
1.990000000000000000e+03 2.460405550579724832e+01
2.000000000000000000e+03 2.512141703858449659e+01
2.010000000000000000e+03 2.457426688191213771e+01
2.020000000000000000e+03 2.428307205790883927e+01
2.030000000000000000e+03 2.499821623070103271e+01
2.040000000000000000e+03 2.459569852548943913e+01
2.050000000000000000e+03 2.511142000074809744e+01
2.060000000000000000e+03 2.398099418584175169e+01
2.070000000000000000e+03 2.339969774020816828e+01
2.080000000000000000e+03 2.384651247788889350e+01
2.090000000000000000e+03 2.356557902716238573e+01
2.100000000000000000e+03 2.394351204048884085e+01
2.110000000000000000e+03 2.328191031309519587e+01
2.120000000000000000e+03 2.350842814649821833e+01
2.130000000000000000e+03 2.329825775423573475e+01
2.140000000000000000e+03 2.290253950048227694e+01
2.150000000000000000e+03 2.139478665993350148e+01
2.160000000000000000e+03 2.176564187544479978e+01
2.170000000000000000e+03 2.156868024593991606e+01
2.180000000000000000e+03 2.229418563256714947e+01
2.190000000000000000e+03 2.206245953808975457e+01
2.200000000000000000e+03 2.134494362000079093e+01
2.210000000000000000e+03 2.121722976639051694e+01
2.220000000000000000e+03 2.048251748296748076e+01
2.230000000000000000e+03 1.971774638031872939e+01
2.240000000000000000e+03 1.948698275030369587e+01
2.250000000000000000e+03 1.970150113546743853e+01
2.260000000000000000e+03 1.884467525763567153e+01
2.270000000000000000e+03 2.018390517156007036e+01
2.280000000000000000e+03 1.988185359699988908e+01
2.290000000000000000e+03 1.930352406506649743e+01
2.300000000000000000e+03 1.887904529175374080e+01
2.310000000000000000e+03 1.737645408467521690e+01
2.320000000000000000e+03 1.873562890342047638e+01
2.330000000000000000e+03 1.689669418850822069e+01
2.340000000000000000e+03 1.633274990580321173e+01
2.350000000000000000e+03 1.626667173627193108e+01
2.360000000000000000e+03 1.551013765980685832e+01
2.370000000000000000e+03 1.539107430410467714e+01
2.380000000000000000e+03 1.513149005282201642e+01
2.390000000000000000e+03 1.550782672089779624e+01
2.400000000000000000e+03 1.607075221079152527e+01
2.410000000000000000e+03 1.512084223971869790e+01
2.420000000000000000e+03 1.542095168597106181e+01
2.430000000000000000e+03 1.511450985483062937e+01
2.440000000000000000e+03 1.571741000678258615e+01
2.450000000000000000e+03 1.496425598341372165e+01
2.460000000000000000e+03 1.378974615041612140e+01
2.470000000000000000e+03 1.410962000971338171e+01
2.480000000000000000e+03 1.416899722901671055e+01
2.490000000000000000e+03 1.416583965604681339e+01
2.500000000000000000e+03 1.238258267353448616e+01
2.510000000000000000e+03 1.236848765571305364e+01
2.520000000000000000e+03 1.292222167408398548e+01
2.530000000000000000e+03 1.311757477808882300e+01
2.540000000000000000e+03 1.324244554381894545e+01
2.550000000000000000e+03 1.391071453088179055e+01
2.560000000000000000e+03 1.434739414704864657e+01
2.570000000000000000e+03 1.425502315932203601e+01
2.580000000000000000e+03 1.311270762846969262e+01
2.590000000000000000e+03 1.358590217202605288e+01
2.600000000000000000e+03 1.398712495334710582e+01
2.610000000000000000e+03 1.402585493222589719e+01
2.620000000000000000e+03 1.303647826342425731e+01
2.630000000000000000e+03 1.283744102282653898e+01
2.640000000000000000e+03 1.181464356662785065e+01
2.650000000000000000e+03 1.126553655252386932e+01
2.660000000000000000e+03 1.160423171183703062e+01
2.670000000000000000e+03 1.107504340182580904e+01
2.680000000000000000e+03 1.090741332642956252e+01
2.690000000000000000e+03 1.180146698690991514e+01
2.700000000000000000e+03 1.276966078448033670e+01
2.710000000000000000e+03 1.221161684555002580e+01
2.720000000000000000e+03 1.179125812497234449e+01
2.730000000000000000e+03 1.272455840983445796e+01
2.740000000000000000e+03 1.238677317233127440e+01
2.750000000000000000e+03 1.122680843179303167e+01
2.760000000000000000e+03 1.154448434425489722e+01
2.770000000000000000e+03 1.125670860547256780e+01
2.780000000000000000e+03 9.733345717693538290e+00
2.790000000000000000e+03 1.024642989191899289e+01
2.800000000000000000e+03 9.853946709962173145e+00
2.810000000000000000e+03 1.074153698658884082e+01
2.820000000000000000e+03 1.039041916786158026e+01
2.830000000000000000e+03 8.647813959327351085e+00
2.840000000000000000e+03 9.615203210489099206e+00
2.850000000000000000e+03 9.326048387130882134e+00
2.860000000000000000e+03 9.292853655517248512e+00
2.870000000000000000e+03 8.326707037687228308e+00
2.880000000000000000e+03 7.874387103847908520e+00
2.890000000000000000e+03 6.605610221411154726e+00
2.900000000000000000e+03 6.802698831749552255e+00
2.910000000000000000e+03 6.944010862031404940e+00
2.920000000000000000e+03 6.911734156079461400e+00
2.930000000000000000e+03 5.844259503867476724e+00
2.940000000000000000e+03 6.230541573740751460e+00
2.950000000000000000e+03 6.322498927269734281e+00
2.960000000000000000e+03 5.965621679016024359e+00
2.970000000000000000e+03 5.099233370758682327e+00
2.980000000000000000e+03 5.660918748606619033e+00
2.990000000000000000e+03 6.473482893043495778e+00
3.000000000000000000e+03 6.187350853513763127e+00
3.010000000000000000e+03 5.972298627726402742e+00
3.020000000000000000e+03 6.080950004846854995e+00
3.030000000000000000e+03 7.297449722124895288e+00
3.040000000000000000e+03 5.959539232914977447e+00
3.050000000000000000e+03 7.084446883673422235e+00
3.060000000000000000e+03 7.262926081392294009e+00
3.070000000000000000e+03 6.934767968811769379e+00
3.080000000000000000e+03 6.423098629870708010e+00
3.090000000000000000e+03 5.708081702125383572e+00
3.100000000000000000e+03 3.844840285000302060e+00
3.110000000000000000e+03 4.648117537924107978e+00
3.120000000000000000e+03 4.311164897256347217e+00
3.130000000000000000e+03 2.832088470413935966e+00
3.140000000000000000e+03 2.233901204317959355e+00
3.150000000000000000e+03 2.837496247299796437e+00
3.160000000000000000e+03 2.811438516844233959e+00
3.170000000000000000e+03 2.551769646723798246e+00
3.180000000000000000e+03 2.387855227118279799e+00
3.190000000000000000e+03 1.437082970201927878e+00
3.200000000000000000e+03 1.696578318475573610e+00
3.210000000000000000e+03 1.306370143230907388e+00
3.220000000000000000e+03 1.937388027200753982e+00
3.230000000000000000e+03 2.649218047152345434e+00
3.240000000000000000e+03 7.302718009710815750e-01
3.250000000000000000e+03 6.901614316962252360e-01
3.260000000000000000e+03 -5.085954165520405468e-01
3.270000000000000000e+03 -4.784655815944773849e-01
3.280000000000000000e+03 -3.180641282539511394e-01
3.290000000000000000e+03 6.719740589280149834e-01
3.300000000000000000e+03 9.111342265165944809e-02
3.310000000000000000e+03 -1.883509295672212147e-01
3.320000000000000000e+03 -7.176268691091678420e-01
3.330000000000000000e+03 -8.887158591354733517e-01
3.340000000000000000e+03 -6.480749189530996546e-01
3.350000000000000000e+03 -1.116929328715116299e+00
3.360000000000000000e+03 -2.612463849450591624e+00
3.370000000000000000e+03 -2.451872181291903985e+00
3.380000000000000000e+03 -3.340697888821807737e+00
3.390000000000000000e+03 -3.326576509461872888e+00
3.400000000000000000e+03 -3.420635065697013033e+00
3.410000000000000000e+03 -3.596601561500136768e+00
3.420000000000000000e+03 -3.340627002060301720e+00
3.430000000000000000e+03 -3.818466460719434963e+00
3.440000000000000000e+03 -3.005094576497810976e+00
3.450000000000000000e+03 -3.865975744964842420e+00
3.460000000000000000e+03 -3.263205764546199816e+00
3.470000000000000000e+03 -3.622783496795221936e+00
3.480000000000000000e+03 -2.744256503603295982e+00
3.490000000000000000e+03 -4.192511806678766106e+00
3.500000000000000000e+03 -4.693984439140947984e+00
3.510000000000000000e+03 -4.298178940573222917e+00
3.520000000000000000e+03 -3.587935041407064318e+00
3.530000000000000000e+03 -3.612451411385379174e+00
3.540000000000000000e+03 -3.646375690766703315e+00
3.550000000000000000e+03 -3.797883881096865366e+00
3.560000000000000000e+03 -3.990067401438452066e+00
3.570000000000000000e+03 -4.865831001877083395e+00
3.580000000000000000e+03 -4.299441899687479918e+00
3.590000000000000000e+03 -5.793404391912289952e+00
3.600000000000000000e+03 -6.082632774977156487e+00
3.610000000000000000e+03 -7.136813788861744001e+00
3.620000000000000000e+03 -8.013153501095899855e+00
3.630000000000000000e+03 -7.527060769116161509e+00
3.640000000000000000e+03 -7.414730002303585366e+00
3.650000000000000000e+03 -7.140789397896909918e+00
3.660000000000000000e+03 -6.784711907057769054e+00
3.670000000000000000e+03 -7.321353808607810265e+00
3.680000000000000000e+03 -8.367912704413058123e+00
3.690000000000000000e+03 -8.601310682848719580e+00
3.700000000000000000e+03 -8.711801692837568112e+00
3.710000000000000000e+03 -8.897518605554097348e+00
3.720000000000000000e+03 -8.790832157678210024e+00
3.730000000000000000e+03 -9.093395125518640043e+00
3.740000000000000000e+03 -1.014498272240339816e+01
3.750000000000000000e+03 -1.045699237673967730e+01
3.760000000000000000e+03 -1.006508907630089311e+01
3.770000000000000000e+03 -9.809069447320311497e+00
3.780000000000000000e+03 -1.035496969988798810e+01
3.790000000000000000e+03 -1.080249494568255386e+01
3.800000000000000000e+03 -1.059754891606162630e+01
3.810000000000000000e+03 -9.837840498698639635e+00
3.820000000000000000e+03 -9.360485831638797549e+00
3.830000000000000000e+03 -9.730325205146399981e+00
3.840000000000000000e+03 -1.079021611540430570e+01
3.850000000000000000e+03 -1.048849901368491544e+01
3.860000000000000000e+03 -1.037558440923474734e+01
3.870000000000000000e+03 -1.078522733563683289e+01
3.880000000000000000e+03 -1.197267339866979796e+01
3.890000000000000000e+03 -1.082548844282099765e+01
3.900000000000000000e+03 -9.703430154706879307e+00
3.910000000000000000e+03 -1.029904680854937737e+01
3.920000000000000000e+03 -1.083045983886880492e+01
3.930000000000000000e+03 -1.175671325579439497e+01
3.940000000000000000e+03 -1.180427561244481183e+01
3.950000000000000000e+03 -1.230949055749799470e+01
3.960000000000000000e+03 -1.270451315572996975e+01
3.970000000000000000e+03 -1.303556698740652564e+01
3.980000000000000000e+03 -1.181746759649001888e+01
3.990000000000000000e+03 -1.139269640380109649e+01
4.000000000000000000e+03 -9.706643867906350920e+00
4.010000000000000000e+03 -9.897399149332002821e+00
4.020000000000000000e+03 -1.190746748773409536e+01
4.030000000000000000e+03 -1.150325163499836378e+01
4.040000000000000000e+03 -1.248732929464830477e+01
4.050000000000000000e+03 -1.165312339145989995e+01
4.060000000000000000e+03 -1.277760230094399674e+01
4.070000000000000000e+03 -1.264248693806047186e+01
4.080000000000000000e+03 -1.231015310839566723e+01
4.090000000000000000e+03 -1.167425096994764999e+01
4.100000000000000000e+03 -1.208070666163023077e+01
4.110000000000000000e+03 -1.155487772412894287e+01
4.120000000000000000e+03 -1.161661371228815653e+01
4.130000000000000000e+03 -1.387020038621976425e+01
4.140000000000000000e+03 -1.347720187776465650e+01
4.150000000000000000e+03 -1.499055410060414317e+01
4.160000000000000000e+03 -1.531819350819830561e+01
4.170000000000000000e+03 -1.511137450210944166e+01
4.180000000000000000e+03 -1.542343026137199047e+01
4.190000000000000000e+03 -1.567777392455136010e+01
4.200000000000000000e+03 -1.630351687267275906e+01
4.210000000000000000e+03 -1.651371709460980242e+01
4.220000000000000000e+03 -1.561478407336525720e+01
4.230000000000000000e+03 -1.576635091781307096e+01
4.240000000000000000e+03 -1.730395444144889439e+01
4.250000000000000000e+03 -1.736805749399417209e+01
4.260000000000000000e+03 -1.842755941146283760e+01
4.270000000000000000e+03 -1.872094652947757254e+01
4.280000000000000000e+03 -1.826967865956993364e+01
4.290000000000000000e+03 -1.730018885695622544e+01
4.300000000000000000e+03 -1.743824056597992467e+01
4.310000000000000000e+03 -1.864025678065411284e+01
4.320000000000000000e+03 -1.846146637098733834e+01
4.330000000000000000e+03 -1.878107985049317108e+01
4.340000000000000000e+03 -1.844045234418166501e+01
4.350000000000000000e+03 -1.849016207717951943e+01
4.360000000000000000e+03 -1.905267703066340346e+01
4.370000000000000000e+03 -1.737517681930164315e+01
4.380000000000000000e+03 -1.876651509593726530e+01
4.390000000000000000e+03 -1.768819191795631696e+01
4.400000000000000000e+03 -1.847048070019951638e+01
4.410000000000000000e+03 -1.882628539833527270e+01
4.420000000000000000e+03 -2.028674677273843940e+01
4.430000000000000000e+03 -2.094434296747320445e+01
4.440000000000000000e+03 -2.226465232020385088e+01
4.450000000000000000e+03 -2.193348141871533130e+01
4.460000000000000000e+03 -2.171313541959386839e+01
4.470000000000000000e+03 -2.216784518073235688e+01
4.480000000000000000e+03 -2.270976867686921707e+01
4.490000000000000000e+03 -2.258299596798110542e+01
4.500000000000000000e+03 -2.192662456251787262e+01
4.510000000000000000e+03 -2.330930184720897103e+01
4.520000000000000000e+03 -2.251565851314953193e+01
4.530000000000000000e+03 -2.212287021207369264e+01
4.540000000000000000e+03 -2.192091158205090551e+01
4.550000000000000000e+03 -2.350003338275362808e+01
4.560000000000000000e+03 -2.293904093591744697e+01
4.570000000000000000e+03 -2.259920958147560555e+01
4.580000000000000000e+03 -2.406958259377395848e+01
4.590000000000000000e+03 -2.460503982224635422e+01
4.600000000000000000e+03 -2.385548123761060424e+01
4.610000000000000000e+03 -2.446175182050184560e+01
4.620000000000000000e+03 -2.383404793191000692e+01
4.630000000000000000e+03 -2.497941579800907164e+01
4.640000000000000000e+03 -2.571772349991125850e+01
4.650000000000000000e+03 -2.581297920848619754e+01
4.660000000000000000e+03 -2.528502949109665110e+01
4.670000000000000000e+03 -2.508759480401404574e+01
4.680000000000000000e+03 -2.579925471593362829e+01
4.690000000000000000e+03 -2.571806854853699065e+01
4.700000000000000000e+03 -2.613671806683318266e+01
4.710000000000000000e+03 -2.655734120150505362e+01
4.720000000000000000e+03 -2.696143777232730088e+01
4.730000000000000000e+03 -2.791457434487695366e+01
4.740000000000000000e+03 -2.706779911175370046e+01
4.750000000000000000e+03 -2.609983766654494275e+01
4.760000000000000000e+03 -2.572464862328062907e+01
4.770000000000000000e+03 -2.695491857369049171e+01
4.780000000000000000e+03 -2.676181111044513727e+01
4.790000000000000000e+03 -2.663464985519003392e+01
4.800000000000000000e+03 -2.677138475384667515e+01
4.810000000000000000e+03 -2.734897093752923070e+01
4.820000000000000000e+03 -2.778685680770213651e+01
4.830000000000000000e+03 -2.860160505055004876e+01
4.840000000000000000e+03 -2.873499704925849585e+01
4.850000000000000000e+03 -2.815842156058684509e+01
4.860000000000000000e+03 -2.792768085962033808e+01
4.870000000000000000e+03 -2.864573461176667024e+01
4.880000000000000000e+03 -2.703497783962139067e+01
4.890000000000000000e+03 -2.844664137316921426e+01
4.900000000000000000e+03 -2.845792817325862245e+01
4.910000000000000000e+03 -2.837276862467611238e+01
4.920000000000000000e+03 -2.847600174191228461e+01
4.930000000000000000e+03 -2.757184705886999154e+01
4.940000000000000000e+03 -2.843107901464874487e+01
4.950000000000000000e+03 -2.843339235881802551e+01
4.960000000000000000e+03 -2.889254826901797912e+01
4.970000000000000000e+03 -2.903347313685070219e+01
4.980000000000000000e+03 -2.923155985033082516e+01
4.990000000000000000e+03 -2.963971749334693584e+01
5.000000000000000000e+03 -2.974398526429327205e+01
5.010000000000000000e+03 -2.870704508456562110e+01
5.020000000000000000e+03 -3.073266223516741036e+01
5.030000000000000000e+03 -3.021952393168770357e+01
5.040000000000000000e+03 -3.105985812289328862e+01
5.050000000000000000e+03 -3.163763354927226601e+01
5.060000000000000000e+03 -3.199289659128281471e+01
5.070000000000000000e+03 -3.192002830836308647e+01
5.080000000000000000e+03 -3.155480856011928381e+01
5.090000000000000000e+03 -3.115795093426841333e+01
5.100000000000000000e+03 -3.148315693376693503e+01
5.110000000000000000e+03 -3.149065617044662702e+01
5.120000000000000000e+03 -3.250778185521386376e+01
5.130000000000000000e+03 -3.089476565753608384e+01
5.140000000000000000e+03 -3.071791902173316657e+01
5.150000000000000000e+03 -3.108094125057354518e+01
5.160000000000000000e+03 -3.151566657091075285e+01
5.170000000000000000e+03 -3.154497611757764730e+01
5.180000000000000000e+03 -3.088934968710596252e+01
5.190000000000000000e+03 -3.117763403261655242e+01
5.200000000000000000e+03 -3.112733227518540957e+01
5.210000000000000000e+03 -3.085839177748233908e+01
5.220000000000000000e+03 -3.181132440618024759e+01
5.230000000000000000e+03 -3.226777117823688457e+01
5.240000000000000000e+03 -3.248978894583669330e+01
5.250000000000000000e+03 -3.070333790731623935e+01
5.260000000000000000e+03 -3.057212386420344785e+01
5.270000000000000000e+03 -3.083291999108831760e+01
5.280000000000000000e+03 -3.110937295349772569e+01
5.290000000000000000e+03 -3.031580657641357845e+01
5.300000000000000000e+03 -2.962367173260894049e+01
5.310000000000000000e+03 -3.062718903121209735e+01
5.320000000000000000e+03 -2.915244242342164682e+01
5.330000000000000000e+03 -2.911397553510855118e+01
5.340000000000000000e+03 -3.062212400058787409e+01
5.350000000000000000e+03 -3.044974353354753305e+01
5.360000000000000000e+03 -3.068667238198821678e+01
5.370000000000000000e+03 -3.159770968815519154e+01
5.380000000000000000e+03 -3.274462930324888532e+01
5.390000000000000000e+03 -3.047123614811646064e+01
5.400000000000000000e+03 -3.185793884446059110e+01
5.410000000000000000e+03 -3.273297721060093579e+01
5.420000000000000000e+03 -3.299780803049895894e+01
5.430000000000000000e+03 -3.319211119831358303e+01
5.440000000000000000e+03 -3.298171170017353404e+01
5.450000000000000000e+03 -3.348825732015659185e+01
5.460000000000000000e+03 -3.411512795819636779e+01
5.470000000000000000e+03 -3.487262079886157551e+01
5.480000000000000000e+03 -3.393715601772846924e+01
5.490000000000000000e+03 -3.488198033184593783e+01
5.500000000000000000e+03 -3.638796273376316037e+01
5.510000000000000000e+03 -3.602664502336990893e+01
5.520000000000000000e+03 -3.652278458692646268e+01
5.530000000000000000e+03 -3.741743259849924641e+01
5.540000000000000000e+03 -3.681474399172991241e+01
5.550000000000000000e+03 -3.690934718937546677e+01
5.560000000000000000e+03 -3.684961353038841025e+01
5.570000000000000000e+03 -3.663907440402540772e+01
5.580000000000000000e+03 -3.622661542949569480e+01
5.590000000000000000e+03 -3.749551961549211399e+01
5.600000000000000000e+03 -3.795190123673343408e+01
5.610000000000000000e+03 -3.819985673576432816e+01
5.620000000000000000e+03 -3.814333907430244608e+01
5.630000000000000000e+03 -3.859726114971948618e+01
5.640000000000000000e+03 -3.851077734519535056e+01
5.650000000000000000e+03 -3.699863588034976658e+01
5.660000000000000000e+03 -3.807191031950674187e+01
5.670000000000000000e+03 -3.863303327203675508e+01
5.680000000000000000e+03 -3.852156531107276294e+01
5.690000000000000000e+03 -3.793943191566182804e+01
5.700000000000000000e+03 -3.840107590367661317e+01
5.710000000000000000e+03 -3.880013673994666590e+01
5.720000000000000000e+03 -3.931578108428870166e+01
5.730000000000000000e+03 -3.811684898422258527e+01
5.740000000000000000e+03 -3.916626200332417795e+01
5.750000000000000000e+03 -3.940758314325397293e+01
5.760000000000000000e+03 -3.977574044031685219e+01
5.770000000000000000e+03 -3.962103679239169196e+01
5.780000000000000000e+03 -3.832289232926761713e+01
5.790000000000000000e+03 -3.894110931107790918e+01
5.800000000000000000e+03 -3.912436136440972234e+01
5.810000000000000000e+03 -4.059547894718583905e+01
5.820000000000000000e+03 -3.970792058343444353e+01
5.830000000000000000e+03 -4.052889286326505669e+01
5.840000000000000000e+03 -4.026302487054351786e+01
5.850000000000000000e+03 -4.098945446485036825e+01
5.860000000000000000e+03 -3.989165614325614229e+01
5.870000000000000000e+03 -3.975902321696820252e+01
5.880000000000000000e+03 -3.959009370999551436e+01
5.890000000000000000e+03 -4.003381227218390848e+01
5.900000000000000000e+03 -4.060889351803949410e+01
5.910000000000000000e+03 -4.075125309464573320e+01
5.920000000000000000e+03 -4.122928230221796753e+01
5.930000000000000000e+03 -4.115886118964694163e+01
5.940000000000000000e+03 -4.262423548208221291e+01
5.950000000000000000e+03 -4.143468455132737915e+01
5.960000000000000000e+03 -4.092488277341216474e+01
5.970000000000000000e+03 -4.213312989515316076e+01
5.980000000000000000e+03 -4.285717380958516287e+01
5.990000000000000000e+03 -4.259313356035755760e+01
6.000000000000000000e+03 -4.217349292100648483e+01
6.010000000000000000e+03 -4.144820548385700931e+01
6.020000000000000000e+03 -4.213455623199001820e+01
6.030000000000000000e+03 -4.270535395411272361e+01
6.040000000000000000e+03 -4.261488779527429926e+01
6.050000000000000000e+03 -4.277977619280336796e+01
6.060000000000000000e+03 -4.263858334472067213e+01
6.070000000000000000e+03 -4.289382096937238487e+01
6.080000000000000000e+03 -4.223409960132792662e+01
6.090000000000000000e+03 -4.310480462370664156e+01
6.100000000000000000e+03 -4.332083409487040626e+01
6.110000000000000000e+03 -4.355657199906730170e+01
6.120000000000000000e+03 -4.344662609847291890e+01
6.130000000000000000e+03 -4.370320470446847594e+01
6.140000000000000000e+03 -4.374914033611287323e+01
6.150000000000000000e+03 -4.386170101211865813e+01
6.160000000000000000e+03 -4.284090031301609258e+01
6.170000000000000000e+03 -4.363166094442561871e+01
6.180000000000000000e+03 -4.349372205160788951e+01
6.190000000000000000e+03 -4.377724046917793999e+01
6.200000000000000000e+03 -4.323325357832572990e+01
6.210000000000000000e+03 -4.195644886742707058e+01
6.220000000000000000e+03 -4.229546733779412193e+01
6.230000000000000000e+03 -4.129886072288780952e+01
6.240000000000000000e+03 -4.094287316866865467e+01
6.250000000000000000e+03 -4.088544892584161516e+01
6.260000000000000000e+03 -4.296035151111225048e+01
6.270000000000000000e+03 -4.283979339275808229e+01
6.280000000000000000e+03 -4.340968234232163070e+01
6.290000000000000000e+03 -4.278749219606055476e+01
6.300000000000000000e+03 -4.226148432374453989e+01
6.310000000000000000e+03 -4.295642872155055159e+01
6.320000000000000000e+03 -4.361838219395262684e+01
6.330000000000000000e+03 -4.316242505694083320e+01
6.340000000000000000e+03 -4.463136843304623369e+01
6.350000000000000000e+03 -4.406488882025431053e+01
6.360000000000000000e+03 -4.379997545217918287e+01
6.370000000000000000e+03 -4.368784922822331396e+01
6.380000000000000000e+03 -4.296903022208113043e+01
6.390000000000000000e+03 -4.317475934774175528e+01
6.400000000000000000e+03 -4.343759031267300941e+01
6.410000000000000000e+03 -4.357201091005293847e+01
6.420000000000000000e+03 -4.385341319371742941e+01
6.430000000000000000e+03 -4.387376089719322181e+01
6.440000000000000000e+03 -4.488428158079112507e+01
6.450000000000000000e+03 -4.564738931059035565e+01
6.460000000000000000e+03 -4.558130134442554038e+01
6.470000000000000000e+03 -4.573081090038439811e+01
6.480000000000000000e+03 -4.518182062626249262e+01
6.490000000000000000e+03 -4.515569839736929225e+01
6.500000000000000000e+03 -4.483538852455941992e+01
6.510000000000000000e+03 -4.511923460162792310e+01
6.520000000000000000e+03 -4.503517785728332967e+01
6.530000000000000000e+03 -4.521395622751431631e+01
6.540000000000000000e+03 -4.489969545208394663e+01
6.550000000000000000e+03 -4.396428229832660861e+01
6.560000000000000000e+03 -4.374215214878776692e+01
6.570000000000000000e+03 -4.486838454438046142e+01
6.580000000000000000e+03 -4.503241647618440879e+01
6.590000000000000000e+03 -4.544171337073092332e+01
6.600000000000000000e+03 -4.472914390854545275e+01
6.610000000000000000e+03 -4.585150307434217609e+01
6.620000000000000000e+03 -4.559852099501291889e+01
6.630000000000000000e+03 -4.503215519463529404e+01
6.640000000000000000e+03 -4.484523367681478589e+01
6.650000000000000000e+03 -4.478447578890937564e+01
6.660000000000000000e+03 -4.546683156839642947e+01
6.670000000000000000e+03 -4.469112284031054116e+01
6.680000000000000000e+03 -4.476825095005847288e+01
6.690000000000000000e+03 -4.552510023763743163e+01
6.700000000000000000e+03 -4.454491386100056616e+01
6.710000000000000000e+03 -4.400137509890241461e+01
6.720000000000000000e+03 -4.411230680281155969e+01
6.730000000000000000e+03 -4.360788569669334436e+01
6.740000000000000000e+03 -4.467752854732509604e+01
6.750000000000000000e+03 -4.457597287127912011e+01
6.760000000000000000e+03 -4.454396893529258250e+01
6.770000000000000000e+03 -4.436812795202511950e+01
6.780000000000000000e+03 -4.526012530302575954e+01
6.790000000000000000e+03 -4.541978933939334695e+01
6.800000000000000000e+03 -4.638605963768544882e+01
6.810000000000000000e+03 -4.606578264461450090e+01
6.820000000000000000e+03 -4.472448024003335831e+01
6.830000000000000000e+03 -4.509214862273256585e+01
6.840000000000000000e+03 -4.469471576009959790e+01
6.850000000000000000e+03 -4.394036580868342412e+01
6.860000000000000000e+03 -4.353162347546914646e+01
6.870000000000000000e+03 -4.383802465279590876e+01
6.880000000000000000e+03 -4.296928753434060866e+01
6.890000000000000000e+03 -4.419866041188640793e+01
6.900000000000000000e+03 -4.468207488364886615e+01
6.910000000000000000e+03 -4.475468625709419257e+01
6.920000000000000000e+03 -4.529150378755505812e+01
6.930000000000000000e+03 -4.519650247147966127e+01
6.940000000000000000e+03 -4.466739244897047456e+01
6.950000000000000000e+03 -4.527986939492296870e+01
6.960000000000000000e+03 -4.529983717869214388e+01
6.970000000000000000e+03 -4.633597655300738438e+01
6.980000000000000000e+03 -4.558437780032932096e+01
6.990000000000000000e+03 -4.640985641040083465e+01
7.000000000000000000e+03 -4.664472053701031484e+01
7.010000000000000000e+03 -4.635803395466452059e+01
7.020000000000000000e+03 -4.733370191182210363e+01
7.030000000000000000e+03 -4.646762296379729662e+01
7.040000000000000000e+03 -4.668532193364973182e+01
7.050000000000000000e+03 -4.630165546873249127e+01
7.060000000000000000e+03 -4.666136763207200033e+01
7.070000000000000000e+03 -4.689431631043477466e+01
7.080000000000000000e+03 -4.743656238158381200e+01
7.090000000000000000e+03 -4.752631037638046507e+01
7.100000000000000000e+03 -4.709435599365602343e+01
7.110000000000000000e+03 -4.586414989868040948e+01
7.120000000000000000e+03 -4.716133428616204526e+01
7.130000000000000000e+03 -4.623552890631960111e+01
7.140000000000000000e+03 -4.642882906352095063e+01
7.150000000000000000e+03 -4.672781285273420337e+01
7.160000000000000000e+03 -4.497073953910825139e+01
7.170000000000000000e+03 -4.421129920470792740e+01
7.180000000000000000e+03 -4.369100039392203882e+01
7.190000000000000000e+03 -4.518241593354485985e+01
7.200000000000000000e+03 -4.449960855457189268e+01
7.210000000000000000e+03 -4.383807312073102480e+01
7.220000000000000000e+03 -4.384641651001432194e+01
7.230000000000000000e+03 -4.417194418149588842e+01
7.240000000000000000e+03 -4.438127146365863496e+01
7.250000000000000000e+03 -4.501792746424175107e+01
7.260000000000000000e+03 -4.546419568548562040e+01
7.270000000000000000e+03 -4.511056838179415251e+01
7.280000000000000000e+03 -4.616264242542085583e+01
7.290000000000000000e+03 -4.439177969704741145e+01
7.300000000000000000e+03 -4.501673004919209120e+01
7.310000000000000000e+03 -4.586292794412911178e+01
7.320000000000000000e+03 -4.587470587792302013e+01
7.330000000000000000e+03 -4.666445122449158589e+01
7.340000000000000000e+03 -4.645224349539752495e+01
7.350000000000000000e+03 -4.620366329131148575e+01
7.360000000000000000e+03 -4.635983197906071496e+01
7.370000000000000000e+03 -4.600539960583529364e+01
7.380000000000000000e+03 -4.820631079068955671e+01
7.390000000000000000e+03 -4.824475694945630266e+01
7.400000000000000000e+03 -4.765248264368534592e+01
7.410000000000000000e+03 -4.828537566499851152e+01
7.420000000000000000e+03 -4.799315834458744234e+01
7.430000000000000000e+03 -4.742100027238285520e+01
7.440000000000000000e+03 -4.676688505616411362e+01
7.450000000000000000e+03 -4.702660292973574485e+01
7.460000000000000000e+03 -4.654258489149765410e+01
7.470000000000000000e+03 -4.697332730016550784e+01
7.480000000000000000e+03 -4.707414022441942336e+01
7.490000000000000000e+03 -4.729103228369731937e+01
7.500000000000000000e+03 -4.747467827028967235e+01
7.510000000000000000e+03 -4.730589585513715178e+01
7.520000000000000000e+03 -4.728030024767134876e+01
7.530000000000000000e+03 -4.748486568540322139e+01
7.540000000000000000e+03 -4.803895292849730936e+01
7.550000000000000000e+03 -4.845396091765329061e+01
7.560000000000000000e+03 -4.913457908171727695e+01
7.570000000000000000e+03 -4.919935718205651654e+01
7.580000000000000000e+03 -4.920374748276309163e+01
7.590000000000000000e+03 -4.807432904020589604e+01
7.600000000000000000e+03 -4.704451992085562040e+01
7.610000000000000000e+03 -4.871776397315097995e+01
7.620000000000000000e+03 -4.925855386517615386e+01
7.630000000000000000e+03 -4.848785684956051512e+01
7.640000000000000000e+03 -4.848917763377799872e+01
7.650000000000000000e+03 -4.838307884812196846e+01
7.660000000000000000e+03 -4.758715555625164484e+01
7.670000000000000000e+03 -4.753927031080739596e+01
7.680000000000000000e+03 -4.940746123121734001e+01
7.690000000000000000e+03 -4.865330558090931845e+01
7.700000000000000000e+03 -4.933245353137796485e+01
7.710000000000000000e+03 -4.915320032860115873e+01
7.720000000000000000e+03 -4.922046392085033517e+01
7.730000000000000000e+03 -4.867109812130705393e+01
7.740000000000000000e+03 -4.984229366510200521e+01
7.750000000000000000e+03 -5.030334144363443727e+01
7.760000000000000000e+03 -5.018695291593247987e+01
7.770000000000000000e+03 -4.935306720520208046e+01
7.780000000000000000e+03 -5.032670239054584727e+01
7.790000000000000000e+03 -5.054267405449071759e+01
7.800000000000000000e+03 -4.995635793927256429e+01
7.810000000000000000e+03 -4.971156420878551785e+01
7.820000000000000000e+03 -5.005091184867231391e+01
7.830000000000000000e+03 -4.962964319528443013e+01
7.840000000000000000e+03 -5.061205099582065259e+01
7.850000000000000000e+03 -4.902133258111663849e+01
7.860000000000000000e+03 -4.876552892382989057e+01
7.870000000000000000e+03 -4.974583727499326358e+01
7.880000000000000000e+03 -4.964345941153813158e+01
7.890000000000000000e+03 -4.943939482887107317e+01
7.900000000000000000e+03 -4.992870199138911858e+01
7.910000000000000000e+03 -4.968851452713123251e+01
7.920000000000000000e+03 -5.102525091136961066e+01
7.930000000000000000e+03 -5.133402393155822097e+01
7.940000000000000000e+03 -5.136630449558145983e+01
7.950000000000000000e+03 -5.217349217129813610e+01
7.960000000000000000e+03 -5.174702261355346877e+01
7.970000000000000000e+03 -5.125050590433205855e+01
7.980000000000000000e+03 -5.103647095840072723e+01
7.990000000000000000e+03 -5.018790484184033573e+01
8.000000000000000000e+03 -4.984966382270384599e+01
8.010000000000000000e+03 -5.039576664373561243e+01
8.020000000000000000e+03 -5.113796373665044825e+01
8.030000000000000000e+03 -5.043896172774233833e+01
8.040000000000000000e+03 -5.048822832269264893e+01
8.050000000000000000e+03 -4.919799088785509866e+01
8.060000000000000000e+03 -4.900282698337014153e+01
8.070000000000000000e+03 -4.814746435785428957e+01
8.080000000000000000e+03 -4.770030948954153871e+01
8.090000000000000000e+03 -4.851811541947253659e+01
8.100000000000000000e+03 -4.797173895326857007e+01
8.110000000000000000e+03 -4.884060344943924292e+01
8.120000000000000000e+03 -4.901472097589996224e+01
8.130000000000000000e+03 -4.975017288465154763e+01
8.140000000000000000e+03 -4.914537956841677158e+01
8.150000000000000000e+03 -4.876894151456357918e+01
8.160000000000000000e+03 -4.888901930317432232e+01
8.170000000000000000e+03 -4.893805920547814026e+01
8.180000000000000000e+03 -4.935865357427836386e+01
8.190000000000000000e+03 -4.882171876478531658e+01
8.200000000000000000e+03 -4.940639171887276859e+01
8.210000000000000000e+03 -4.987433074003872946e+01
8.220000000000000000e+03 -5.030017904204500212e+01
8.230000000000000000e+03 -5.013541858693177744e+01
8.240000000000000000e+03 -5.031461807002882836e+01
8.250000000000000000e+03 -5.061664020731316782e+01
8.260000000000000000e+03 -5.129010050870755322e+01
8.270000000000000000e+03 -5.185277729595352980e+01
8.280000000000000000e+03 -5.200215452791493931e+01
8.290000000000000000e+03 -5.229934935057818279e+01
8.300000000000000000e+03 -5.124304325471626953e+01
8.310000000000000000e+03 -5.121950572104857713e+01
8.320000000000000000e+03 -5.111334035689372968e+01
8.330000000000000000e+03 -5.141113849320728946e+01
8.340000000000000000e+03 -5.068622907581104187e+01
8.350000000000000000e+03 -5.181299364655544082e+01
8.360000000000000000e+03 -5.175695659826240558e+01
8.370000000000000000e+03 -5.168573999900183935e+01
8.380000000000000000e+03 -5.095236194980768119e+01
8.390000000000000000e+03 -4.980125158435893695e+01
8.400000000000000000e+03 -5.055418044471085182e+01
8.410000000000000000e+03 -5.002141568037447428e+01
8.420000000000000000e+03 -5.066784324348799373e+01
8.430000000000000000e+03 -5.039596172863690526e+01
8.440000000000000000e+03 -5.052189784368519554e+01
8.450000000000000000e+03 -5.029441266960421331e+01
8.460000000000000000e+03 -5.013340898079653130e+01
8.470000000000000000e+03 -5.094486042889923283e+01
8.480000000000000000e+03 -5.098708164871672466e+01
8.490000000000000000e+03 -4.996836019940609219e+01
8.500000000000000000e+03 -4.932672158594488110e+01
8.510000000000000000e+03 -4.969360987892802939e+01
8.520000000000000000e+03 -5.042988801116273123e+01
8.530000000000000000e+03 -5.110561853471462257e+01
8.540000000000000000e+03 -5.065607348390486209e+01
8.550000000000000000e+03 -4.983886744605001695e+01
8.560000000000000000e+03 -4.973294728023940081e+01
8.570000000000000000e+03 -4.960685601980190995e+01
8.580000000000000000e+03 -4.949853825935299767e+01
8.590000000000000000e+03 -5.047294799549426614e+01
8.600000000000000000e+03 -5.121870863364267734e+01
8.610000000000000000e+03 -5.164319408190331728e+01
8.620000000000000000e+03 -5.049117447555326521e+01
8.630000000000000000e+03 -5.113478169552669783e+01
8.640000000000000000e+03 -5.234345216907675535e+01
8.650000000000000000e+03 -5.354200284976739965e+01
8.660000000000000000e+03 -5.371641556455577415e+01
8.670000000000000000e+03 -5.378828829500672271e+01
8.680000000000000000e+03 -5.292488892412602297e+01
8.690000000000000000e+03 -5.361051082448827287e+01
8.700000000000000000e+03 -5.303438390627253796e+01
8.710000000000000000e+03 -5.335686881931556513e+01
8.720000000000000000e+03 -5.390406959987053881e+01
8.730000000000000000e+03 -5.177746783181301282e+01
8.740000000000000000e+03 -5.372517905515258008e+01
8.750000000000000000e+03 -5.448418219731144063e+01
8.760000000000000000e+03 -5.399431761304683164e+01
8.770000000000000000e+03 -5.501991622725196862e+01
8.780000000000000000e+03 -5.483023103072126503e+01
8.790000000000000000e+03 -5.460569338665531802e+01
8.800000000000000000e+03 -5.518429835871091882e+01
8.810000000000000000e+03 -5.540284329211218051e+01
8.820000000000000000e+03 -5.455400944552762610e+01
8.830000000000000000e+03 -5.386507891981844409e+01
8.840000000000000000e+03 -5.400311322181607920e+01
8.850000000000000000e+03 -5.380746092813517123e+01
8.860000000000000000e+03 -5.264485755263096678e+01
8.870000000000000000e+03 -5.354550077897981453e+01
8.880000000000000000e+03 -5.192685210821630903e+01
8.890000000000000000e+03 -5.326014262863871807e+01
8.900000000000000000e+03 -5.326337635154922623e+01
8.910000000000000000e+03 -5.319873818246290398e+01
8.920000000000000000e+03 -5.401697271644020759e+01
8.930000000000000000e+03 -5.456091619282739202e+01
8.940000000000000000e+03 -5.483157178033083312e+01
8.950000000000000000e+03 -5.428127879292370039e+01
8.960000000000000000e+03 -5.479604906877284520e+01
8.970000000000000000e+03 -5.589191200160033191e+01
8.980000000000000000e+03 -5.558342024544552373e+01
8.990000000000000000e+03 -5.524654595444509653e+01
9.000000000000000000e+03 -5.570364221056209431e+01
9.010000000000000000e+03 -5.487102918796443873e+01
9.020000000000000000e+03 -5.508328936665367337e+01
9.030000000000000000e+03 -5.573629968078921593e+01
9.040000000000000000e+03 -5.615660594070159561e+01
9.050000000000000000e+03 -5.624763266007909124e+01
9.060000000000000000e+03 -5.603583489001820794e+01
9.070000000000000000e+03 -5.524119473874122832e+01
9.080000000000000000e+03 -5.632883370811514112e+01
9.090000000000000000e+03 -5.685003657402081956e+01
9.100000000000000000e+03 -5.786795318640170649e+01
9.110000000000000000e+03 -5.865651376621413249e+01
9.120000000000000000e+03 -5.882168095952850706e+01
9.130000000000000000e+03 -5.875162928036868948e+01
9.140000000000000000e+03 -5.858316223509412168e+01
9.150000000000000000e+03 -5.934863695626447111e+01
9.160000000000000000e+03 -5.966907367754777169e+01
9.170000000000000000e+03 -5.966695151467057201e+01
9.180000000000000000e+03 -5.935440057741745079e+01
9.190000000000000000e+03 -5.834851955793803313e+01
9.200000000000000000e+03 -5.875692795564214066e+01
9.210000000000000000e+03 -5.954077176236756941e+01
9.220000000000000000e+03 -5.949324000389886180e+01
9.230000000000000000e+03 -6.039284723526236576e+01
9.240000000000000000e+03 -6.037973189315151501e+01
9.250000000000000000e+03 -5.998557700658481906e+01
9.260000000000000000e+03 -6.090669372184362373e+01
9.270000000000000000e+03 -6.142650666905669254e+01
9.280000000000000000e+03 -6.061627922096987220e+01
9.290000000000000000e+03 -5.894066813386808690e+01
9.300000000000000000e+03 -5.930384130418102018e+01
9.310000000000000000e+03 -5.950031387087383905e+01
9.320000000000000000e+03 -5.913344135548143754e+01
9.330000000000000000e+03 -5.930579610026738635e+01
9.340000000000000000e+03 -5.936110393899240023e+01
9.350000000000000000e+03 -5.978586071541565161e+01
9.360000000000000000e+03 -5.987975802076897480e+01
9.370000000000000000e+03 -5.998426458693005259e+01
9.380000000000000000e+03 -6.029539259410208274e+01
9.390000000000000000e+03 -5.871622344630360146e+01
9.400000000000000000e+03 -5.924955709278485472e+01
9.410000000000000000e+03 -5.986290034155808826e+01
9.420000000000000000e+03 -6.019007680320289921e+01
9.430000000000000000e+03 -6.054342405629031987e+01
9.440000000000000000e+03 -6.030237457152746572e+01
9.450000000000000000e+03 -6.031182142520191292e+01
9.460000000000000000e+03 -5.975753316919156077e+01
9.470000000000000000e+03 -6.013519041512250851e+01
9.480000000000000000e+03 -5.822034676304873813e+01
9.490000000000000000e+03 -5.855788205687323966e+01
9.500000000000000000e+03 -5.849437463141116211e+01
9.510000000000000000e+03 -5.833134235267395695e+01
9.520000000000000000e+03 -5.873432915766785811e+01
9.530000000000000000e+03 -5.817707931689797363e+01
9.540000000000000000e+03 -5.886094317503014395e+01
9.550000000000000000e+03 -5.947380872984876987e+01
9.560000000000000000e+03 -5.926320513171980053e+01
9.570000000000000000e+03 -5.856777638054343527e+01
9.580000000000000000e+03 -6.002331719908553964e+01
9.590000000000000000e+03 -5.961940365963981492e+01
9.600000000000000000e+03 -5.994039006060242514e+01
9.610000000000000000e+03 -5.994425875754599531e+01
9.620000000000000000e+03 -6.071660840506150691e+01
9.630000000000000000e+03 -6.001707984719163846e+01
9.640000000000000000e+03 -6.074888060769669096e+01
9.650000000000000000e+03 -5.967743567898699553e+01
9.660000000000000000e+03 -6.069893967231332965e+01
9.670000000000000000e+03 -6.058514588580528937e+01
9.680000000000000000e+03 -6.070449636297250606e+01
9.690000000000000000e+03 -6.067561458701480603e+01
9.700000000000000000e+03 -6.027048912403104453e+01
9.710000000000000000e+03 -6.092058152731405585e+01
9.720000000000000000e+03 -5.984430152246423518e+01
9.730000000000000000e+03 -5.894426809186352045e+01
9.740000000000000000e+03 -5.947929211616722966e+01
9.750000000000000000e+03 -5.957843498140502447e+01
9.760000000000000000e+03 -5.945473404154823527e+01
9.770000000000000000e+03 -5.980287665866508462e+01
9.780000000000000000e+03 -5.976522338277386837e+01
9.790000000000000000e+03 -6.016936006929070402e+01
9.800000000000000000e+03 -5.993651134519431878e+01
9.810000000000000000e+03 -6.069923491804838989e+01
9.820000000000000000e+03 -6.098724532368291307e+01
9.830000000000000000e+03 -6.117030692443790940e+01
9.840000000000000000e+03 -6.100559597518025612e+01
9.850000000000000000e+03 -6.072907125260907435e+01
9.860000000000000000e+03 -6.106063705383135698e+01
9.870000000000000000e+03 -6.039442079315006140e+01
9.880000000000000000e+03 -6.106594037826241106e+01
9.890000000000000000e+03 -6.099220014570728665e+01
9.900000000000000000e+03 -6.044176557375894276e+01
9.910000000000000000e+03 -5.968213335724489355e+01
9.920000000000000000e+03 -5.998746711617795313e+01
9.930000000000000000e+03 -6.071478306038194717e+01
9.940000000000000000e+03 -6.073561685453081793e+01
9.950000000000000000e+03 -6.127188379441243171e+01
9.960000000000000000e+03 -6.065054351686485745e+01
9.970000000000000000e+03 -6.100558667920731182e+01
9.980000000000000000e+03 -6.118125340675960899e+01
9.990000000000000000e+03 -6.118514789907159468e+01
1.000000000000000000e+04 -6.125399899414637161e+01
1.001000000000000000e+04 -6.127165164533921882e+01
1.002000000000000000e+04 -6.075543855416505323e+01
1.003000000000000000e+04 -5.997428446368378729e+01
1.004000000000000000e+04 -6.055386947753319760e+01
1.005000000000000000e+04 -6.089760163668796622e+01
1.006000000000000000e+04 -6.116035855096150442e+01
1.007000000000000000e+04 -6.097225301701077171e+01
1.008000000000000000e+04 -6.096358358091107732e+01
1.009000000000000000e+04 -6.109903183974475382e+01
1.010000000000000000e+04 -6.042935192253270316e+01
1.011000000000000000e+04 -6.031226578987974563e+01
1.012000000000000000e+04 -6.017585945279425630e+01
1.013000000000000000e+04 -6.042924395652920566e+01
1.014000000000000000e+04 -6.027478902191516852e+01
1.015000000000000000e+04 -6.062938648400114516e+01
1.016000000000000000e+04 -6.093634157339987212e+01
1.017000000000000000e+04 -6.057581198378315435e+01
1.018000000000000000e+04 -6.081323635629301805e+01
1.019000000000000000e+04 -6.076265839452992168e+01
1.020000000000000000e+04 -6.032511469372940383e+01
1.021000000000000000e+04 -6.056811802050036420e+01
1.022000000000000000e+04 -6.032667926720534979e+01
1.023000000000000000e+04 -6.049083754506260391e+01
1.024000000000000000e+04 -6.074594581124461001e+01
1.025000000000000000e+04 -6.042889538699472496e+01
1.026000000000000000e+04 -5.980443765804398026e+01
1.027000000000000000e+04 -6.011896531328685001e+01
1.028000000000000000e+04 -6.012067286205284233e+01
1.029000000000000000e+04 -6.062024436472917444e+01
1.030000000000000000e+04 -6.040269586846582683e+01
1.031000000000000000e+04 -5.991008503215921621e+01
1.032000000000000000e+04 -5.876140471093172835e+01
1.033000000000000000e+04 -5.900123806280365102e+01
1.034000000000000000e+04 -5.892067015043798506e+01
1.035000000000000000e+04 -5.907078659185184222e+01
1.036000000000000000e+04 -5.880563642882083286e+01
1.037000000000000000e+04 -5.916595086032242534e+01
1.038000000000000000e+04 -5.934283081587756215e+01
1.039000000000000000e+04 -5.930598476729484503e+01
1.040000000000000000e+04 -5.836154444974056332e+01
1.041000000000000000e+04 -5.913145147302070370e+01
1.042000000000000000e+04 -5.895880335628945090e+01
1.043000000000000000e+04 -5.890777559861506063e+01
1.044000000000000000e+04 -5.820377571540242911e+01
1.045000000000000000e+04 -5.842014712323442893e+01
1.046000000000000000e+04 -5.859123602430392452e+01
1.047000000000000000e+04 -5.809444746243330826e+01
1.048000000000000000e+04 -5.806543595630078869e+01
1.049000000000000000e+04 -5.831089596023063848e+01
1.050000000000000000e+04 -5.758790042509426144e+01
1.051000000000000000e+04 -5.775882283975690257e+01
1.052000000000000000e+04 -5.784823330266772246e+01
1.053000000000000000e+04 -5.802907895262194415e+01
1.054000000000000000e+04 -5.785440143538943403e+01
1.055000000000000000e+04 -5.796582152896669982e+01
1.056000000000000000e+04 -5.767527100230532255e+01
1.057000000000000000e+04 -5.739956567970321544e+01
1.058000000000000000e+04 -5.678715079654804754e+01
1.059000000000000000e+04 -5.717174170446216408e+01
1.060000000000000000e+04 -5.677446193458820289e+01
1.061000000000000000e+04 -5.724595657178369379e+01
1.062000000000000000e+04 -5.713280353993707195e+01
1.063000000000000000e+04 -5.728675419816130443e+01
1.064000000000000000e+04 -5.740568827872218094e+01
1.065000000000000000e+04 -5.698257612456436050e+01
1.066000000000000000e+04 -5.634295381542239056e+01
1.067000000000000000e+04 -5.545091959042409258e+01
1.068000000000000000e+04 -5.557968358378133189e+01
1.069000000000000000e+04 -5.507187287605233905e+01
1.070000000000000000e+04 -5.537019070591517789e+01
1.071000000000000000e+04 -5.499213680799778103e+01
1.072000000000000000e+04 -5.536843126623034550e+01
1.073000000000000000e+04 -5.576648129737537829e+01
1.074000000000000000e+04 -5.596833915997839881e+01
1.075000000000000000e+04 -5.531683686360861429e+01
1.076000000000000000e+04 -5.454190311523797163e+01
1.077000000000000000e+04 -5.422842180110677646e+01
1.078000000000000000e+04 -5.382732608845998357e+01
1.079000000000000000e+04 -5.343770510902260185e+01
1.080000000000000000e+04 -5.336854458566176618e+01
1.081000000000000000e+04 -5.341800522022165865e+01
1.082000000000000000e+04 -5.302166649174935742e+01
1.083000000000000000e+04 -5.293441628069021476e+01
1.084000000000000000e+04 -5.293531729654901596e+01
1.085000000000000000e+04 -5.267342142442350905e+01
1.086000000000000000e+04 -5.276909198987581817e+01
1.087000000000000000e+04 -5.244764390151493672e+01
1.088000000000000000e+04 -5.182194928647822962e+01
1.089000000000000000e+04 -5.183893201447654064e+01
1.090000000000000000e+04 -5.259869328091554053e+01
1.091000000000000000e+04 -5.212562399644460243e+01
1.092000000000000000e+04 -5.115090360710325967e+01
1.093000000000000000e+04 -5.043016055922308283e+01
1.094000000000000000e+04 -5.000870654210174848e+01
1.095000000000000000e+04 -4.910644317860791830e+01
1.096000000000000000e+04 -4.830233640372031800e+01
1.097000000000000000e+04 -4.906232434993140146e+01
1.098000000000000000e+04 -4.851260566667718876e+01
1.099000000000000000e+04 -4.870324387412517808e+01
1.100000000000000000e+04 -4.909582505409309761e+01
1.101000000000000000e+04 -4.876002325418596683e+01
1.102000000000000000e+04 -4.813850340860437882e+01
1.103000000000000000e+04 -4.872859395025781737e+01
1.104000000000000000e+04 -4.707158329556040144e+01
1.105000000000000000e+04 -4.682008573303420462e+01
1.106000000000000000e+04 -4.733259192817547500e+01
1.107000000000000000e+04 -4.769435671891505990e+01
1.108000000000000000e+04 -4.796287138144484175e+01
1.109000000000000000e+04 -4.770171053753406909e+01
1.110000000000000000e+04 -4.715430215050213292e+01
1.111000000000000000e+04 -4.745135016204349654e+01
1.112000000000000000e+04 -4.796252893795968930e+01
1.113000000000000000e+04 -4.778733134273042538e+01
1.114000000000000000e+04 -4.731139404127100079e+01
1.115000000000000000e+04 -4.764663230256959991e+01
1.116000000000000000e+04 -4.865294466259314277e+01
1.117000000000000000e+04 -4.901124598455439241e+01
1.118000000000000000e+04 -4.831448270289743618e+01
1.119000000000000000e+04 -4.864874205624599313e+01
1.120000000000000000e+04 -4.836889947985167737e+01
1.121000000000000000e+04 -4.751391327473720594e+01
1.122000000000000000e+04 -4.736034737257838856e+01
1.123000000000000000e+04 -4.767043617007138323e+01
1.124000000000000000e+04 -4.754292916077770315e+01
1.125000000000000000e+04 -4.727163752063407287e+01
1.126000000000000000e+04 -4.638353429147133511e+01
1.127000000000000000e+04 -4.678654251294324240e+01
1.128000000000000000e+04 -4.711371429393150834e+01
1.129000000000000000e+04 -4.664869556650393179e+01
1.130000000000000000e+04 -4.672979912214105980e+01
1.131000000000000000e+04 -4.698810892822433516e+01
1.132000000000000000e+04 -4.708318338517949542e+01
1.133000000000000000e+04 -4.682060058176418238e+01
1.134000000000000000e+04 -4.767694836903535816e+01
1.135000000000000000e+04 -4.770853690451454554e+01
1.136000000000000000e+04 -4.752329485594643188e+01
1.137000000000000000e+04 -4.813152719113730882e+01
1.138000000000000000e+04 -4.838080901652980970e+01
1.139000000000000000e+04 -4.845758953108500577e+01
1.140000000000000000e+04 -4.877771645018322033e+01
1.141000000000000000e+04 -4.887761090944167108e+01
1.142000000000000000e+04 -4.823044198167883678e+01
1.143000000000000000e+04 -4.874098468074870993e+01
1.144000000000000000e+04 -4.858828307005578040e+01
1.145000000000000000e+04 -4.909889206238182169e+01
1.146000000000000000e+04 -4.941957444735638205e+01
1.147000000000000000e+04 -4.920562842363833056e+01
1.148000000000000000e+04 -4.952891377032372588e+01
1.149000000000000000e+04 -4.918152096036735088e+01
1.150000000000000000e+04 -4.941411442562900902e+01
1.151000000000000000e+04 -4.914515440268405655e+01
1.152000000000000000e+04 -4.899729357395798957e+01
1.153000000000000000e+04 -4.804064644540912354e+01
1.154000000000000000e+04 -4.924610165485009361e+01
1.155000000000000000e+04 -4.933327703387971042e+01
1.156000000000000000e+04 -4.983842230408467344e+01
1.157000000000000000e+04 -4.997132174950490935e+01
1.158000000000000000e+04 -5.000047831799045639e+01
1.159000000000000000e+04 -5.002451276749243902e+01
1.160000000000000000e+04 -4.923026383010946461e+01
1.161000000000000000e+04 -4.931968412974964622e+01
1.162000000000000000e+04 -4.897874920898698292e+01
1.163000000000000000e+04 -4.920017296646858540e+01
1.164000000000000000e+04 -4.947577122283527729e+01
1.165000000000000000e+04 -4.933343433522028931e+01
1.166000000000000000e+04 -4.909496444988209873e+01
1.167000000000000000e+04 -4.840448248604755577e+01
1.168000000000000000e+04 -4.792504826741230772e+01
1.169000000000000000e+04 -4.783456718961062393e+01
1.170000000000000000e+04 -4.734198354864747671e+01
1.171000000000000000e+04 -4.760622419171477304e+01
1.172000000000000000e+04 -4.656411709483151640e+01
1.173000000000000000e+04 -4.719517060170943523e+01
1.174000000000000000e+04 -4.696103510794947056e+01
1.175000000000000000e+04 -4.718369832321798185e+01
1.176000000000000000e+04 -4.778375703859430246e+01
1.177000000000000000e+04 -4.686069564826470923e+01
1.178000000000000000e+04 -4.665684731095154802e+01
1.179000000000000000e+04 -4.713507719404529439e+01
1.180000000000000000e+04 -4.657245126520692224e+01
1.181000000000000000e+04 -4.632833855630076414e+01
1.182000000000000000e+04 -4.598064840499765182e+01
1.183000000000000000e+04 -4.538240040531565000e+01
1.184000000000000000e+04 -4.501338604625723860e+01
1.185000000000000000e+04 -4.422264700884812783e+01
1.186000000000000000e+04 -4.430754836254132556e+01
1.187000000000000000e+04 -4.444630476824571019e+01
1.188000000000000000e+04 -4.422219849533667002e+01
1.189000000000000000e+04 -4.422624003643122137e+01
1.190000000000000000e+04 -4.405008457632786190e+01
1.191000000000000000e+04 -4.394130333128950383e+01
1.192000000000000000e+04 -4.417259397798949294e+01
1.193000000000000000e+04 -4.502552203619907800e+01
1.194000000000000000e+04 -4.479129992989828679e+01
1.195000000000000000e+04 -4.493500836768672002e+01
1.196000000000000000e+04 -4.440172959654202600e+01
1.197000000000000000e+04 -4.392159056133482409e+01
1.198000000000000000e+04 -4.447915038953368594e+01
1.199000000000000000e+04 -4.379127228850711617e+01
1.200000000000000000e+04 -4.384431069588666219e+01
1.201000000000000000e+04 -4.320872346295749367e+01
1.202000000000000000e+04 -4.286302077042927294e+01
1.203000000000000000e+04 -4.302814018434068544e+01
1.204000000000000000e+04 -4.160458973468820432e+01
1.205000000000000000e+04 -4.102385562109552097e+01
1.206000000000000000e+04 -4.006327487514866448e+01
1.207000000000000000e+04 -4.075906680442861330e+01
1.208000000000000000e+04 -4.099089786215782283e+01
1.209000000000000000e+04 -4.121886633172908887e+01
1.210000000000000000e+04 -4.100341366427130652e+01
1.211000000000000000e+04 -4.080809127460028662e+01
1.212000000000000000e+04 -4.056889961120211296e+01
1.213000000000000000e+04 -4.024553040527891312e+01
1.214000000000000000e+04 -3.993119938231049559e+01
1.215000000000000000e+04 -3.981873890725830734e+01
1.216000000000000000e+04 -3.994478779664527224e+01
1.217000000000000000e+04 -3.943704363875221475e+01
1.218000000000000000e+04 -4.011840757190580575e+01
1.219000000000000000e+04 -3.873367760601547616e+01
1.220000000000000000e+04 -3.836369216333932286e+01
1.221000000000000000e+04 -3.877441708648174767e+01
1.222000000000000000e+04 -3.849869084141258213e+01
1.223000000000000000e+04 -3.853506955891984376e+01
1.224000000000000000e+04 -3.820156836982408777e+01
1.225000000000000000e+04 -3.813509790038625624e+01
1.226000000000000000e+04 -3.834723253812626353e+01
1.227000000000000000e+04 -3.865819283851143950e+01
1.228000000000000000e+04 -3.877002656241339196e+01
1.229000000000000000e+04 -3.762786681210664597e+01
1.230000000000000000e+04 -3.734311290397516814e+01
1.231000000000000000e+04 -3.725454131697009075e+01
1.232000000000000000e+04 -3.737433002484945632e+01
1.233000000000000000e+04 -3.771969533924422535e+01
1.234000000000000000e+04 -3.723691794176099279e+01
1.235000000000000000e+04 -3.680609431853821434e+01
1.236000000000000000e+04 -3.688169711565979014e+01
1.237000000000000000e+04 -3.660672267973106386e+01
1.238000000000000000e+04 -3.717192798742098603e+01
1.239000000000000000e+04 -3.688991911965644022e+01
1.240000000000000000e+04 -3.717878902424834564e+01
1.241000000000000000e+04 -3.642140519278854072e+01
1.242000000000000000e+04 -3.625171445182033381e+01
1.243000000000000000e+04 -3.562767168568950638e+01
1.244000000000000000e+04 -3.476337463923059090e+01
1.245000000000000000e+04 -3.502132933918022673e+01
1.246000000000000000e+04 -3.463664738516158081e+01
1.247000000000000000e+04 -3.454493849645373871e+01
1.248000000000000000e+04 -3.386575517299598914e+01
1.249000000000000000e+04 -3.360135414544996024e+01
1.250000000000000000e+04 -3.298243506812400483e+01
1.251000000000000000e+04 -3.282386853777290980e+01
1.252000000000000000e+04 -3.282080786636819880e+01
1.253000000000000000e+04 -3.200377861261586077e+01
1.254000000000000000e+04 -3.251185803854701817e+01
1.255000000000000000e+04 -3.254574263753468699e+01
1.256000000000000000e+04 -3.307501307193697926e+01
1.257000000000000000e+04 -3.376189640255361724e+01
1.258000000000000000e+04 -3.341606113362971087e+01
1.259000000000000000e+04 -3.313190995533264527e+01
1.260000000000000000e+04 -3.305161890853912610e+01
1.261000000000000000e+04 -3.355847573368146186e+01
1.262000000000000000e+04 -3.321078831342819626e+01
1.263000000000000000e+04 -3.304684572503657591e+01
1.264000000000000000e+04 -3.344227073526127469e+01
1.265000000000000000e+04 -3.324822288138366844e+01
1.266000000000000000e+04 -3.383881296941999040e+01
1.267000000000000000e+04 -3.348671467095610410e+01
1.268000000000000000e+04 -3.329398205977068415e+01
1.269000000000000000e+04 -3.281706531522306136e+01
1.270000000000000000e+04 -3.308444841181187712e+01
1.271000000000000000e+04 -3.337308593605706619e+01
1.272000000000000000e+04 -3.334543195045782227e+01
1.273000000000000000e+04 -3.344971146816232022e+01
1.274000000000000000e+04 -3.281808388667377585e+01
1.275000000000000000e+04 -3.392057638864957880e+01
1.276000000000000000e+04 -3.478876801340038583e+01
1.277000000000000000e+04 -3.430369010708591304e+01
1.278000000000000000e+04 -3.484203160501300545e+01
1.279000000000000000e+04 -3.500666345999928808e+01
1.280000000000000000e+04 -3.431109361227132126e+01
1.281000000000000000e+04 -3.433846502606687068e+01
1.282000000000000000e+04 -3.377949554212349881e+01
1.283000000000000000e+04 -3.414785666415832566e+01
1.284000000000000000e+04 -3.396432843346934760e+01
1.285000000000000000e+04 -3.402033982784297450e+01
1.286000000000000000e+04 -3.401554007826817383e+01
1.287000000000000000e+04 -3.418570426183558197e+01
1.288000000000000000e+04 -3.441738996273522844e+01
1.289000000000000000e+04 -3.376327140654112213e+01
1.290000000000000000e+04 -3.416298174686170341e+01
1.291000000000000000e+04 -3.368144797675216751e+01
1.292000000000000000e+04 -3.338818826430463105e+01
1.293000000000000000e+04 -3.372659914602056119e+01
1.294000000000000000e+04 -3.341020899768415120e+01
1.295000000000000000e+04 -3.286863695580760236e+01
1.296000000000000000e+04 -3.314222382331263361e+01
1.297000000000000000e+04 -3.286459010135394010e+01
1.298000000000000000e+04 -3.237898452119844706e+01
1.299000000000000000e+04 -3.271290578893598422e+01
1.300000000000000000e+04 -3.289496904434588487e+01
1.301000000000000000e+04 -3.298669524914944873e+01
1.302000000000000000e+04 -3.259046029895375796e+01
1.303000000000000000e+04 -3.226029270130106852e+01
1.304000000000000000e+04 -3.216637109907992453e+01
1.305000000000000000e+04 -3.166497681223478367e+01
1.306000000000000000e+04 -3.195744825242158527e+01
1.307000000000000000e+04 -3.177072934283694394e+01
1.308000000000000000e+04 -3.109064795167915918e+01
1.309000000000000000e+04 -3.212866490146313936e+01
1.310000000000000000e+04 -3.149596859286808126e+01
1.311000000000000000e+04 -3.158715363639740303e+01
1.312000000000000000e+04 -3.175662332947518962e+01
1.313000000000000000e+04 -3.229321810611224919e+01
1.314000000000000000e+04 -3.243494590919857501e+01
1.315000000000000000e+04 -3.276148370223143047e+01
1.316000000000000000e+04 -3.306173039246218082e+01
1.317000000000000000e+04 -2.739576640602501811e+01
1.318000000000000000e+04 -2.649029902653711588e+01
1.319000000000000000e+04 -2.694049024320244712e+01
1.320000000000000000e+04 -2.688938013275540584e+01
1.321000000000000000e+04 -2.660498122895947404e+01
1.322000000000000000e+04 -2.597011526413470506e+01
1.323000000000000000e+04 -2.580465955479468221e+01
1.324000000000000000e+04 -2.513180101072489947e+01
1.325000000000000000e+04 -2.487500949533426819e+01
1.326000000000000000e+04 -2.420522862094713901e+01
1.327000000000000000e+04 -2.387635027523592157e+01
1.328000000000000000e+04 -2.408114710592653296e+01
1.329000000000000000e+04 -2.420222083291344006e+01
1.330000000000000000e+04 -2.397073679410354430e+01
1.331000000000000000e+04 -2.382032404864841624e+01
1.332000000000000000e+04 -2.342470335784824442e+01
1.333000000000000000e+04 -2.271554117207443824e+01
1.334000000000000000e+04 -2.266919909387058851e+01
1.335000000000000000e+04 -2.263032007426002679e+01
1.336000000000000000e+04 -2.293169972144204394e+01
1.337000000000000000e+04 -2.283028122151804951e+01
1.338000000000000000e+04 -2.196674100168490895e+01
1.339000000000000000e+04 -2.175577537080582147e+01
1.340000000000000000e+04 -2.179942803580948407e+01
1.341000000000000000e+04 -2.139065690636678596e+01
1.342000000000000000e+04 -2.053559466243771681e+01
1.343000000000000000e+04 -2.093373372284270317e+01
1.344000000000000000e+04 -2.064254066320322067e+01
1.345000000000000000e+04 -1.968560611530415372e+01
1.346000000000000000e+04 -2.036152347158332532e+01
1.347000000000000000e+04 -2.036574343162476453e+01
1.348000000000000000e+04 -2.011740735847862993e+01
1.349000000000000000e+04 -2.017321661235419583e+01
1.350000000000000000e+04 -1.438036335551629463e+01
1.351000000000000000e+04 -1.406212649159297712e+01
1.352000000000000000e+04 -1.379921582596577423e+01
1.353000000000000000e+04 -1.391011462706933344e+01
1.354000000000000000e+04 -1.331472676644185071e+01
1.355000000000000000e+04 -1.333363981052178815e+01
1.356000000000000000e+04 -1.299165126529996428e+01
1.357000000000000000e+04 -1.223638266737785329e+01
1.358000000000000000e+04 -1.264753702062000684e+01
1.359000000000000000e+04 -1.277824052996047044e+01
1.360000000000000000e+04 -1.306104663510427599e+01
1.361000000000000000e+04 -1.222720576124319791e+01
1.362000000000000000e+04 -1.202303848829859589e+01
1.363000000000000000e+04 -1.239537317873052302e+01
1.364000000000000000e+04 -1.107838366742785752e+01
1.365000000000000000e+04 -1.109915957822857990e+01
1.366000000000000000e+04 -1.088166298449857550e+01
1.367000000000000000e+04 -1.131335762194780159e+01
1.368000000000000000e+04 -1.085975754436296370e+01
1.369000000000000000e+04 -1.092319737209913910e+01
1.370000000000000000e+04 -1.124888704721894328e+01
1.371000000000000000e+04 -1.176865552419215533e+01
1.372000000000000000e+04 -1.167963908979785970e+01
1.373000000000000000e+04 -1.166149933734467936e+01
1.374000000000000000e+04 -1.163551149892023773e+01
1.375000000000000000e+04 -1.071038757742863368e+01
1.376000000000000000e+04 -1.007340236303562619e+01
1.377000000000000000e+04 -1.007755689015203870e+01
1.378000000000000000e+04 -1.018773242144038704e+01
1.379000000000000000e+04 -1.002980755776238198e+01
1.380000000000000000e+04 -9.964430887743588983e+00
1.381000000000000000e+04 -9.880796604815202500e+00
1.382000000000000000e+04 -9.831323715730491131e+00
1.383000000000000000e+04 -9.225333157618990754e+00
1.384000000000000000e+04 -8.205625412667700402e+00
1.385000000000000000e+04 -8.710681563012542483e+00
1.386000000000000000e+04 -8.636067676201776067e+00
1.387000000000000000e+04 -8.385309754653150094e+00
1.388000000000000000e+04 -8.702127802705007298e+00
1.389000000000000000e+04 -8.618810168992411036e+00
1.390000000000000000e+04 -8.647031606454646635e+00
1.391000000000000000e+04 -8.038530215311254778e+00
1.392000000000000000e+04 -7.682262513907346602e+00
1.393000000000000000e+04 -6.604968811725825617e+00
1.394000000000000000e+04 -6.159505052169208739e+00
1.395000000000000000e+04 -5.326128866650122973e+00
1.396000000000000000e+04 -5.950146950116447897e+00
1.397000000000000000e+04 -5.548219363387914882e+00
1.398000000000000000e+04 -5.515197735994519235e+00
1.399000000000000000e+04 -6.164185235937566176e+00
1.400000000000000000e+04 -6.539554014353370803e+00
1.401000000000000000e+04 -6.191430671476922498e+00
1.402000000000000000e+04 -5.225612598792139352e+00
1.403000000000000000e+04 -4.611523765229463834e+00
1.404000000000000000e+04 -4.847573374141347813e+00
1.405000000000000000e+04 -4.790685225436845940e+00
1.406000000000000000e+04 -4.761321115345566568e+00
1.407000000000000000e+04 -4.225488655638798718e+00
1.408000000000000000e+04 -4.045105919776773362e+00
1.409000000000000000e+04 -3.467294469814873992e+00
1.410000000000000000e+04 -2.902161214102306985e+00
1.411000000000000000e+04 -3.238386830526451376e+00
1.412000000000000000e+04 2.450694382194001264e+00
1.413000000000000000e+04 3.270476763776912321e+00
1.414000000000000000e+04 3.886772838418949050e+00
1.415000000000000000e+04 3.734036114331217959e+00
1.416000000000000000e+04 3.772789968377679770e+00
1.417000000000000000e+04 4.549941436075840784e+00
1.418000000000000000e+04 3.927906107748924569e+00
1.419000000000000000e+04 4.013843927609713091e+00
1.420000000000000000e+04 4.247616491236584579e+00
1.421000000000000000e+04 3.049456758348128460e+00
1.422000000000000000e+04 3.186595220994917099e+00
1.423000000000000000e+04 3.463214246664335860e+00
1.424000000000000000e+04 2.726795311271160926e+00
1.425000000000000000e+04 3.245926407471017683e+00
1.426000000000000000e+04 3.560274179817298545e+00
1.427000000000000000e+04 4.017741078307125235e+00
1.428000000000000000e+04 3.637081238007738193e+00
1.429000000000000000e+04 4.168515979886961986e+00
1.430000000000000000e+04 3.583718955201476319e+00
1.431000000000000000e+04 3.819962051941729442e+00
1.432000000000000000e+04 4.319812052603793973e+00
1.433000000000000000e+04 4.084157867252912411e+00
1.434000000000000000e+04 3.846112252009646681e+00
1.435000000000000000e+04 3.307420289953540760e+00
1.436000000000000000e+04 3.354419217452260682e+00
1.437000000000000000e+04 3.378533572436793975e+00
1.438000000000000000e+04 3.802651263229904544e+00
1.439000000000000000e+04 4.312850831046546318e+00
1.440000000000000000e+04 4.409313362009953607e+00
1.441000000000000000e+04 4.626503189215554812e+00
1.442000000000000000e+04 5.100427609417209851e+00
1.443000000000000000e+04 4.815530918059494070e+00
1.444000000000000000e+04 5.213032410685030982e+00
1.445000000000000000e+04 5.832646558469377851e+00
1.446000000000000000e+04 5.865311700157832320e+00
1.447000000000000000e+04 5.139818661171489111e+00
1.448000000000000000e+04 5.021442327712549059e+00
1.449000000000000000e+04 5.102109773844119900e+00
1.450000000000000000e+04 5.068209151008034041e+00
1.451000000000000000e+04 4.287720072405875271e+00
1.452000000000000000e+04 4.655105329374293888e+00
1.453000000000000000e+04 4.639771867436564889e+00
1.454000000000000000e+04 4.240014176702345594e+00
1.455000000000000000e+04 3.905131150528035278e+00
1.456000000000000000e+04 3.459498150240392533e+00
1.457000000000000000e+04 3.404608606171507290e+00
1.458000000000000000e+04 3.205732836538032871e+00
1.459000000000000000e+04 9.606553858110856936e+00
1.460000000000000000e+04 9.629258073646269622e+00
1.461000000000000000e+04 9.786971202051972796e+00
1.462000000000000000e+04 9.793910119247385637e+00
1.463000000000000000e+04 1.011461487162407025e+01
1.464000000000000000e+04 1.041894442334279347e+01
1.465000000000000000e+04 1.107675088759413029e+01
1.466000000000000000e+04 1.115123608479956374e+01
1.467000000000000000e+04 1.118073392242291675e+01
1.468000000000000000e+04 1.095173603766050974e+01
1.469000000000000000e+04 1.070348936360491621e+01
1.470000000000000000e+04 1.035799628407804107e+01
1.471000000000000000e+04 1.035071924545945876e+01
1.472000000000000000e+04 1.039286279849832795e+01
1.473000000000000000e+04 9.997904855778273259e+00
1.474000000000000000e+04 1.026132213286174988e+01
1.475000000000000000e+04 1.012866941460521275e+01
1.476000000000000000e+04 1.056640320615616702e+01
1.477000000000000000e+04 1.038897447563232390e+01
1.478000000000000000e+04 1.010056576837237685e+01
1.479000000000000000e+04 1.074850341803073661e+01
1.480000000000000000e+04 1.108003952419073812e+01
1.481000000000000000e+04 1.120508250390790295e+01
1.482000000000000000e+04 1.126049769706321513e+01
1.483000000000000000e+04 1.086364895081166537e+01
1.484000000000000000e+04 1.056625811252794733e+01
1.485000000000000000e+04 1.084756838469144213e+01
1.486000000000000000e+04 1.117004906333340841e+01
1.487000000000000000e+04 1.060269025139041332e+01
1.488000000000000000e+04 1.076189860028082990e+01
1.489000000000000000e+04 1.092578347384886683e+01
1.490000000000000000e+04 1.013999566571897049e+01
1.491000000000000000e+04 1.629386222590312627e+01
1.492000000000000000e+04 1.639054759782450787e+01
1.493000000000000000e+04 1.669694486296680225e+01
1.494000000000000000e+04 1.673190360158886847e+01
1.495000000000000000e+04 1.687513073234435979e+01
1.496000000000000000e+04 1.631348081997117561e+01
1.497000000000000000e+04 1.690628958296693440e+01
1.498000000000000000e+04 1.690689809863857818e+01
1.499000000000000000e+04 1.674329410524265427e+01
1.500000000000000000e+04 1.674582297581497414e+01
