# key etched_amount(A)
0.000000000000000000e+00 0.000000000000000000e+00
1.000000000000000000e+01 -1.290702862692413078e+00
2.000000000000000000e+01 -1.737735290147256251e+00
3.000000000000000000e+01 -1.215230188355604923e+00
4.000000000000000000e+01 -1.295158200908034019e+00
5.000000000000000000e+01 -8.794158896038197781e-01
6.000000000000000000e+01 -6.806602104888170857e-01
7.000000000000000000e+01 -1.231595125210290576e+00
8.000000000000000000e+01 -5.779342361793808891e-01
9.000000000000000000e+01 3.479352981025130020e-02
1.000000000000000000e+02 8.556557436406109218e-02
1.100000000000000000e+02 7.786511795629493804e-01
1.200000000000000000e+02 1.198910501318103172e+00
1.300000000000000000e+02 1.887578082698389892e+00
1.400000000000000000e+02 1.093231518060456153e+00
1.500000000000000000e+02 2.486798742418798724e-01
1.600000000000000000e+02 -1.000264689774255089e-01
1.700000000000000000e+02 -1.213817314659003443e+00
1.800000000000000000e+02 -8.248478048614558134e-01
1.900000000000000000e+02 2.380419433603933044e-01
2.000000000000000000e+02 -3.711819057791601040e-01
2.100000000000000000e+02 -3.581745089698173956e-01
2.200000000000000000e+02 -6.085075191323525701e-01
2.300000000000000000e+02 9.069909985564805766e-02
2.400000000000000000e+02 4.260804923520353782e-01
2.500000000000000000e+02 7.038210577574588456e-01
2.600000000000000000e+02 -1.877922345228100198e-01
2.700000000000000000e+02 -2.993219236775601644e-01
2.800000000000000000e+02 -8.600552129490424136e-01
2.900000000000000000e+02 -3.162309780064020970e-02
3.000000000000000000e+02 1.438651771375276667e-02
3.100000000000000000e+02 8.185876259359119445e-01
3.200000000000000000e+02 4.273217566643481291e-01
3.300000000000000000e+02 3.574780638822261380e-02
3.400000000000000000e+02 4.180758741166599179e-01
3.500000000000000000e+02 1.021367569658686136e+00
3.600000000000000000e+02 1.457394146153134784e-01
3.700000000000000000e+02 2.653919735943404135e-01
3.800000000000000000e+02 8.267072773826456000e-01
3.900000000000000000e+02 8.785669420773061233e-01
4.000000000000000000e+02 6.249303725066042148e-01
4.100000000000000000e+02 -5.390538906383071094e-01
4.200000000000000000e+02 3.767808495557929405e-01
4.300000000000000000e+02 9.215383395939298339e-01
4.400000000000000000e+02 6.336671464660739161e-01
4.500000000000000000e+02 7.614592138396147902e-02
4.600000000000000000e+02 1.548820305355675941e-01
4.700000000000000000e+02 -1.575392250802494232e-01
4.800000000000000000e+02 -8.501028485324084727e-01
4.900000000000000000e+02 -7.985474765168660838e-01
5.000000000000000000e+02 -3.735127740944719221e-01
5.100000000000000000e+02 -1.419893982779782959e-01
5.200000000000000000e+02 -1.025832843060854316e-01
5.300000000000000000e+02 3.123925603779085236e-01
5.400000000000000000e+02 3.307129263481058956e-01
5.500000000000000000e+02 -6.321128764969827785e-01
5.600000000000000000e+02 -1.103090092593340898e+00
5.700000000000000000e+02 -1.081038759267165972e+00
5.800000000000000000e+02 -8.966510760389567736e-01
5.900000000000000000e+02 -7.530127593307369693e-01
6.000000000000000000e+02 -3.487487158020954325e-01
6.100000000000000000e+02 1.039882351996403997e+00
6.200000000000000000e+02 1.767129812594205873e-01
6.300000000000000000e+02 1.200186280197570454e-01
6.400000000000000000e+02 -3.607243913414492908e-03
6.500000000000000000e+02 8.802284805561555459e-03
6.600000000000000000e+02 6.439730964890699738e-01
6.700000000000000000e+02 1.213520640280599139e+00
6.800000000000000000e+02 1.262593451309506065e+00
6.900000000000000000e+02 -4.011778112196040524e-01
7.000000000000000000e+02 -3.076228646113271736e+00
7.100000000000000000e+02 -3.897284074233716922e+00
7.200000000000000000e+02 -2.764252719578543349e+00
7.300000000000000000e+02 -3.999876319323426799e+00
7.400000000000000000e+02 -4.532584717412113662e+00
7.500000000000000000e+02 -4.955391516097542137e+00
7.600000000000000000e+02 -5.011586190934259832e+00
7.700000000000000000e+02 -5.486007095334393568e+00
7.800000000000000000e+02 -4.891589400915457020e+00
7.900000000000000000e+02 -5.062991365105609987e+00
8.000000000000000000e+02 -4.394477054351561662e+00
8.100000000000000000e+02 -3.150580155670105853e+00
8.200000000000000000e+02 -3.021174792592127289e+00
8.300000000000000000e+02 -2.839301106450413670e+00
8.400000000000000000e+02 -2.537469357723658447e+00
8.500000000000000000e+02 -3.166408595669729209e+00
8.600000000000000000e+02 -3.327295612078323472e+00
8.700000000000000000e+02 -6.644845443887255954e+00
8.800000000000000000e+02 -4.917471383819211894e+00
8.900000000000000000e+02 -5.782321434833569640e+00
9.000000000000000000e+02 -6.115439658017571389e+00
9.100000000000000000e+02 -5.830111012962312600e+00
9.200000000000000000e+02 -5.200604301353912717e+00
9.300000000000000000e+02 -6.964719427569200150e+00
9.400000000000000000e+02 -6.287845619275920228e+00
9.500000000000000000e+02 -4.607902879790778172e+00
9.600000000000000000e+02 -4.990451917905311063e+00
9.700000000000000000e+02 -5.622996428091362020e+00
9.800000000000000000e+02 -6.516987593210252783e+00
9.900000000000000000e+02 -6.636944703526232558e+00
1.000000000000000000e+03 -7.635605956171538367e+00
1.010000000000000000e+03 -7.302537604034675667e+00
1.020000000000000000e+03 -7.360730482309001843e+00
1.030000000000000000e+03 -7.864868240660875642e+00
1.040000000000000000e+03 -8.440206734437900593e+00
1.050000000000000000e+03 -1.050470153389849060e+01
1.060000000000000000e+03 -9.458632833826236208e+00
1.070000000000000000e+03 -1.023267495960292450e+01
1.080000000000000000e+03 -1.090041474030376634e+01
1.090000000000000000e+03 -1.263185203607296359e+01
1.100000000000000000e+03 -1.116940376876012664e+01
1.110000000000000000e+03 -1.109559941360506485e+01
1.120000000000000000e+03 -1.118544740611357469e+01
1.130000000000000000e+03 -9.925567506854925171e+00
1.140000000000000000e+03 -1.091306557233675534e+01
1.150000000000000000e+03 -9.910116019982247337e+00
1.160000000000000000e+03 -9.100358423389060647e+00
1.170000000000000000e+03 -1.060960265001092040e+01
1.180000000000000000e+03 -9.078203412143572848e+00
1.190000000000000000e+03 -1.065832845366778514e+01
1.200000000000000000e+03 -1.146886584615968019e+01
1.210000000000000000e+03 -1.123269838399343001e+01
1.220000000000000000e+03 -1.086530969025084659e+01
1.230000000000000000e+03 -1.151736825446547385e+01
1.240000000000000000e+03 -1.131924071371930296e+01
1.250000000000000000e+03 -1.172448197622910726e+01
1.260000000000000000e+03 -1.220441723565129877e+01
1.270000000000000000e+03 -1.254352386022306831e+01
1.280000000000000000e+03 -1.296988678102211878e+01
1.290000000000000000e+03 -1.170549361072755090e+01
1.300000000000000000e+03 -1.242652259950774152e+01
1.310000000000000000e+03 -1.150805303967396043e+01
1.320000000000000000e+03 -1.116291788853127542e+01
1.330000000000000000e+03 -1.235802648992139297e+01
1.340000000000000000e+03 -1.217915526696541662e+01
1.350000000000000000e+03 -1.308542733774067557e+01
1.360000000000000000e+03 -1.135317557987674064e+01
1.370000000000000000e+03 -1.202951448323275230e+01
1.380000000000000000e+03 -1.311735299797728516e+01
1.390000000000000000e+03 -1.419916590801270928e+01
1.400000000000000000e+03 -1.535427716238068996e+01
1.410000000000000000e+03 -1.771071387854906476e+01
1.420000000000000000e+03 -1.814488071118977786e+01
1.430000000000000000e+03 -1.737440854752714614e+01
1.440000000000000000e+03 -1.713069438621226226e+01
1.450000000000000000e+03 -1.629041317680265166e+01
1.460000000000000000e+03 -1.570629592304862143e+01
1.470000000000000000e+03 -1.603683237993084987e+01
1.480000000000000000e+03 -1.604169216427182931e+01
1.490000000000000000e+03 -1.531564637873214707e+01
1.500000000000000000e+03 -1.971529017553178420e+01
1.510000000000000000e+03 -2.027389468030462893e+01
1.520000000000000000e+03 -2.085461108723594492e+01
1.530000000000000000e+03 -2.199296367778220684e+01
1.540000000000000000e+03 -2.112885200566386601e+01
1.550000000000000000e+03 -2.332042296077933230e+01
1.560000000000000000e+03 -2.325239988512556266e+01
1.570000000000000000e+03 -2.260852181951387507e+01
1.580000000000000000e+03 -2.296733777974673529e+01
1.590000000000000000e+03 -2.427343180243510545e+01
1.600000000000000000e+03 -2.397548980057258206e+01
1.610000000000000000e+03 -2.408842574472753739e+01
1.620000000000000000e+03 -2.693528902486959709e+01
1.630000000000000000e+03 -2.631804783463687869e+01
1.640000000000000000e+03 -2.662308181488706538e+01
1.650000000000000000e+03 -2.627277503559661653e+01
1.660000000000000000e+03 -2.605869612330651108e+01
1.670000000000000000e+03 -2.727471093470247610e+01
1.680000000000000000e+03 -2.542534207598610152e+01
1.690000000000000000e+03 -2.576383699233931424e+01
1.700000000000000000e+03 -2.584924592518189712e+01
1.710000000000000000e+03 -2.516120837429736667e+01
1.720000000000000000e+03 -2.616965478007856660e+01
1.730000000000000000e+03 -2.666429497656717018e+01
1.740000000000000000e+03 -2.677152143539581886e+01
1.750000000000000000e+03 -2.675364640788853166e+01
1.760000000000000000e+03 -2.791838629067373034e+01
1.770000000000000000e+03 -2.802295589699919987e+01
1.780000000000000000e+03 -2.737135781063106066e+01
1.790000000000000000e+03 -2.847779919348010225e+01
1.800000000000000000e+03 -2.804156390954421596e+01
1.810000000000000000e+03 -2.879531502502677398e+01
1.820000000000000000e+03 -2.890899969179221074e+01
1.830000000000000000e+03 -2.972172134691414414e+01
1.840000000000000000e+03 -2.988762455767848536e+01
1.850000000000000000e+03 -2.929419519155054985e+01
1.860000000000000000e+03 -2.847281137540077367e+01
1.870000000000000000e+03 -2.826397292821317109e+01
1.880000000000000000e+03 -2.805669493067902209e+01
1.890000000000000000e+03 -2.819843327898973229e+01
1.900000000000000000e+03 -2.678286964190946406e+01
1.910000000000000000e+03 -2.880035806133225407e+01
1.920000000000000000e+03 -2.982580555576681292e+01
1.930000000000000000e+03 -2.962923815992545684e+01
1.940000000000000000e+03 -3.089872699484588026e+01
1.950000000000000000e+03 -3.096596902240433025e+01
1.960000000000000000e+03 -3.209617508784847217e+01
1.970000000000000000e+03 -3.122786316436823739e+01
1.980000000000000000e+03 -3.301671378518494038e+01
1.990000000000000000e+03 -3.427030614140006293e+01
2.000000000000000000e+03 -3.375294460861281465e+01
2.010000000000000000e+03 -3.430009476528517354e+01
2.020000000000000000e+03 -3.459128958928847197e+01
2.030000000000000000e+03 -3.387614541649627853e+01
2.040000000000000000e+03 -3.427866312170787211e+01
2.050000000000000000e+03 -3.376294164644921381e+01
2.060000000000000000e+03 -3.489336746135555956e+01
2.070000000000000000e+03 -3.547466390698914296e+01
2.080000000000000000e+03 -3.502784916930841774e+01
2.090000000000000000e+03 -3.530878262003492551e+01
2.100000000000000000e+03 -3.493084960670847039e+01
2.110000000000000000e+03 -3.559245133410211537e+01
2.120000000000000000e+03 -3.536593350069909292e+01
2.130000000000000000e+03 -3.557610389296157649e+01
2.140000000000000000e+03 -3.597182214671503431e+01
2.150000000000000000e+03 -3.747957498726380976e+01
2.160000000000000000e+03 -3.710871977175251146e+01
2.170000000000000000e+03 -3.730568140125739518e+01
2.180000000000000000e+03 -3.658017601463016177e+01
2.190000000000000000e+03 -3.681190210910755667e+01
2.200000000000000000e+03 -3.752941802719652031e+01
2.210000000000000000e+03 -3.765713188080679430e+01
2.220000000000000000e+03 -3.839184416422983048e+01
2.230000000000000000e+03 -3.915661526687858185e+01
2.240000000000000000e+03 -3.938737889689361538e+01
2.250000000000000000e+03 -3.917286051172987271e+01
2.260000000000000000e+03 -4.002968638956163971e+01
2.270000000000000000e+03 -3.869045647563724089e+01
2.280000000000000000e+03 -3.899250805019742216e+01
2.290000000000000000e+03 -3.957083758213081381e+01
2.300000000000000000e+03 -3.999531635544357044e+01
2.310000000000000000e+03 -4.149790756252209434e+01
2.320000000000000000e+03 -4.013873274377683487e+01
2.330000000000000000e+03 -4.197766745868909055e+01
2.340000000000000000e+03 -4.254161174139409951e+01
2.350000000000000000e+03 -4.260768991092538016e+01
2.360000000000000000e+03 -4.336422398739045292e+01
2.370000000000000000e+03 -4.348328734309263410e+01
2.380000000000000000e+03 -4.374287159437529482e+01
2.390000000000000000e+03 -4.336653492629951501e+01
2.400000000000000000e+03 -4.280360943640578597e+01
2.410000000000000000e+03 -4.375351940747861335e+01
2.420000000000000000e+03 -4.345340996122624944e+01
2.430000000000000000e+03 -4.375985179236668188e+01
2.440000000000000000e+03 -4.315695164041472509e+01
2.450000000000000000e+03 -4.391010566378358959e+01
2.460000000000000000e+03 -4.508461549678118985e+01
2.470000000000000000e+03 -4.476474163748392954e+01
2.480000000000000000e+03 -4.470536441818060069e+01
2.490000000000000000e+03 -4.470852199115049785e+01
2.500000000000000000e+03 -4.649177897366282508e+01
2.510000000000000000e+03 -4.650587399148425760e+01
2.520000000000000000e+03 -4.595213997311332577e+01
2.530000000000000000e+03 -4.575678686910848825e+01
2.540000000000000000e+03 -4.563191610337836579e+01
2.550000000000000000e+03 -4.496364711631552069e+01
2.560000000000000000e+03 -4.452696750014866467e+01
2.570000000000000000e+03 -4.461933848787527523e+01
2.580000000000000000e+03 -4.576165401872761862e+01
2.590000000000000000e+03 -4.528845947517125836e+01
2.600000000000000000e+03 -4.488723669385020543e+01
2.610000000000000000e+03 -4.484850671497141406e+01
2.620000000000000000e+03 -4.583788338377305394e+01
2.630000000000000000e+03 -4.603692062437077226e+01
2.640000000000000000e+03 -4.705971808056946060e+01
2.650000000000000000e+03 -4.760882509467344192e+01
2.660000000000000000e+03 -4.727012993536028063e+01
2.670000000000000000e+03 -4.779931824537150220e+01
2.680000000000000000e+03 -4.796694832076774873e+01
2.690000000000000000e+03 -4.707289466028739611e+01
2.700000000000000000e+03 -4.610470086271697454e+01
2.710000000000000000e+03 -4.666274480164728544e+01
2.720000000000000000e+03 -4.708310352222496675e+01
2.730000000000000000e+03 -4.614980323736285328e+01
2.740000000000000000e+03 -4.648758847486603685e+01
2.750000000000000000e+03 -4.764755321540427957e+01
2.760000000000000000e+03 -4.732987730294241402e+01
2.770000000000000000e+03 -4.761765304172474345e+01
2.780000000000000000e+03 -4.914101592950377295e+01
2.790000000000000000e+03 -4.862793175527831835e+01
2.800000000000000000e+03 -4.902041493723513810e+01
2.810000000000000000e+03 -4.813282466060847042e+01
2.820000000000000000e+03 -4.848394247933573098e+01
2.830000000000000000e+03 -5.022654768786996016e+01
2.840000000000000000e+03 -4.925915843670821204e+01
2.850000000000000000e+03 -4.954831326006642911e+01
2.860000000000000000e+03 -4.958150799168006273e+01
2.870000000000000000e+03 -5.054765460951008293e+01
2.880000000000000000e+03 -5.099997454334940272e+01
2.890000000000000000e+03 -5.226875142578615652e+01
2.900000000000000000e+03 -5.207166281544775899e+01
2.910000000000000000e+03 -5.193035078516590630e+01
2.920000000000000000e+03 -5.196262749111784984e+01
2.930000000000000000e+03 -5.303010214332983452e+01
2.940000000000000000e+03 -5.264382007345655978e+01
2.950000000000000000e+03 -5.255186271992757696e+01
2.960000000000000000e+03 -5.290873996818128688e+01
2.970000000000000000e+03 -5.377512827643862892e+01
2.980000000000000000e+03 -5.321344289859069221e+01
2.990000000000000000e+03 -5.240087875415381546e+01
3.000000000000000000e+03 -5.268701079368354812e+01
3.010000000000000000e+03 -5.290206301947090850e+01
3.020000000000000000e+03 -5.279341164235045625e+01
3.030000000000000000e+03 -5.157691192507241595e+01
3.040000000000000000e+03 -5.291482241428233380e+01
3.050000000000000000e+03 -5.178991476352388901e+01
3.060000000000000000e+03 -5.161143556580501723e+01
3.070000000000000000e+03 -5.193959367838554186e+01
3.080000000000000000e+03 -5.245126301732660323e+01
3.090000000000000000e+03 -5.316627994507192767e+01
3.100000000000000000e+03 -5.502952136219700918e+01
3.110000000000000000e+03 -5.422624410927320326e+01
3.120000000000000000e+03 -5.456319674994096403e+01
3.130000000000000000e+03 -5.604227317678337528e+01
3.140000000000000000e+03 -5.664046044287935189e+01
3.150000000000000000e+03 -5.603686539989751481e+01
3.160000000000000000e+03 -5.606292313035307728e+01
3.170000000000000000e+03 -5.632259200047351300e+01
3.180000000000000000e+03 -5.648650642007903144e+01
3.190000000000000000e+03 -5.743727867699538336e+01
3.200000000000000000e+03 -5.717778332872173763e+01
3.210000000000000000e+03 -5.756799150396640385e+01
3.220000000000000000e+03 -5.693697361999655726e+01
3.230000000000000000e+03 -5.622514360004496581e+01
3.240000000000000000e+03 -5.814408984622622967e+01
3.250000000000000000e+03 -5.818420021550108601e+01
3.260000000000000000e+03 -5.938295706374935179e+01
3.270000000000000000e+03 -5.935282722879178863e+01
3.280000000000000000e+03 -5.919242577545126238e+01
3.290000000000000000e+03 -5.820238758826929626e+01
3.300000000000000000e+03 -5.878324822454565179e+01
3.310000000000000000e+03 -5.906271257676453246e+01
3.320000000000000000e+03 -5.959198851630647908e+01
3.330000000000000000e+03 -5.976307750633278459e+01
3.340000000000000000e+03 -5.952243656615041090e+01
3.350000000000000000e+03 -5.999129097591242754e+01
3.360000000000000000e+03 -6.148682549664790287e+01
3.370000000000000000e+03 -6.132623382848921523e+01
3.380000000000000000e+03 -6.221505953601911898e+01
3.390000000000000000e+03 -6.220093815665918413e+01
3.400000000000000000e+03 -6.229499671289432428e+01
3.410000000000000000e+03 -6.247096320869744801e+01
3.420000000000000000e+03 -6.221498864925761296e+01
3.430000000000000000e+03 -6.269282810791674621e+01
3.440000000000000000e+03 -6.187945622369512222e+01
3.450000000000000000e+03 -6.274033739216215366e+01
3.460000000000000000e+03 -6.213756741174351106e+01
3.470000000000000000e+03 -6.249714514399253318e+01
3.480000000000000000e+03 -6.161861815080060722e+01
3.490000000000000000e+03 -6.306687345387607735e+01
3.500000000000000000e+03 -6.356834608633825923e+01
3.510000000000000000e+03 -6.317254058777053416e+01
3.520000000000000000e+03 -6.246229668860437556e+01
3.530000000000000000e+03 -6.248681305858269042e+01
3.540000000000000000e+03 -6.252073733796401456e+01
3.550000000000000000e+03 -6.267224552829417661e+01
3.560000000000000000e+03 -6.286442904863576331e+01
3.570000000000000000e+03 -6.374019264907439464e+01
3.580000000000000000e+03 -6.317380354688479116e+01
3.590000000000000000e+03 -6.466776603910960830e+01
3.600000000000000000e+03 -6.495699442217446062e+01
3.610000000000000000e+03 -6.601117543605906235e+01
3.620000000000000000e+03 -6.688751514829320399e+01
3.630000000000000000e+03 -6.640142241631346565e+01
3.640000000000000000e+03 -6.628909164950090371e+01
3.650000000000000000e+03 -6.601515104509422827e+01
3.660000000000000000e+03 -6.565907355425508740e+01
3.670000000000000000e+03 -6.619571545580512861e+01
3.680000000000000000e+03 -6.724227435161037647e+01
3.690000000000000000e+03 -6.747567233004602372e+01
3.700000000000000000e+03 -6.758616334003488646e+01
3.710000000000000000e+03 -6.777188025275140149e+01
3.720000000000000000e+03 -6.766519380487551416e+01
3.730000000000000000e+03 -6.796775677271594418e+01
3.740000000000000000e+03 -6.901934436960070229e+01
3.750000000000000000e+03 -6.933135402393699565e+01
3.760000000000000000e+03 -6.893945072349819725e+01
3.770000000000000000e+03 -6.868343109451762984e+01
3.780000000000000000e+03 -6.922933134708529224e+01
3.790000000000000000e+03 -6.967685659287985800e+01
3.800000000000000000e+03 -6.947191056325894465e+01
3.810000000000000000e+03 -6.871220214589595798e+01
3.820000000000000000e+03 -6.823484747883611590e+01
3.830000000000000000e+03 -6.860468685234371833e+01
3.840000000000000000e+03 -6.966457776260162404e+01
3.850000000000000000e+03 -6.936286066088223379e+01
3.860000000000000000e+03 -6.924994605643206569e+01
3.870000000000000000e+03 -6.965958898283415124e+01
3.880000000000000000e+03 -7.084703504586710210e+01
3.890000000000000000e+03 -6.969985009001831600e+01
3.900000000000000000e+03 -6.857779180190419765e+01
3.910000000000000000e+03 -6.917340845574668151e+01
3.920000000000000000e+03 -6.970482148606612327e+01
3.930000000000000000e+03 -7.063107490299171332e+01
3.940000000000000000e+03 -7.067863725964213018e+01
3.950000000000000000e+03 -7.118385220469531305e+01
3.960000000000000000e+03 -7.157887480292728810e+01
3.970000000000000000e+03 -7.190992863460382978e+01
3.980000000000000000e+03 -7.069182924368732301e+01
3.990000000000000000e+03 -7.026705805099840063e+01
4.000000000000000000e+03 -6.858100551510366927e+01
4.010000000000000000e+03 -6.877176079652932117e+01
4.020000000000000000e+03 -7.078182913493139949e+01
4.030000000000000000e+03 -7.037761328219568213e+01
4.040000000000000000e+03 -7.136169094184560890e+01
4.050000000000000000e+03 -7.052748503865720409e+01
4.060000000000000000e+03 -7.165196394814131509e+01
4.070000000000000000e+03 -7.151684858525777599e+01
4.080000000000000000e+03 -7.118451475559297137e+01
4.090000000000000000e+03 -7.054861261714495413e+01
4.100000000000000000e+03 -7.095506830882754912e+01
4.110000000000000000e+03 -7.042923937132624701e+01
4.120000000000000000e+03 -7.049097535948547488e+01
4.130000000000000000e+03 -7.274456203341708260e+01
4.140000000000000000e+03 -7.235156352496196064e+01
4.150000000000000000e+03 -7.386491574780146152e+01
4.160000000000000000e+03 -7.419255515539560975e+01
4.170000000000000000e+03 -7.398573614930674580e+01
4.180000000000000000e+03 -7.429779190856930882e+01
4.190000000000000000e+03 -7.455213557174866423e+01
4.200000000000000000e+03 -7.517787851987006320e+01
4.210000000000000000e+03 -7.538807874180710655e+01
4.220000000000000000e+03 -7.448914572056256134e+01
4.230000000000000000e+03 -7.464071256501037510e+01
4.240000000000000000e+03 -7.617831608864619852e+01
4.250000000000000000e+03 -7.624241914119147623e+01
4.260000000000000000e+03 -7.730192105866015595e+01
4.270000000000000000e+03 -7.759530817667487668e+01
4.280000000000000000e+03 -7.714404030676723778e+01
4.290000000000000000e+03 -7.617455050415352957e+01
4.300000000000000000e+03 -7.631260221317722880e+01
4.310000000000000000e+03 -7.751461842785141698e+01
4.320000000000000000e+03 -7.733582801818465668e+01
4.330000000000000000e+03 -7.765544149769047522e+01
4.340000000000000000e+03 -7.731481399137896915e+01
4.350000000000000000e+03 -7.736452372437682357e+01
4.360000000000000000e+03 -7.792703867786070759e+01
4.370000000000000000e+03 -7.624953846649896150e+01
4.380000000000000000e+03 -7.764087674313458365e+01
4.390000000000000000e+03 -7.656255356515362109e+01
4.400000000000000000e+03 -7.734484234739682051e+01
4.410000000000000000e+03 -7.770064704553257684e+01
4.420000000000000000e+03 -7.916110841993574354e+01
4.430000000000000000e+03 -7.981870461467050859e+01
4.440000000000000000e+03 -8.113901396740115501e+01
4.450000000000000000e+03 -8.080784306591263544e+01
4.460000000000000000e+03 -8.058749706679117253e+01
4.470000000000000000e+03 -8.104220682792967523e+01
4.480000000000000000e+03 -8.158413032406653542e+01
4.490000000000000000e+03 -8.145735761517840956e+01
4.500000000000000000e+03 -8.080098620971517676e+01
4.510000000000000000e+03 -8.218366349440628937e+01
4.520000000000000000e+03 -8.139002016034683606e+01
4.530000000000000000e+03 -8.099723185927101099e+01
4.540000000000000000e+03 -8.079527322924820965e+01
4.550000000000000000e+03 -8.237439502995093221e+01
4.560000000000000000e+03 -8.181340258311476532e+01
4.570000000000000000e+03 -8.147357122867290968e+01
4.580000000000000000e+03 -8.294394424097126262e+01
4.590000000000000000e+03 -8.347940146944367257e+01
4.600000000000000000e+03 -8.272984288480790838e+01
4.610000000000000000e+03 -8.333611346769916395e+01
4.620000000000000000e+03 -8.270840957910732527e+01
4.630000000000000000e+03 -8.385377744520638998e+01
4.640000000000000000e+03 -8.459208514710857685e+01
4.650000000000000000e+03 -8.468734085568351588e+01
4.660000000000000000e+03 -8.415939113829395524e+01
4.670000000000000000e+03 -8.396195645121136408e+01
4.680000000000000000e+03 -8.467361636313094664e+01
4.690000000000000000e+03 -8.459243019573429478e+01
4.700000000000000000e+03 -8.501107971403050101e+01
4.710000000000000000e+03 -8.543170284870237197e+01
4.720000000000000000e+03 -8.583579941952461922e+01
4.730000000000000000e+03 -8.678893599207427201e+01
4.740000000000000000e+03 -8.594216075895101881e+01
4.750000000000000000e+03 -8.497419931374224689e+01
4.760000000000000000e+03 -8.459901027047794742e+01
4.770000000000000000e+03 -8.582928022088779585e+01
4.780000000000000000e+03 -8.563617275764244141e+01
4.790000000000000000e+03 -8.550901150238735227e+01
4.800000000000000000e+03 -8.564574640104399350e+01
4.810000000000000000e+03 -8.622333258472653483e+01
4.820000000000000000e+03 -8.666121845489945485e+01
4.830000000000000000e+03 -8.747596669774736711e+01
4.840000000000000000e+03 -8.760935869645581420e+01
4.850000000000000000e+03 -8.703278320778414923e+01
4.860000000000000000e+03 -8.680204250681765643e+01
4.870000000000000000e+03 -8.752009625896397438e+01
4.880000000000000000e+03 -8.590933948681870902e+01
4.890000000000000000e+03 -8.732100302036653261e+01
4.900000000000000000e+03 -8.733228982045594080e+01
4.910000000000000000e+03 -8.724713027187343073e+01
4.920000000000000000e+03 -8.735036338910958875e+01
4.930000000000000000e+03 -8.644620870606729568e+01
4.940000000000000000e+03 -8.730544066184606322e+01
4.950000000000000000e+03 -8.730775400601532965e+01
4.960000000000000000e+03 -8.776690991621529747e+01
4.970000000000000000e+03 -8.790783478404802054e+01
4.980000000000000000e+03 -8.810592149752812929e+01
4.990000000000000000e+03 -8.851407914054425419e+01
5.000000000000000000e+03 -8.861834691149059040e+01
5.010000000000000000e+03 -8.758140673176293944e+01
5.020000000000000000e+03 -8.960702388236472871e+01
5.030000000000000000e+03 -8.909388557888502191e+01
5.040000000000000000e+03 -8.993421977009060697e+01
5.050000000000000000e+03 -9.051199519646957015e+01
5.060000000000000000e+03 -9.086725823848013306e+01
5.070000000000000000e+03 -9.079438995556040481e+01
5.080000000000000000e+03 -9.042917020731658795e+01
5.090000000000000000e+03 -9.003231258146573168e+01
5.100000000000000000e+03 -9.035751858096423916e+01
5.110000000000000000e+03 -9.036501781764394536e+01
5.120000000000000000e+03 -9.138214350241116790e+01
5.130000000000000000e+03 -8.976912730473338797e+01
5.140000000000000000e+03 -8.959228066893047071e+01
5.150000000000000000e+03 -8.995530289777084931e+01
5.160000000000000000e+03 -9.039002821810805699e+01
5.170000000000000000e+03 -9.041933776477495144e+01
5.180000000000000000e+03 -8.976371133430328086e+01
5.190000000000000000e+03 -9.005199567981387077e+01
5.200000000000000000e+03 -9.000169392238271371e+01
5.210000000000000000e+03 -8.973275342467965743e+01
5.220000000000000000e+03 -9.068568605337756594e+01
5.230000000000000000e+03 -9.114213282543420291e+01
5.240000000000000000e+03 -9.136415059303399744e+01
5.250000000000000000e+03 -8.957769955451354349e+01
5.260000000000000000e+03 -8.944648551140076620e+01
5.270000000000000000e+03 -8.970728163828562174e+01
5.280000000000000000e+03 -8.998373460069504404e+01
5.290000000000000000e+03 -8.919016822361089680e+01
5.300000000000000000e+03 -8.849803337980625884e+01
5.310000000000000000e+03 -8.950155067840941570e+01
5.320000000000000000e+03 -8.802680407061896517e+01
5.330000000000000000e+03 -8.798833718230585532e+01
5.340000000000000000e+03 -8.949648564778519244e+01
5.350000000000000000e+03 -8.932410518074485140e+01
5.360000000000000000e+03 -8.956103402918552092e+01
5.370000000000000000e+03 -9.047207133535249568e+01
5.380000000000000000e+03 -9.161899095044620367e+01
5.390000000000000000e+03 -8.934559779531377899e+01
5.400000000000000000e+03 -9.073230049165789524e+01
5.410000000000000000e+03 -9.160733885779825414e+01
5.420000000000000000e+03 -9.187216967769626308e+01
5.430000000000000000e+03 -9.206647284551090138e+01
5.440000000000000000e+03 -9.185607334737085239e+01
5.450000000000000000e+03 -9.236261896735391019e+01
5.460000000000000000e+03 -9.298948960539368613e+01
5.470000000000000000e+03 -9.374698244605889386e+01
5.480000000000000000e+03 -9.281151766492578759e+01
5.490000000000000000e+03 -9.375634197904324196e+01
5.500000000000000000e+03 -9.526232438096047872e+01
5.510000000000000000e+03 -9.490100667056722727e+01
5.520000000000000000e+03 -9.539714623412376682e+01
5.530000000000000000e+03 -9.629179424569656476e+01
5.540000000000000000e+03 -9.578910563892723928e+01
5.550000000000000000e+03 -9.578370883657277091e+01
5.560000000000000000e+03 -9.572397517758571439e+01
5.570000000000000000e+03 -9.551343605122272606e+01
5.580000000000000000e+03 -9.510097707669299893e+01
5.590000000000000000e+03 -9.706988126268943518e+01
5.600000000000000000e+03 -9.822626288393074390e+01
5.610000000000000000e+03 -9.907421838296164651e+01
5.620000000000000000e+03 -9.881770072149974737e+01
5.630000000000000000e+03 -9.937162279691678179e+01
5.640000000000000000e+03 -9.908513899239265754e+01
5.650000000000000000e+03 -9.787299752754708493e+01
5.660000000000000000e+03 -9.924627196670404317e+01
5.670000000000000000e+03 -9.960739491923405353e+01
5.680000000000000000e+03 -9.979592695827007276e+01
5.690000000000000000e+03 -9.921379356285913786e+01
5.700000000000000000e+03 -9.977543755087393151e+01
5.710000000000000000e+03 -1.002744983871439786e+02
5.720000000000000000e+03 -1.011901427314860200e+02
5.730000000000000000e+03 -1.003912106314198951e+02
5.740000000000000000e+03 -1.017406236505214991e+02
5.750000000000000000e+03 -1.026819447904512828e+02
5.760000000000000000e+03 -1.028501020875141734e+02
5.770000000000000000e+03 -1.024953984395889961e+02
5.780000000000000000e+03 -1.010972539764649412e+02
5.790000000000000000e+03 -1.017154709582752190e+02
5.800000000000000000e+03 -1.013987230116070322e+02
5.810000000000000000e+03 -1.027698405943831688e+02
5.820000000000000000e+03 -1.023822822306317732e+02
5.830000000000000000e+03 -1.031032545104623779e+02
5.840000000000000000e+03 -1.028373865177408106e+02
5.850000000000000000e+03 -1.036638161120476980e+02
5.860000000000000000e+03 -1.026660177904534521e+02
5.870000000000000000e+03 -1.028333848641655237e+02
5.880000000000000000e+03 -1.026644553571928355e+02
5.890000000000000000e+03 -1.030081739193812211e+02
5.900000000000000000e+03 -1.035832551652368210e+02
5.910000000000000000e+03 -1.038256147418430402e+02
5.920000000000000000e+03 -1.043036439494152603e+02
5.930000000000000000e+03 -1.037332228368442628e+02
5.940000000000000000e+03 -1.053985971292795085e+02
5.950000000000000000e+03 -1.045090461985247003e+02
5.960000000000000000e+03 -1.040992444206094802e+02
5.970000000000000000e+03 -1.055074915423504649e+02
5.980000000000000000e+03 -1.059315354567824699e+02
5.990000000000000000e+03 -1.057674952075548589e+02
6.000000000000000000e+03 -1.056478545682037975e+02
6.010000000000000000e+03 -1.046225671310543106e+02
6.020000000000000000e+03 -1.048089178791873195e+02
6.030000000000000000e+03 -1.057797156013100306e+02
6.040000000000000000e+03 -1.058892494424716091e+02
6.050000000000000000e+03 -1.059541378400006835e+02
6.060000000000000000e+03 -1.054129449919179820e+02
6.070000000000000000e+03 -1.050681826165697004e+02
6.080000000000000000e+03 -1.048084612485252336e+02
6.090000000000000000e+03 -1.061791662709039628e+02
6.100000000000000000e+03 -1.069951957420677076e+02
6.110000000000000000e+03 -1.077309336462646030e+02
6.120000000000000000e+03 -1.071209877456702344e+02
6.130000000000000000e+03 -1.073775663516657914e+02
6.140000000000000000e+03 -1.063235019833101802e+02
6.150000000000000000e+03 -1.070360626593159736e+02
6.160000000000000000e+03 -1.056152619602134024e+02
6.170000000000000000e+03 -1.059060225916229285e+02
6.180000000000000000e+03 -1.056680836988052050e+02
6.190000000000000000e+03 -1.069516021163752413e+02
6.200000000000000000e+03 -1.062076152255230284e+02
6.210000000000000000e+03 -1.050308105146243776e+02
6.220000000000000000e+03 -1.055698289849914175e+02
6.230000000000000000e+03 -1.048732223700851165e+02
6.240000000000000000e+03 -1.047172348158659645e+02
6.250000000000000000e+03 -1.050598105730389307e+02
6.260000000000000000e+03 -1.076347131583095660e+02
6.270000000000000000e+03 -1.073141550399553807e+02
6.280000000000000000e+03 -1.090840439895189462e+02
6.290000000000000000e+03 -1.085618538432578646e+02
6.300000000000000000e+03 -1.079358459709418554e+02
6.310000000000000000e+03 -1.091307903687478671e+02
6.320000000000000000e+03 -1.100927438411499395e+02
6.330000000000000000e+03 -1.094367867041381288e+02
6.340000000000000000e+03 -1.099057300802435435e+02
6.350000000000000000e+03 -1.094392504674516147e+02
6.360000000000000000e+03 -1.094743370993764984e+02
6.370000000000000000e+03 -1.093622108754206153e+02
6.380000000000000000e+03 -1.086433918692784317e+02
6.390000000000000000e+03 -1.081491209949390679e+02
6.400000000000000000e+03 -1.093119519598703278e+02
6.410000000000000000e+03 -1.099463725572502426e+02
6.420000000000000000e+03 -1.105277748409147449e+02
6.430000000000000000e+03 -1.102481225443905259e+02
6.440000000000000000e+03 -1.112586432279884434e+02
6.450000000000000000e+03 -1.120217509577876740e+02
6.460000000000000000e+03 -1.116556629916228616e+02
6.470000000000000000e+03 -1.117051725475817108e+02
6.480000000000000000e+03 -1.112561822734597996e+02
6.490000000000000000e+03 -1.113300600445665935e+02
6.500000000000000000e+03 -1.113097501717567184e+02
6.510000000000000000e+03 -1.113935962488252329e+02
6.520000000000000000e+03 -1.106095395044806509e+02
6.530000000000000000e+03 -1.106883178747116432e+02
6.540000000000000000e+03 -1.107740570992812650e+02
6.550000000000000000e+03 -1.096386439455239241e+02
6.560000000000000000e+03 -1.078165137959850739e+02
6.570000000000000000e+03 -1.099427461915777684e+02
6.580000000000000000e+03 -1.109067781233817129e+02
6.590000000000000000e+03 -1.113160750179282275e+02
6.600000000000000000e+03 -1.106035055557427711e+02
6.610000000000000000e+03 -1.117258647215394944e+02
6.620000000000000000e+03 -1.109728826422102372e+02
6.630000000000000000e+03 -1.109065168418325982e+02
6.640000000000000000e+03 -1.099195953240120929e+02
6.650000000000000000e+03 -1.103588374361066968e+02
6.660000000000000000e+03 -1.106411932155937308e+02
6.670000000000000000e+03 -1.094654844875078652e+02
6.680000000000000000e+03 -1.096426125972557770e+02
6.690000000000000000e+03 -1.112994618848347415e+02
6.700000000000000000e+03 -1.110192755081978646e+02
6.710000000000000000e+03 -1.106757367460997301e+02
6.720000000000000000e+03 -1.118866684500088695e+02
6.730000000000000000e+03 -1.156822473438906655e+02
6.740000000000000000e+03 -1.171518901945223945e+02
6.750000000000000000e+03 -1.115503345184764470e+02
6.760000000000000000e+03 -1.117183305824898838e+02
6.770000000000000000e+03 -1.115424895992224492e+02
6.780000000000000000e+03 -1.121344869502230779e+02
6.790000000000000000e+03 -1.133941509865906738e+02
6.800000000000000000e+03 -1.195604212848827643e+02
6.810000000000000000e+03 -1.197401442918118164e+02
6.820000000000000000e+03 -1.188988418872306596e+02
6.830000000000000000e+03 -1.193665102699298757e+02
6.840000000000000000e+03 -1.184690774072969077e+02
6.850000000000000000e+03 -1.176147274558807254e+02
6.860000000000000000e+03 -1.171059851226664534e+02
6.870000000000000000e+03 -1.176123862999932328e+02
6.880000000000000000e+03 -1.175436491815379298e+02
6.890000000000000000e+03 -1.182730220590837007e+02
6.900000000000000000e+03 -1.192564365308461731e+02
6.910000000000000000e+03 -1.195290479042915024e+02
6.920000000000000000e+03 -1.198658654347523651e+02
6.930000000000000000e+03 -1.191708641186769739e+02
6.940000000000000000e+03 -1.185417540961677787e+02
6.950000000000000000e+03 -1.186542310421202728e+02
6.960000000000000000e+03 -1.134741988258894594e+02
6.970000000000000000e+03 -1.200103382002046857e+02
6.980000000000000000e+03 -1.162587394475266223e+02
6.990000000000000000e+03 -1.205842180575981359e+02
7.000000000000000000e+03 -1.207190821842076360e+02
7.010000000000000000e+03 -1.206323956018618446e+02
7.020000000000000000e+03 -1.218080635590194305e+02
7.030000000000000000e+03 -1.210419846109946178e+02
7.040000000000000000e+03 -1.211596835808470445e+02
7.050000000000000000e+03 -1.207760171159297897e+02
7.060000000000000000e+03 -1.217357292792693073e+02
7.070000000000000000e+03 -1.218686779576320873e+02
7.080000000000000000e+03 -1.231109240287811275e+02
7.090000000000000000e+03 -1.232006720235777806e+02
7.100000000000000000e+03 -1.227687176408533247e+02
7.110000000000000000e+03 -1.220385115458777108e+02
7.120000000000000000e+03 -1.238356959333593608e+02
7.130000000000000000e+03 -1.229098905535169308e+02
7.140000000000000000e+03 -1.233031907107182690e+02
7.150000000000000000e+03 -1.240021744999315132e+02
7.160000000000000000e+03 -1.223451011863055555e+02
7.170000000000000000e+03 -1.214856608519052230e+02
7.180000000000000000e+03 -1.208653620411193543e+02
7.190000000000000000e+03 -1.227567775807421668e+02
7.200000000000000000e+03 -1.219739702017692053e+02
7.210000000000000000e+03 -1.217124347679283289e+02
7.220000000000000000e+03 -1.215207781572116517e+02
7.230000000000000000e+03 -1.222463058286931954e+02
7.240000000000000000e+03 -1.224556331108559419e+02
7.250000000000000000e+03 -1.231922891114390524e+02
7.260000000000000000e+03 -1.239385573326829331e+02
7.270000000000000000e+03 -1.238849300289914623e+02
7.280000000000000000e+03 -1.246370040726181827e+02
7.290000000000000000e+03 -1.237661413442447156e+02
7.300000000000000000e+03 -1.243910916963893953e+02
7.310000000000000000e+03 -1.253372895913264244e+02
7.320000000000000000e+03 -1.256490675251203299e+02
7.330000000000000000e+03 -1.265388128716888900e+02
7.340000000000000000e+03 -1.253266051425948433e+02
7.350000000000000000e+03 -1.252780249385088069e+02
7.360000000000000000e+03 -1.255341936262580305e+02
7.370000000000000000e+03 -1.253797612530325978e+02
7.380000000000000000e+03 -1.279806724378868807e+02
7.390000000000000000e+03 -1.277191185966536153e+02
7.400000000000000000e+03 -1.281268442908826444e+02
7.410000000000000000e+03 -1.291597373121958299e+02
7.420000000000000000e+03 -1.291675199917847294e+02
7.430000000000000000e+03 -1.284953619195801480e+02
7.440000000000000000e+03 -1.290412467033614234e+02
7.450000000000000000e+03 -1.291009645769330518e+02
7.460000000000000000e+03 -1.292169465386949696e+02
7.470000000000000000e+03 -1.295476889473628148e+02
7.480000000000000000e+03 -1.295485018716167360e+02
7.490000000000000000e+03 -1.298653939308946406e+02
7.500000000000000000e+03 -1.304490399174869708e+02
7.510000000000000000e+03 -1.300802575023344616e+02
7.520000000000000000e+03 -1.297546618948686614e+02
7.530000000000000000e+03 -1.300592273326005284e+02
7.540000000000000000e+03 -1.303133145756946192e+02
7.550000000000000000e+03 -1.309283225648505891e+02
7.560000000000000000e+03 -1.312089407289145697e+02
7.570000000000000000e+03 -1.312737188292538235e+02
7.580000000000000000e+03 -1.311781091299604043e+02
7.590000000000000000e+03 -1.301486906874031888e+02
7.600000000000000000e+03 -1.294188815680529387e+02
7.610000000000000000e+03 -1.295921256203482983e+02
7.620000000000000000e+03 -1.302329155123734665e+02
7.630000000000000000e+03 -1.294622184967578278e+02
7.640000000000000000e+03 -1.295635392809753057e+02
7.650000000000000000e+03 -1.291574404953192925e+02
7.660000000000000000e+03 -1.286615172034489376e+02
7.670000000000000000e+03 -1.288136319580046916e+02
7.680000000000000000e+03 -1.303818228784146527e+02
7.690000000000000000e+03 -1.303276672281066340e+02
7.700000000000000000e+03 -1.310068151785752661e+02
7.710000000000000000e+03 -1.305275619757984771e+02
7.720000000000000000e+03 -1.312948255680476564e+02
7.730000000000000000e+03 -1.306454597685043666e+02
7.740000000000000000e+03 -1.318166553122993037e+02
7.750000000000000000e+03 -1.321777030908317556e+02
7.760000000000000000e+03 -1.327613145631298153e+02
7.770000000000000000e+03 -1.324274288523993732e+02
7.780000000000000000e+03 -1.334010640377431400e+02
7.790000000000000000e+03 -1.338170357016880416e+02
7.800000000000000000e+03 -1.341307195864698656e+02
7.810000000000000000e+03 -1.337859258559828390e+02
7.820000000000000000e+03 -1.342252734958696010e+02
7.830000000000000000e+03 -1.338040048424817314e+02
7.840000000000000000e+03 -1.334864126430179567e+02
7.850000000000000000e+03 -1.327956942283139483e+02
7.860000000000000000e+03 -1.317398905710272174e+02
7.870000000000000000e+03 -1.319201989221905933e+02
7.880000000000000000e+03 -1.325178210587354499e+02
7.890000000000000000e+03 -1.320137564760684086e+02
7.900000000000000000e+03 -1.333030636385864227e+02
7.910000000000000000e+03 -1.331628761743285736e+02
7.920000000000000000e+03 -1.342996125585669347e+02
7.930000000000000000e+03 -1.344083855787555422e+02
7.940000000000000000e+03 -1.340406661427787753e+02
7.950000000000000000e+03 -1.347478538184954573e+02
7.960000000000000000e+03 -1.346213842607507729e+02
7.970000000000000000e+03 -1.340248675515293826e+02
7.980000000000000000e+03 -1.340108326055980683e+02
7.990000000000000000e+03 -1.339622664890376598e+02
8.000000000000000000e+03 -1.332240254699011643e+02
8.010000000000000000e+03 -1.341701282909328938e+02
8.020000000000000000e+03 -1.353123253838477638e+02
8.030000000000000000e+03 -1.349133233749396368e+02
8.040000000000000000e+03 -1.346625899698899502e+02
8.050000000000000000e+03 -1.337723525350523914e+02
8.060000000000000000e+03 -1.324771886305674684e+02
8.070000000000000000e+03 -1.322218260050515823e+02
8.080000000000000000e+03 -1.316746711367388798e+02
8.090000000000000000e+03 -1.324924770666698350e+02
8.100000000000000000e+03 -1.309461006004658827e+02
8.110000000000000000e+03 -1.315149650966365584e+02
8.120000000000000000e+03 -1.313890826230972664e+02
8.130000000000000000e+03 -1.313245345318488546e+02
8.140000000000000000e+03 -1.310197412156140899e+02
8.150000000000000000e+03 -1.300433031617608890e+02
8.160000000000000000e+03 -1.301633809503716179e+02
8.170000000000000000e+03 -1.305124208526754614e+02
8.180000000000000000e+03 -1.320330152214756936e+02
8.190000000000000000e+03 -1.322960804119826435e+02
8.200000000000000000e+03 -1.324807533660700756e+02
8.210000000000000000e+03 -1.319486923872360649e+02
8.220000000000000000e+03 -1.314745406892423318e+02
8.230000000000000000e+03 -1.308097802341291072e+02
8.240000000000000000e+03 -1.297889797172261410e+02
8.250000000000000000e+03 -1.305910018545104663e+02
8.260000000000000000e+03 -1.308644621559048460e+02
8.270000000000000000e+03 -1.319271389431508226e+02
8.280000000000000000e+03 -1.326765161751122548e+02
8.290000000000000000e+03 -1.311737109977754869e+02
8.300000000000000000e+03 -1.321174049019135737e+02
8.310000000000000000e+03 -1.349938673682459012e+02
8.320000000000000000e+03 -1.355877020040910281e+02
8.330000000000000000e+03 -1.337855001404045936e+02
8.340000000000000000e+03 -1.332605907230083631e+02
8.350000000000000000e+03 -1.327873552937527393e+02
8.360000000000000000e+03 -1.312313182454597040e+02
8.370000000000000000e+03 -1.353601016461991549e+02
8.380000000000000000e+03 -1.332267235970049910e+02
8.390000000000000000e+03 -1.326756132315562411e+02
8.400000000000000000e+03 -1.353285420919081616e+02
8.410000000000000000e+03 -1.367957773275717841e+02
8.420000000000000000e+03 -1.376422048906852922e+02
8.430000000000000000e+03 -1.376703233758341867e+02
8.440000000000000000e+03 -1.382962594908825054e+02
8.450000000000000000e+03 -1.386687743168015174e+02
8.460000000000000000e+03 -1.381077706279938297e+02
8.470000000000000000e+03 -1.393192220760965370e+02
8.480000000000000000e+03 -1.368614432959140288e+02
8.490000000000000000e+03 -1.364427218466034333e+02
8.500000000000000000e+03 -1.362010832331421852e+02
8.510000000000000000e+03 -1.352679715261253364e+02
8.520000000000000000e+03 -1.354042496583600723e+02
8.530000000000000000e+03 -1.372799801819119239e+02
8.540000000000000000e+03 -1.375304351311021662e+02
8.550000000000000000e+03 -1.362132290932473211e+02
8.560000000000000000e+03 -1.353073089274367362e+02
8.570000000000000000e+03 -1.368812176669991914e+02
8.580000000000000000e+03 -1.366728999065502990e+02
8.590000000000000000e+03 -1.364473096426915788e+02
8.600000000000000000e+03 -1.362930702808399701e+02
8.610000000000000000e+03 -1.378175557291006044e+02
8.620000000000000000e+03 -1.362655361227505750e+02
8.630000000000000000e+03 -1.369091433427240077e+02
8.640000000000000000e+03 -1.386178138162740652e+02
8.650000000000000000e+03 -1.397163644969647294e+02
8.660000000000000000e+03 -1.395907772117530783e+02
8.670000000000000000e+03 -1.399626499422040524e+02
8.680000000000000000e+03 -1.394992505713233300e+02
8.690000000000000000e+03 -1.402848724716855600e+02
8.700000000000000000e+03 -1.407087455534698677e+02
8.710000000000000000e+03 -1.411312304665128750e+02
8.720000000000000000e+03 -1.415784312470678685e+02
8.730000000000000000e+03 -1.390518294790103369e+02
8.740000000000000000e+03 -1.407995407023498728e+02
8.750000000000000000e+03 -1.419585438445087391e+02
8.760000000000000000e+03 -1.417686792602441415e+02
8.770000000000000000e+03 -1.424942778744492671e+02
8.780000000000000000e+03 -1.430045926779185947e+02
8.790000000000000000e+03 -1.420800550338526307e+02
8.800000000000000000e+03 -1.425586600059082230e+02
8.810000000000000000e+03 -1.431772049393094903e+02
8.820000000000000000e+03 -1.423283710927249501e+02
8.830000000000000000e+03 -1.415394405670157596e+02
8.840000000000000000e+03 -1.418774748690133833e+02
8.850000000000000000e+03 -1.416818225753324896e+02
8.860000000000000000e+03 -1.404192191998282908e+02
8.870000000000000000e+03 -1.412198624261771442e+02
8.880000000000000000e+03 -1.395012137554136302e+02
8.890000000000000000e+03 -1.406345042758360364e+02
8.900000000000000000e+03 -1.409377379987465133e+02
8.910000000000000000e+03 -1.410730998296602081e+02
8.920000000000000000e+03 -1.414913343636375203e+02
8.930000000000000000e+03 -1.424352778400246962e+02
8.940000000000000000e+03 -1.428059334275281458e+02
8.950000000000000000e+03 -1.420556404401210102e+02
8.960000000000000000e+03 -1.422704107159701721e+02
8.970000000000000000e+03 -1.428662736487976304e+02
8.980000000000000000e+03 -1.429577818926428279e+02
8.990000000000000000e+03 -1.424209076016423978e+02
9.000000000000000000e+03 -1.428780038577593814e+02
9.010000000000000000e+03 -1.418453908351617656e+02
9.020000000000000000e+03 -1.418576510138509832e+02
9.030000000000000000e+03 -1.437106613279865144e+02
9.040000000000000000e+03 -1.438309675878988969e+02
9.050000000000000000e+03 -1.443219943072763840e+02
9.060000000000000000e+03 -1.444101965372155121e+02
9.070000000000000000e+03 -1.439155563859385438e+02
9.080000000000000000e+03 -1.448031953553124822e+02
9.090000000000000000e+03 -1.451243982212181436e+02
9.100000000000000000e+03 -1.462423148335990106e+02
9.110000000000000000e+03 -1.459308754134114565e+02
9.120000000000000000e+03 -1.459960426067258368e+02
9.130000000000000000e+03 -1.465259909275659993e+02
9.140000000000000000e+03 -1.460575238822914343e+02
9.150000000000000000e+03 -1.476229986034617809e+02
9.160000000000000000e+03 -1.478434353247450872e+02
9.170000000000000000e+03 -1.462413131618678790e+02
9.180000000000000000e+03 -1.474287622246147862e+02
9.190000000000000000e+03 -1.464228812051353543e+02
9.200000000000000000e+03 -1.469312896028394562e+02
9.210000000000000000e+03 -1.486151334095648622e+02
9.220000000000000000e+03 -1.483676016510961801e+02
9.230000000000000000e+03 -1.502672088824596699e+02
9.240000000000000000e+03 -1.512540935403488334e+02
9.250000000000000000e+03 -1.504599386537821601e+02
9.260000000000000000e+03 -1.510810553690409392e+02
9.270000000000000000e+03 -1.510008683162539853e+02
9.280000000000000000e+03 -1.506906408681671792e+02
9.290000000000000000e+03 -1.489150297810654138e+02
9.300000000000000000e+03 -1.495782029513783300e+02
9.310000000000000000e+03 -1.501746755180711261e+02
9.320000000000000000e+03 -1.500078030026787417e+02
9.330000000000000000e+03 -1.506801577474647047e+02
9.340000000000000000e+03 -1.507354655861897186e+02
9.350000000000000000e+03 -1.511602223626129557e+02
9.360000000000000000e+03 -1.511541196679662846e+02
9.370000000000000000e+03 -1.516586262341273823e+02
9.380000000000000000e+03 -1.514697542412993698e+02
9.390000000000000000e+03 -1.496905850935009425e+02
9.400000000000000000e+03 -1.508239187399821617e+02
9.410000000000000000e+03 -1.513372619887553867e+02
9.420000000000000000e+03 -1.526644384504002119e+02
9.430000000000000000e+03 -1.524177857034876240e+02
9.440000000000000000e+03 -1.516767362187247841e+02
9.450000000000000000e+03 -1.521861830723992171e+02
9.460000000000000000e+03 -1.520318948163888706e+02
9.470000000000000000e+03 -1.521095520623198070e+02
9.480000000000000000e+03 -1.506947084102460508e+02
9.490000000000000000e+03 -1.512322437040705267e+02
9.500000000000000000e+03 -1.509687362786084748e+02
9.510000000000000000e+03 -1.510057039998712867e+02
9.520000000000000000e+03 -1.502086908048651708e+02
9.530000000000000000e+03 -1.499514409640952977e+02
9.540000000000000000e+03 -1.507353048222274481e+02
9.550000000000000000e+03 -1.518481703770460740e+02
9.560000000000000000e+03 -1.526375667789171189e+02
9.570000000000000000e+03 -1.513421380277407593e+02
9.580000000000000000e+03 -1.526976788462828551e+02
9.590000000000000000e+03 -1.522937653068371446e+02
9.600000000000000000e+03 -1.535147517077997463e+02
9.610000000000000000e+03 -1.538186204047433137e+02
9.620000000000000000e+03 -1.543909700522588082e+02
9.630000000000000000e+03 -1.537914414943889483e+02
9.640000000000000000e+03 -1.542232422548939894e+02
9.650000000000000000e+03 -1.527517973261842883e+02
9.660000000000000000e+03 -1.541733013195106423e+02
9.670000000000000000e+03 -1.547595075330025907e+02
9.680000000000000000e+03 -1.551788580101698471e+02
9.690000000000000000e+03 -1.558499762342121358e+02
9.700000000000000000e+03 -1.549448507712283742e+02
9.710000000000000000e+03 -1.553949431745113543e+02
9.720000000000000000e+03 -1.548186631696615336e+02
9.730000000000000000e+03 -1.541186297390608502e+02
9.740000000000000000e+03 -1.546536537633645594e+02
9.750000000000000000e+03 -1.544527966286023286e+02
9.760000000000000000e+03 -1.547290956887455309e+02
9.770000000000000000e+03 -1.552772383058623973e+02
9.780000000000000000e+03 -1.543395850299711753e+02
9.790000000000000000e+03 -1.546437217164880167e+02
9.800000000000000000e+03 -1.548108729923916371e+02
9.810000000000000000e+03 -1.545735965652457082e+02
9.820000000000000000e+03 -1.542616069708802229e+02
9.830000000000000000e+03 -1.542446685716352022e+02
9.840000000000000000e+03 -1.531799576223775716e+02
9.850000000000000000e+03 -1.541034328998063927e+02
9.860000000000000000e+03 -1.545349987010286554e+02
9.870000000000000000e+03 -1.543687824403473883e+02
9.880000000000000000e+03 -1.550403020254597095e+02
9.890000000000000000e+03 -1.550665617929046221e+02
9.900000000000000000e+03 -1.553161272209562469e+02
9.910000000000000000e+03 -1.552564950044422289e+02
9.920000000000000000e+03 -1.555618287633752743e+02
9.930000000000000000e+03 -1.567891447075792826e+02
9.940000000000000000e+03 -1.567099785017281306e+02
9.950000000000000000e+03 -1.573462454416097671e+02
9.960000000000000000e+03 -1.570249051640621758e+02
9.970000000000000000e+03 -1.573799483264046160e+02
9.980000000000000000e+03 -1.581556150539569217e+02
9.990000000000000000e+03 -1.580595095462689130e+02
1.000000000000000000e+04 -1.579283606413436587e+02
1.001000000000000000e+04 -1.581460132925365372e+02
1.002000000000000000e+04 -1.570298002013623773e+02
1.003000000000000000e+04 -1.567486461108811113e+02
1.004000000000000000e+04 -1.568282311247305074e+02
1.005000000000000000e+04 -1.570719632838852817e+02
1.006000000000000000e+04 -1.587347201981588114e+02
1.007000000000000000e+04 -1.578466146642080901e+02
1.008000000000000000e+04 -1.581379452281083786e+02
1.009000000000000000e+04 -1.581733934869420750e+02
1.010000000000000000e+04 -1.584037135697300300e+02
1.011000000000000000e+04 -1.583866274370770384e+02
1.012000000000000000e+04 -1.583502210999915860e+02
1.013000000000000000e+04 -1.580036056037264984e+02
1.014000000000000000e+04 -1.586491506691124869e+02
1.015000000000000000e+04 -1.591037481311984720e+02
1.016000000000000000e+04 -1.596107032205972018e+02
1.017000000000000000e+04 -1.594501736309804585e+02
1.018000000000000000e+04 -1.590875980034903421e+02
1.019000000000000000e+04 -1.596370200417272258e+02
1.020000000000000000e+04 -1.589994763409267193e+02
1.021000000000000000e+04 -1.596424796676976712e+02
1.022000000000000000e+04 -1.597010409144026539e+02
1.023000000000000000e+04 -1.599651991922599166e+02
1.024000000000000000e+04 -1.604203074584419255e+02
1.025000000000000000e+04 -1.603032570341920291e+02
1.026000000000000000e+04 -1.598787993052412730e+02
1.027000000000000000e+04 -1.600933269604841485e+02
1.028000000000000000e+04 -1.587950345092501721e+02
1.029000000000000000e+04 -1.561946060119265098e+02
1.030000000000000000e+04 -1.564770575156631480e+02
1.031000000000000000e+04 -1.557844466793565346e+02
1.032000000000000000e+04 -1.551357663581290467e+02
1.033000000000000000e+04 -1.568755997100009552e+02
1.034000000000000000e+04 -1.574950317976353062e+02
1.035000000000000000e+04 -1.575451482390491833e+02
1.036000000000000000e+04 -1.582799980760181597e+02
1.037000000000000000e+04 -1.556403125075197238e+02
1.038000000000000000e+04 -1.572171924630748663e+02
1.039000000000000000e+04 -1.578803464144921520e+02
1.040000000000000000e+04 -1.566359060969378731e+02
1.041000000000000000e+04 -1.568058131202180334e+02
1.042000000000000000e+04 -1.590331650034867721e+02
1.043000000000000000e+04 -1.588821372458123733e+02
1.044000000000000000e+04 -1.562781373625997503e+02
1.045000000000000000e+04 -1.576945087704317530e+02
1.046000000000000000e+04 -1.576655976715012457e+02
1.047000000000000000e+04 -1.567688091096306380e+02
1.048000000000000000e+04 -1.568397976034981127e+02
1.049000000000000000e+04 -1.561852576074279568e+02
1.050000000000000000e+04 -1.565622620722915599e+02
1.051000000000000000e+04 -1.580331844869542124e+02
1.052000000000000000e+04 -1.588225949498650209e+02
1.053000000000000000e+04 -1.583034405998192540e+02
1.054000000000000000e+04 -1.587287630825867382e+02
1.055000000000000000e+04 -1.601401831761640153e+02
1.056000000000000000e+04 -1.611496326495026210e+02
1.057000000000000000e+04 -1.595739273269005025e+02
1.058000000000000000e+04 -1.581615124437453517e+02
1.059000000000000000e+04 -1.589461033516594739e+02
1.060000000000000000e+04 -1.581488235817855070e+02
1.061000000000000000e+04 -1.602203182189809922e+02
1.062000000000000000e+04 -1.588071651871343875e+02
1.063000000000000000e+04 -1.587611158453586029e+02
1.064000000000000000e+04 -1.579800499259194737e+02
1.065000000000000000e+04 -1.577569377717616703e+02
1.066000000000000000e+04 -1.593173154626196890e+02
1.067000000000000000e+04 -1.588252812376213967e+02
1.068000000000000000e+04 -1.593540452309786133e+02
1.069000000000000000e+04 -1.596462345232496318e+02
1.070000000000000000e+04 -1.600445523531124650e+02
1.071000000000000000e+04 -1.595664984551950738e+02
1.072000000000000000e+04 -1.599427929134276383e+02
1.073000000000000000e+04 -1.611408429445726824e+02
1.074000000000000000e+04 -1.611427008071757143e+02
1.075000000000000000e+04 -1.603911985108059071e+02
1.076000000000000000e+04 -1.615162647624352985e+02
1.077000000000000000e+04 -1.607027834483040749e+02
1.078000000000000000e+04 -1.620016877356572991e+02
1.079000000000000000e+04 -1.613120667562199060e+02
1.080000000000000000e+04 -1.608429062328590931e+02
1.081000000000000000e+04 -1.616923668674189685e+02
1.082000000000000000e+04 -1.612960281389466672e+02
1.083000000000000000e+04 -1.613087779278875189e+02
1.084000000000000000e+04 -1.606096789437463030e+02
1.085000000000000000e+04 -1.605477830716208132e+02
1.086000000000000000e+04 -1.598434536370731394e+02
1.087000000000000000e+04 -1.617220055487122181e+02
1.088000000000000000e+04 -1.609963109336755451e+02
1.089000000000000000e+04 -1.616132936616738220e+02
1.090000000000000000e+04 -1.617730549281128560e+02
1.091000000000000000e+04 -1.614999856436419066e+02
1.092000000000000000e+04 -1.620252652543005638e+02
1.093000000000000000e+04 -1.613045222064203870e+02
1.094000000000000000e+04 -1.607830681892990583e+02
1.095000000000000000e+04 -1.603808048258052281e+02
1.096000000000000000e+04 -1.603766980509176108e+02
1.097000000000000000e+04 -1.617366859971287170e+02
1.098000000000000000e+04 -1.616869673138745043e+02
1.099000000000000000e+04 -1.613776055213224936e+02
1.100000000000000000e+04 -1.619701867012904017e+02
1.101000000000000000e+04 -1.606343849013832710e+02
1.102000000000000000e+04 -1.604128650558016886e+02
1.103000000000000000e+04 -1.610029555974551272e+02
1.104000000000000000e+04 -1.593459449427577113e+02
1.105000000000000000e+04 -1.605944473802315144e+02
1.106000000000000000e+04 -1.615069535753727905e+02
1.107000000000000000e+04 -1.620687183661123640e+02
1.108000000000000000e+04 -1.615372330286421629e+02
1.109000000000000000e+04 -1.615760721847314016e+02
1.110000000000000000e+04 -1.611286637976994314e+02
1.111000000000000000e+04 -1.613257118092407723e+02
1.112000000000000000e+04 -1.614368905851569878e+02
1.113000000000000000e+04 -1.608616929899277181e+02
1.114000000000000000e+04 -1.604857556884683163e+02
1.115000000000000000e+04 -1.605209939497669041e+02
1.116000000000000000e+04 -1.615273063097904469e+02
1.117000000000000000e+04 -1.623856076317516965e+02
1.118000000000000000e+04 -1.612888443500947346e+02
1.119000000000000000e+04 -1.619231037034433029e+02
1.120000000000000000e+04 -1.615432611270489929e+02
1.121000000000000000e+04 -1.620882749219344987e+02
1.122000000000000000e+04 -1.614347090197757097e+02
1.123000000000000000e+04 -1.612447978172687044e+02
1.124000000000000000e+04 -1.602172908079750187e+02
1.125000000000000000e+04 -1.613459991678313941e+02
1.126000000000000000e+04 -1.607578959386686392e+02
1.127000000000000000e+04 -1.611609041601405465e+02
1.128000000000000000e+04 -1.622880759411287954e+02
1.129000000000000000e+04 -1.628230572137012473e+02
1.130000000000000000e+04 -1.633041607693383810e+02
1.131000000000000000e+04 -1.629624705754216620e+02
1.132000000000000000e+04 -1.637575450323768109e+02
1.133000000000000000e+04 -1.637949622289614808e+02
1.134000000000000000e+04 -1.645513100162326623e+02
1.135000000000000000e+04 -1.647828985517118667e+02
1.136000000000000000e+04 -1.645976565031437531e+02
1.137000000000000000e+04 -1.651058888383346073e+02
1.138000000000000000e+04 -1.652551706637271423e+02
1.139000000000000000e+04 -1.650319511782823270e+02
1.140000000000000000e+04 -1.662520780973805472e+02
1.141000000000000000e+04 -1.655519725566389866e+02
1.142000000000000000e+04 -1.652048036288761637e+02
1.143000000000000000e+04 -1.656153463279459856e+02
1.144000000000000000e+04 -1.663626447172530902e+02
1.145000000000000000e+04 -1.662732537095791372e+02
1.146000000000000000e+04 -1.663939360945536805e+02
1.147000000000000000e+04 -1.656799900708356290e+02
1.148000000000000000e+04 -1.666032754175210471e+02
1.149000000000000000e+04 -1.663558826075646380e+02
1.150000000000000000e+04 -1.662884760728263132e+02
1.151000000000000000e+04 -1.659195160498813948e+02
1.152000000000000000e+04 -1.655716552211552823e+02
1.153000000000000000e+04 -1.646150080926064447e+02
1.154000000000000000e+04 -1.654204633020474091e+02
1.155000000000000000e+04 -1.654076386810770032e+02
1.156000000000000000e+04 -1.667127839512820060e+02
1.157000000000000000e+04 -1.664456833967022362e+02
1.158000000000000000e+04 -1.657748399651877662e+02
1.159000000000000000e+04 -1.659988744146897375e+02
1.160000000000000000e+04 -1.648046254773067858e+02
1.161000000000000000e+04 -1.653940457769469390e+02
1.162000000000000000e+04 -1.662531108561843212e+02
1.163000000000000000e+04 -1.663745346136659009e+02
1.164000000000000000e+04 -1.669501328700325757e+02
1.165000000000000000e+04 -1.665077959824176048e+02
1.166000000000000000e+04 -1.652693260970794142e+02
1.167000000000000000e+04 -1.647788441332448315e+02
1.168000000000000000e+04 -1.644994099146096005e+02
1.169000000000000000e+04 -1.634089288368079451e+02
1.170000000000000000e+04 -1.623163451958448036e+02
1.171000000000000000e+04 -1.620805858389120715e+02
1.172000000000000000e+04 -1.618384787420288262e+02
1.173000000000000000e+04 -1.614695322489067166e+02
1.174000000000000000e+04 -1.620353967551467917e+02
1.175000000000000000e+04 -1.623580599704152974e+02
1.176000000000000000e+04 -1.627581186857916009e+02
1.177000000000000000e+04 -1.613350572954620361e+02
1.178000000000000000e+04 -1.589312089581488294e+02
1.179000000000000000e+04 -1.608094388412425815e+02
1.180000000000000000e+04 -1.608468129124042321e+02
1.181000000000000000e+04 -1.636027002034980740e+02
1.182000000000000000e+04 -1.634550100521949503e+02
1.183000000000000000e+04 -1.649567620525129428e+02
1.184000000000000000e+04 -1.661877476934545541e+02
1.185000000000000000e+04 -1.656970086560454547e+02
1.186000000000000000e+04 -1.663819100097386467e+02
1.187000000000000000e+04 -1.665206664154430314e+02
1.188000000000000000e+04 -1.663965601425339855e+02
1.189000000000000000e+04 -1.661006016836285255e+02
1.190000000000000000e+04 -1.655244462235251603e+02
1.191000000000000000e+04 -1.654156649784868023e+02
1.192000000000000000e+04 -1.650469556251867971e+02
1.193000000000000000e+04 -1.669998836833963765e+02
1.194000000000000000e+04 -1.670656615770956250e+02
1.195000000000000000e+04 -1.671093700148840355e+02
1.196000000000000000e+04 -1.655760912437393415e+02
1.197000000000000000e+04 -1.651959522085321623e+02
1.198000000000000000e+04 -1.663535120367309901e+02
1.199000000000000000e+04 -1.668656339357044089e+02
1.200000000000000000e+04 -1.662186723430839947e+02
1.201000000000000000e+04 -1.663830851101548092e+02
1.202000000000000000e+04 -1.643373824176265998e+02
1.203000000000000000e+04 -1.638025018315379953e+02
1.204000000000000000e+04 -1.635789513818855312e+02
1.205000000000000000e+04 -1.649982172682928194e+02
1.206000000000000000e+04 -1.642376365223459800e+02
1.207000000000000000e+04 -1.646334284516258890e+02
1.208000000000000000e+04 -1.642652595093551326e+02
1.209000000000000000e+04 -1.642932279789263816e+02
1.210000000000000000e+04 -1.629777753114686050e+02
1.211000000000000000e+04 -1.639824529217975737e+02
1.212000000000000000e+04 -1.641432612583994057e+02
1.213000000000000000e+04 -1.647198920524762116e+02
1.214000000000000000e+04 -1.646055610295077827e+02
1.215000000000000000e+04 -1.645931005544555887e+02
1.216000000000000000e+04 -1.644191494438425707e+02
1.217000000000000000e+04 -1.630114052859495359e+02
1.218000000000000000e+04 -1.627927692191031213e+02
1.219000000000000000e+04 -1.626080392532127803e+02
1.220000000000000000e+04 -1.630380538105366099e+02
1.221000000000000000e+04 -1.634487787336790348e+02
1.222000000000000000e+04 -1.639730524886098806e+02
1.223000000000000000e+04 -1.632094312061171593e+02
1.224000000000000000e+04 -1.626759300170214146e+02
1.225000000000000000e+04 -1.609094595475835661e+02
1.226000000000000000e+04 -1.622215941853235677e+02
1.227000000000000000e+04 -1.623325544857087266e+02
1.228000000000000000e+04 -1.608443882096107131e+02
1.229000000000000000e+04 -1.597022284593039672e+02
1.230000000000000000e+04 -1.591174745511724780e+02
1.231000000000000000e+04 -1.607289029641673892e+02
1.232000000000000000e+04 -1.619486916720467491e+02
1.233000000000000000e+04 -1.612940569864415465e+02
1.234000000000000000e+04 -1.617112795889582912e+02
1.235000000000000000e+04 -1.592804559657355412e+02
1.236000000000000000e+04 -1.593560587628570886e+02
1.237000000000000000e+04 -1.592810843269283509e+02
1.238000000000000000e+04 -1.602462896346182788e+02
1.239000000000000000e+04 -1.594642807668537614e+02
1.240000000000000000e+04 -1.598531506714456327e+02
1.241000000000000000e+04 -1.588957668399858676e+02
1.242000000000000000e+04 -1.591260760990176379e+02
1.243000000000000000e+04 -1.593020333328868219e+02
1.244000000000000000e+04 -1.580377362864279007e+02
1.245000000000000000e+04 -1.574956909863775536e+02
1.246000000000000000e+04 -1.593110090323588679e+02
1.247000000000000000e+04 -1.597193001436510258e+02
1.248000000000000000e+04 -1.588401168201933160e+02
1.249000000000000000e+04 -1.570757157926472587e+02
1.250000000000000000e+04 -1.564567967153213033e+02
1.251000000000000000e+04 -1.554982301849702253e+02
1.252000000000000000e+04 -1.547951695135654973e+02
1.253000000000000000e+04 -1.554781402598131592e+02
1.254000000000000000e+04 -1.569862196857443450e+02
1.255000000000000000e+04 -1.572201042847319741e+02
1.256000000000000000e+04 -1.575493747191342777e+02
1.257000000000000000e+04 -1.588362580497509384e+02
1.258000000000000000e+04 -1.573904227808270093e+02
1.259000000000000000e+04 -1.585062716025299494e+02
1.260000000000000000e+04 -1.585259805557364245e+02
1.261000000000000000e+04 -1.602328373808787774e+02
1.262000000000000000e+04 -1.615851499606254720e+02
1.263000000000000000e+04 -1.615212073722339028e+02
1.264000000000000000e+04 -1.624166323824585731e+02
1.265000000000000000e+04 -1.618225845285809896e+02
1.266000000000000000e+04 -1.618131746166172888e+02
1.267000000000000000e+04 -1.611610763181534196e+02
1.268000000000000000e+04 -1.597683437069679826e+02
1.269000000000000000e+04 -1.588914269624203826e+02
1.270000000000000000e+04 -1.613588100590091869e+02
1.271000000000000000e+04 -1.628474475832543931e+02
1.272000000000000000e+04 -1.652197935976551264e+02
1.273000000000000000e+04 -1.658240731153596244e+02
1.274000000000000000e+04 -1.666924455338710800e+02
1.275000000000000000e+04 -1.681949380358468886e+02
1.276000000000000000e+04 -1.685631296605977241e+02
1.277000000000000000e+04 -1.683780517542832342e+02
1.278000000000000000e+04 -1.690163932522103210e+02
1.279000000000000000e+04 -1.688810251071965922e+02
1.280000000000000000e+04 -1.685854552594686311e+02
1.281000000000000000e+04 -1.689128266732641919e+02
1.282000000000000000e+04 -1.692538571893207973e+02
1.283000000000000000e+04 -1.690222183113556298e+02
1.284000000000000000e+04 -1.690386900806666404e+02
1.285000000000000000e+04 -1.688947014750402786e+02
1.286000000000000000e+04 -1.688899017254655064e+02
1.287000000000000000e+04 -1.680600659090328861e+02
1.288000000000000000e+04 -1.673917516099325269e+02
1.289000000000000000e+04 -1.661376330537384547e+02
1.290000000000000000e+04 -1.657373433940589962e+02
1.291000000000000000e+04 -1.660558096239494716e+02
1.292000000000000000e+04 -1.652625499115019352e+02
1.293000000000000000e+04 -1.657009607932178596e+02
1.294000000000000000e+04 -1.656845706448814326e+02
1.295000000000000000e+04 -1.642429986030049349e+02
1.296000000000000000e+04 -1.643165854705099491e+02
1.297000000000000000e+04 -1.641389517485512215e+02
1.298000000000000000e+04 -1.641533461683957285e+02
1.299000000000000000e+04 -1.647872674361332770e+02
1.300000000000000000e+04 -1.663693306915432117e+02
1.301000000000000000e+04 -1.663610568963467529e+02
1.302000000000000000e+04 -1.658648219461510678e+02
1.303000000000000000e+04 -1.659346543484983840e+02
1.304000000000000000e+04 -1.669407327462772628e+02
1.305000000000000000e+04 -1.671393384594321105e+02
1.306000000000000000e+04 -1.684318098996188837e+02
1.307000000000000000e+04 -1.669450909900342594e+02
1.308000000000000000e+04 -1.669650095988764633e+02
1.309000000000000000e+04 -1.685030265486604435e+02
1.310000000000000000e+04 -1.682703302400653911e+02
1.311000000000000000e+04 -1.676615152835947242e+02
1.312000000000000000e+04 -1.681309849766724938e+02
1.313000000000000000e+04 -1.700675797533095590e+02
1.314000000000000000e+04 -1.700093075563958962e+02
1.315000000000000000e+04 -1.711358453494287346e+02
1.316000000000000000e+04 -1.711360920396595020e+02
1.317000000000000000e+04 -1.643701280532223166e+02
1.318000000000000000e+04 -1.639646606737344428e+02
1.319000000000000000e+04 -1.645148518903997683e+02
1.320000000000000000e+04 -1.632637417799527384e+02
1.321000000000000000e+04 -1.638793428761567839e+02
1.322000000000000000e+04 -1.633444769113320376e+02
1.323000000000000000e+04 -1.632790212019920091e+02
1.324000000000000000e+04 -1.628061626579221866e+02
1.325000000000000000e+04 -1.624493711425315610e+02
1.326000000000000000e+04 -1.617795902681444318e+02
1.327000000000000000e+04 -1.630507119224332087e+02
1.328000000000000000e+04 -1.625555087531238314e+02
1.329000000000000000e+04 -1.627765824801107613e+02
1.330000000000000000e+04 -1.618450984413008769e+02
1.331000000000000000e+04 -1.608946856958457374e+02
1.332000000000000000e+04 -1.597990650050455770e+02
1.333000000000000000e+04 -1.605899028192717424e+02
1.334000000000000000e+04 -1.607435607410678813e+02
1.335000000000000000e+04 -1.595046817214573309e+02
1.336000000000000000e+04 -1.597060613686393253e+02
1.337000000000000000e+04 -1.594046428687153423e+02
1.338000000000000000e+04 -1.592411026488821904e+02
1.339000000000000000e+04 -1.596301370180031256e+02
1.340000000000000000e+04 -1.598737896830068053e+02
1.341000000000000000e+04 -1.606650185535640958e+02
1.342000000000000000e+04 -1.597099563096350039e+02
1.343000000000000000e+04 -1.599080953700400016e+02
1.344000000000000000e+04 -1.605169023104005248e+02
1.345000000000000000e+04 -1.616599677625014806e+02
1.346000000000000000e+04 -1.625358851187806408e+02
1.347000000000000000e+04 -1.624401050788220573e+02
1.348000000000000000e+04 -1.628917690056759398e+02
1.349000000000000000e+04 -1.639475782595515057e+02
1.350000000000000000e+04 -1.579547250027136158e+02
1.351000000000000000e+04 -1.579364881387903097e+02
1.352000000000000000e+04 -1.576735774731631068e+02
1.353000000000000000e+04 -1.581844762742666717e+02
1.354000000000000000e+04 -1.579890884136391662e+02
1.355000000000000000e+04 -1.578080014577191150e+02
1.356000000000000000e+04 -1.574660129124972627e+02
1.357000000000000000e+04 -1.567107443145751517e+02
1.358000000000000000e+04 -1.579218986678173451e+02
1.359000000000000000e+04 -1.584526021771577575e+02
1.360000000000000000e+04 -1.590354082823016029e+02
1.361000000000000000e+04 -1.595015674084405077e+02
1.362000000000000000e+04 -1.592974001354959341e+02
1.363000000000000000e+04 -1.592697348259278556e+02
1.364000000000000000e+04 -1.588527453146251673e+02
1.365000000000000000e+04 -1.587735212254258954e+02
1.366000000000000000e+04 -1.592560246316958796e+02
1.367000000000000000e+04 -1.591877192691451057e+02
1.368000000000000000e+04 -1.593341191915602622e+02
1.369000000000000000e+04 -1.591975590192964205e+02
1.370000000000000000e+04 -1.596232486944162474e+02
1.371000000000000000e+04 -1.599430171713894993e+02
1.372000000000000000e+04 -1.588540007369951468e+02
1.373000000000000000e+04 -1.593358609845419664e+02
1.374000000000000000e+04 -1.600098731461175703e+02
1.375000000000000000e+04 -1.597847492246259549e+02
1.376000000000000000e+04 -1.589477640102329303e+02
1.377000000000000000e+04 -1.590519185373493656e+02
1.378000000000000000e+04 -1.590620940686376912e+02
1.379000000000000000e+04 -1.590041692049596804e+02
1.380000000000000000e+04 -1.588387925349409215e+02
1.381000000000000000e+04 -1.586551582520125123e+02
1.382000000000000000e+04 -1.588056853629278180e+02
1.383000000000000000e+04 -1.583996948048163063e+02
1.384000000000000000e+04 -1.584799870598650102e+02
1.385000000000000000e+04 -1.588850432102098580e+02
1.386000000000000000e+04 -1.586104293233991029e+02
1.387000000000000000e+04 -1.583596714018504485e+02
1.388000000000000000e+04 -1.581764894499023058e+02
1.389000000000000000e+04 -1.575931718161897379e+02
1.390000000000000000e+04 -1.576213932536519451e+02
1.391000000000000000e+04 -1.575128918625085817e+02
1.392000000000000000e+04 -1.571566241611046735e+02
1.393000000000000000e+04 -1.576793304589231468e+02
1.394000000000000000e+04 -1.577338666993665299e+02
1.395000000000000000e+04 -1.579004905138474442e+02
1.396000000000000000e+04 -1.588245085973137520e+02
1.397000000000000000e+04 -1.584225810105852474e+02
1.398000000000000000e+04 -1.585895593831918404e+02
1.399000000000000000e+04 -1.595385468831348703e+02
1.400000000000000000e+04 -1.587139156615506863e+02
1.401000000000000000e+04 -1.588657923186742096e+02
1.402000000000000000e+04 -1.586999742459894662e+02
1.403000000000000000e+04 -1.586858854124267850e+02
1.404000000000000000e+04 -1.593219350213386463e+02
1.405000000000000000e+04 -1.587650468726341728e+02
1.406000000000000000e+04 -1.594356827625428821e+02
1.407000000000000000e+04 -1.592998503028361199e+02
1.408000000000000000e+04 -1.602194675669740889e+02
1.409000000000000000e+04 -1.602416561170121838e+02
1.410000000000000000e+04 -1.610765228612996509e+02
1.411000000000000000e+04 -1.609127484777237669e+02
1.412000000000000000e+04 -1.546236672650033199e+02
1.413000000000000000e+04 -1.545038848834203975e+02
1.414000000000000000e+04 -1.547875888087783665e+02
1.415000000000000000e+04 -1.546403255328660862e+02
1.416000000000000000e+04 -1.551015716788196244e+02
1.417000000000000000e+04 -1.543244202111214918e+02
1.418000000000000000e+04 -1.548464555394483853e+02
1.419000000000000000e+04 -1.550605177195875797e+02
1.420000000000000000e+04 -1.550267451559607252e+02
1.421000000000000000e+04 -1.564249048888491700e+02
1.422000000000000000e+04 -1.572877664262024098e+02
1.423000000000000000e+04 -1.576111474005329853e+02
1.424000000000000000e+04 -1.583475663359261603e+02
1.425000000000000000e+04 -1.582284352397263092e+02
1.426000000000000000e+04 -1.578140874673800340e+02
1.427000000000000000e+04 -1.577566205688901846e+02
1.428000000000000000e+04 -1.567372804091895944e+02
1.429000000000000000e+04 -1.570058456673103535e+02
1.430000000000000000e+04 -1.571906426919958335e+02
1.431000000000000000e+04 -1.571543995952555974e+02
1.432000000000000000e+04 -1.570545495945935102e+02
1.433000000000000000e+04 -1.571902037799443974e+02
1.434000000000000000e+04 -1.579282493951876631e+02
1.435000000000000000e+04 -1.579669413572437691e+02
1.436000000000000000e+04 -1.583199424297450548e+02
1.437000000000000000e+04 -1.584958280747605102e+02
1.438000000000000000e+04 -1.583717103839674110e+02
1.439000000000000000e+04 -1.583615108161507692e+02
1.440000000000000000e+04 -1.587650482851873619e+02
1.441000000000000000e+04 -1.586478584579817550e+02
1.442000000000000000e+04 -1.583739340377801170e+02
1.443000000000000000e+04 -1.590588307291378385e+02
1.444000000000000000e+04 -1.593613292365122902e+02
1.445000000000000000e+04 -1.589417150887279320e+02
1.446000000000000000e+04 -1.593090499470394832e+02
1.447000000000000000e+04 -1.599345429860258321e+02
1.448000000000000000e+04 -1.600529193194847437e+02
1.449000000000000000e+04 -1.599722518733531729e+02
1.450000000000000000e+04 -1.604061524961892644e+02
1.451000000000000000e+04 -1.605866415747914289e+02
1.452000000000000000e+04 -1.600192563178230216e+02
1.453000000000000000e+04 -1.598345897797607620e+02
1.454000000000000000e+04 -1.600343474704949926e+02
1.455000000000000000e+04 -1.604692304966692973e+02
1.456000000000000000e+04 -1.602148634969569230e+02
1.457000000000000000e+04 -1.602697530410258082e+02
1.458000000000000000e+04 -1.599686288106592826e+02
1.459000000000000000e+04 -1.540678077890864870e+02
1.460000000000000000e+04 -1.540451035735510459e+02
1.461000000000000000e+04 -1.540873904451453313e+02
1.462000000000000000e+04 -1.541804515279499412e+02
1.463000000000000000e+04 -1.541597467755732396e+02
1.464000000000000000e+04 -1.537554172238545220e+02
1.465000000000000000e+04 -1.536976107596031795e+02
1.466000000000000000e+04 -1.534231255623977574e+02
1.467000000000000000e+04 -1.535936277247743931e+02
1.468000000000000000e+04 -1.542226256095368058e+02
1.469000000000000000e+04 -1.542708722835924107e+02
1.470000000000000000e+04 -1.547163653631192801e+02
1.471000000000000000e+04 -1.547236424017378624e+02
1.472000000000000000e+04 -1.550814988486989989e+02
1.473000000000000000e+04 -1.553764567914190309e+02
1.474000000000000000e+04 -1.553130395143355713e+02
1.475000000000000000e+04 -1.550456922325921028e+02
1.476000000000000000e+04 -1.548079584410411371e+02
1.477000000000000000e+04 -1.549853871715650087e+02
1.478000000000000000e+04 -1.549737958788249443e+02
1.479000000000000000e+04 -1.549258582291665789e+02
1.480000000000000000e+04 -1.547943221230065660e+02
1.481000000000000000e+04 -1.545692791432894069e+02
1.482000000000000000e+04 -1.549138639501341004e+02
1.483000000000000000e+04 -1.551107126963856615e+02
1.484000000000000000e+04 -1.548081035346693852e+02
1.485000000000000000e+04 -1.543267932625058734e+02
1.486000000000000000e+04 -1.542043125838639241e+02
1.487000000000000000e+04 -1.540716713958069022e+02
1.488000000000000000e+04 -1.533124630469164913e+02
1.489000000000000000e+04 -1.531485781733484544e+02
1.490000000000000000e+04 -1.536343659814783678e+02
1.491000000000000000e+04 -1.474804994212942120e+02
1.492000000000000000e+04 -1.473838140493728019e+02
1.493000000000000000e+04 -1.470774167842305076e+02
1.494000000000000000e+04 -1.464424580456084470e+02
1.495000000000000000e+04 -1.462992309148529557e+02
1.496000000000000000e+04 -1.465608808272261570e+02
1.497000000000000000e+04 -1.467680720642303811e+02
1.498000000000000000e+04 -1.472674635485587373e+02
1.499000000000000000e+04 -1.474310675419546612e+02
1.500000000000000000e+04 -1.473285386713823470e+02
