CF 10 1 0 -738.547 101
CF 10 1 1 -739.436 101
CF 10 1 2 -742.134 101
CF 10 1 3 -742.472 101
CF 10 1 4 -743.813 101
CF 10 2 0 -764.766 103
CF 10 2 1 -761.047 103
CF 10 2 2 -762.959 103
CF 10 2 3 -763.797 103
CF 10 2 4 -762.442 103
CF 10 3 0 -778.984 105
CF 10 3 1 -774.892 105
CF 10 3 2 -775.074 105
CF 10 3 3 -775.963 105
CF 10 3 4 -775.301 105
CF 10 4 0 -788.419 107
CF 10 4 1 -784.358 107
CF 10 4 2 -786.996 107
CF 10 4 3 -786.105 107
CF 10 4 4 -775.917 105
CF 10 5 0 -794.159 107
CF 10 5 1 -788.582 107
CF 10 5 2 -787.942 107
CF 10 5 3 -776.538 105
CF 10 5 4 -763.851 103
CF 10 6 0 -775.865 105
CF 10 6 1 -773.120 105
CF 10 6 2 -773.888 105
CF 10 6 3 -773.298 105
CF 10 6 4 -773.474 105
CF 10 7 0 -786.774 107
CF 10 7 1 -781.113 107
CF 10 7 2 -783.064 107
CF 10 7 3 -784.492 107
CF 10 7 4 -782.337 107
CF 10 8 0 -798.535 109
CF 10 8 1 -793.404 109
CF 10 8 2 -796.147 109
CF 10 8 3 -795.649 109
CF 10 8 4 -794.701 109
CF 10 9 0 -809.206 111
CF 10 9 1 -803.966 111
CF 10 9 2 -805.841 111
CF 10 9 3 -804.047 111
CF 10 9 4 -807.928 111
CF 10 10 0 -819.246 113
CF 10 10 1 -817.320 113
CF 10 10 2 -800.679 110
CF 10 10 3 -799.341 110
CF 10 10 4 -802.403 110
CF 10 11 0 -813.547 112
CF 10 11 1 -812.141 112
CF 10 11 2 -811.802 112
CF 10 11 3 -802.534 110
CF 10 11 4 -803.221 110
CF 10 12 0 -815.555 112
CF 10 12 1 -808.093 112
CF 10 12 2 -811.176 112
CF 10 12 3 -812.044 112
CF 10 12 4 -811.801 112
CF 10 13 0 -825.328 114
CF 10 13 1 -825.209 114
CF 10 13 2 -817.183 112
CF 10 13 3 -817.359 112
CF 10 13 4 -817.550 112
CF 10 14 0 -827.243 114
CF 10 14 1 -822.205 114
CF 10 14 2 -824.676 114
CF 10 14 3 -824.316 114
CF 10 14 4 -825.845 114
CF 10 15 0 -842.281 116
CF 10 15 1 -836.552 116
CF 10 15 2 -833.581 116
CF 10 15 3 -834.877 116
CF 10 15 4 -833.217 116
CF 10 16 0 -847.481 118
CF 10 16 1 -841.940 118
CF 10 16 2 -839.658 116
CF 10 16 3 -839.576 116
CF 10 16 4 -840.078 116
CF 10 17 0 -852.640 118
CF 10 17 1 -848.731 118
CF 10 17 2 -846.907 118
CF 10 17 3 -839.605 116
CF 10 17 4 -839.052 116
CF 10 18 0 -848.488 118
CF 10 18 1 -843.871 118
CF 10 18 2 -842.623 118
CF 10 18 3 -823.107 114
CF 10 18 4 -822.623 114
CF 10 19 0 -835.221 116
CF 10 19 1 -828.560 116
CF 10 19 2 -828.220 116
CF 10 19 3 -826.620 116
CF 10 19 4 -825.424 116
CF 10 20 0 -843.214 118
CF 10 20 1 -839.282 118
CF 10 20 2 -832.017 116
CF 10 20 3 -830.714 116
CF 10 20 4 -832.650 116
CF 10 21 0 -841.779 118
CF 10 21 1 -838.274 118
CF 10 21 2 -829.902 116
CF 10 21 3 -831.458 116
CF 10 21 4 -830.378 116
CF 10 22 0 -842.172 118
CF 10 22 1 -838.148 118
CF 10 22 2 -830.101 116
CF 10 22 3 -829.769 116
CF 10 22 4 -830.439 116
CF 10 23 0 -841.582 118
CF 10 23 1 -839.256 118
CF 10 23 2 -829.127 116
CF 10 23 3 -831.549 116
CF 10 23 4 -830.570 116
CF 10 24 0 -841.753 118
CF 10 24 1 -840.322 118
CF 10 24 2 -842.517 118
CF 10 24 3 -839.271 118
CF 10 24 4 -839.439 118
CF 10 25 0 -854.715 120
CF 10 25 1 -852.072 120
CF 10 25 2 -853.293 120
CF 10 25 3 -854.942 120
CF 10 25 4 -854.981 120
CF 10 26 0 -865.722 122
CF 10 26 1 -862.958 122
CF 10 26 2 -866.018 122
CF 10 26 3 -858.791 120
CF 10 26 4 -855.955 120
CF 10 27 0 -869.532 122
CF 10 27 1 -873.013 122
CF 10 27 2 -877.086 122
CF 10 27 3 -872.926 122
CF 10 27 4 -878.539 122
CF 10 28 0 -895.178 124
CF 10 28 1 -889.434 124
CF 10 28 2 -890.919 124
CF 10 28 3 -890.940 124
CF 10 28 4 -893.410 124
CF 10 29 0 -907.022 126
CF 10 29 1 -901.381 126
CF 10 29 2 -903.987 126
CF 10 29 3 -905.364 126
CF 10 29 4 -900.818 126
CF 10 30 0 -921.479 128
CF 10 30 1 -918.453 128
CF 10 30 2 -920.278 128
CF 10 30 3 -898.025 125
CF 10 30 4 -866.350 119
CF 10 31 0 -880.797 121
CF 10 31 1 -875.287 121
CF 10 31 2 -879.301 121
CF 10 31 3 -855.086 118
CF 10 31 4 -856.248 118
CF 10 32 0 -872.181 120
CF 10 32 1 -866.684 120
CF 10 32 2 -865.494 120
CF 10 32 3 -865.878 120
CF 10 32 4 -865.697 120
CF 10 33 0 -879.933 122
CF 10 33 1 -874.609 122
CF 10 33 2 -873.767 122
CF 10 33 3 -874.924 122
CF 10 33 4 -871.521 122
CF 10 34 0 -887.588 124
CF 10 34 1 -885.236 124
CF 10 34 2 -877.139 122
CF 10 34 3 -876.811 122
CF 10 34 4 -877.599 122
CF 10 35 0 -888.766 124
CF 10 35 1 -882.719 124
CF 10 35 2 -891.902 124
CF 10 35 3 -882.869 123
CF 10 35 4 -869.255 121
CF 10 36 0 -885.914 123
CF 10 36 1 -883.547 123
CF 10 36 2 -886.009 123
CF 10 36 3 -884.937 123
CF 10 36 4 -884.768 123
CF 10 37 0 -900.138 125
CF 10 37 1 -897.345 125
CF 10 37 2 -892.497 125
CF 10 37 3 -897.956 125
CF 10 37 4 -898.760 125
CF 10 38 0 -911.334 127
CF 10 38 1 -910.348 127
CF 10 38 2 -909.253 127
CF 10 38 3 -910.004 127
CF 10 38 4 -902.703 126
CF 10 39 0 -918.125 128
CF 10 39 1 -916.037 128
CF 10 39 2 -907.640 127
CF 10 39 3 -902.073 127
CF 10 39 4 -898.737 127
CF 10 40 0 -910.516 129
CF 10 40 1 -908.001 129
CF 10 40 2 -892.188 126
CF 10 40 3 -891.625 126
CF 10 40 4 -892.123 126
CF 10 41 0 -904.867 128
CF 10 41 1 -903.959 128
CF 10 41 2 -898.908 128
CF 10 41 3 -898.652 127
CF 10 41 4 -904.812 127
CF 10 42 0 -917.724 129
CF 10 42 1 -913.737 129
CF 10 42 2 -912.498 129
CF 10 42 3 -899.766 126
CF 10 42 4 -898.851 126
CF 10 43 0 -913.928 128
CF 10 43 1 -906.121 128
CF 10 43 2 -908.842 128
CF 10 43 3 -909.988 128
CF 10 43 4 -909.260 128
CF 10 44 0 -926.606 130
CF 10 44 1 -923.041 130
CF 10 44 2 -915.377 128
CF 10 44 3 -916.353 128
CF 10 44 4 -918.349 128
CF 10 45 0 -927.589 130
CF 10 45 1 -924.088 130
CF 10 45 2 -918.830 130
CF 10 45 3 -921.025 130
CF 10 45 4 -923.844 130
CF 10 46 0 -941.355 132
CF 10 46 1 -935.860 132
CF 10 46 2 -929.616 131
CF 10 46 3 -928.556 131
CF 10 46 4 -930.070 131
CF 10 47 0 -942.582 133
CF 10 47 1 -941.889 133
CF 10 47 2 -930.502 131
CF 10 47 3 -932.803 131
CF 10 47 4 -923.148 130
CF 10 48 0 -933.383 132
CF 10 48 1 -933.834 132
CF 10 48 2 -935.863 132
CF 10 48 3 -912.021 127
CF 10 48 4 -911.737 127
CF 10 49 0 -931.564 129
CF 10 49 1 -925.996 129
CF 10 49 2 -923.253 129
CF 10 49 3 -927.754 129
CF 10 49 4 -925.946 129
CF 10 50 0 -939.489 131
CF 10 50 1 -937.811 131
CF 10 50 2 -934.039 131
CF 10 50 3 -934.161 131
CF 10 50 4 -935.449 131
CF 30 1 0 -738.551 101
CF 30 1 1 -728.723 101
CF 30 1 2 -732.045 101
CF 30 1 3 -713.708 99
CF 30 1 4 -715.833 99
CF 30 2 0 -749.139 101
CF 30 2 1 -733.811 101
CF 30 2 2 -731.691 101
CF 30 2 3 -731.386 101
CF 30 2 4 -735.811 101
CF 30 3 0 -762.905 103
CF 30 3 1 -748.412 103
CF 30 3 2 -746.669 103
CF 30 3 3 -749.009 103
CF 30 3 4 -753.223 103
CF 30 4 0 -776.685 105
CF 30 4 1 -760.005 105
CF 30 4 2 -758.247 105
CF 30 4 3 -759.049 105
CF 30 4 4 -760.402 105
CF 30 5 0 -787.868 107
CF 30 5 1 -776.537 107
CF 30 5 2 -767.487 106
CF 30 5 3 -764.348 105
CF 30 5 4 -765.787 105
CF 30 6 0 -788.665 107
CF 30 6 1 -769.300 107
CF 30 6 2 -771.965 107
CF 30 6 3 -773.925 107
CF 30 6 4 -774.645 107
CF 30 7 0 -799.981 109
CF 30 7 1 -784.691 109
CF 30 7 2 -784.472 109
CF 30 7 3 -784.737 109
CF 30 7 4 -783.557 109
CF 30 8 0 -808.741 111
CF 30 8 1 -794.737 111
CF 30 8 2 -794.515 111
CF 30 8 3 -796.378 111
CF 30 8 4 -796.047 111
CF 30 9 0 -822.445 113
CF 30 9 1 -809.115 113
CF 30 9 2 -808.431 113
CF 30 9 3 -809.570 113
CF 30 9 4 -812.669 113
CF 30 10 0 -841.464 115
CF 30 10 1 -824.338 115
CF 30 10 2 -828.925 115
CF 30 10 3 -828.623 115
CF 30 10 4 -827.240 115
CF 30 11 0 -854.405 117
CF 30 11 1 -838.268 117
CF 30 11 2 -839.739 117
CF 30 11 3 -841.231 117
CF 30 11 4 -841.750 117
CF 30 12 0 -866.309 119
CF 30 12 1 -852.215 119
CF 30 12 2 -852.610 119
CF 30 12 3 -853.225 119
CF 30 12 4 -853.013 119
CF 30 13 0 -881.320 121
CF 30 13 1 -866.326 121
CF 30 13 2 -865.687 120
CF 30 13 3 -866.903 120
CF 30 13 4 -865.958 120
CF 30 14 0 -878.618 121
CF 30 14 1 -860.425 121
CF 30 14 2 -842.114 118
CF 30 14 3 -840.595 118
CF 30 14 4 -829.263 116
CF 30 15 0 -856.393 118
CF 30 15 1 -844.358 118
CF 30 15 2 -842.637 118
CF 30 15 3 -830.273 116
CF 30 15 4 -829.177 116
CF 30 16 0 -852.656 118
CF 30 16 1 -839.000 118
CF 30 16 2 -841.323 118
CF 30 16 3 -830.894 116
CF 30 16 4 -821.293 114
CF 30 17 0 -845.334 116
CF 30 17 1 -822.064 116
CF 30 17 2 -816.653 116
CF 30 17 3 -817.549 116
CF 30 17 4 -790.841 110
CF 30 18 0 -811.412 112
CF 30 18 1 -795.497 112
CF 30 18 2 -786.727 111
CF 30 18 3 -786.122 111
CF 30 18 4 -789.172 111
CF 30 19 0 -816.720 113
CF 30 19 1 -794.910 113
CF 30 19 2 -787.153 111
CF 30 19 3 -775.486 109
CF 30 19 4 -774.976 109
CF 30 20 0 -796.274 111
CF 30 20 1 -781.695 111
CF 30 20 2 -754.239 107
CF 30 20 3 -733.812 103
CF 30 20 4 -721.813 100
CF 30 21 0 -741.092 102
CF 30 21 1 -725.951 102
CF 30 21 2 -728.237 102
CF 30 21 3 -728.829 102
CF 30 21 4 -725.887 102
CF 30 22 0 -754.436 104
CF 30 22 1 -744.309 104
CF 30 22 2 -740.993 104
CF 30 22 3 -726.974 101
CF 30 22 4 -729.965 101
CF 30 23 0 -752.358 103
CF 30 23 1 -739.105 103
CF 30 23 2 -734.560 101
CF 30 23 3 -735.559 101
CF 30 23 4 -734.849 101
CF 30 24 0 -748.968 103
CF 30 24 1 -733.364 103
CF 30 24 2 -736.439 103
CF 30 24 3 -738.001 103
CF 30 24 4 -736.698 103
CF 30 25 0 -761.176 105
CF 30 25 1 -744.656 105
CF 30 25 2 -744.551 105
CF 30 25 3 -745.510 105
CF 30 25 4 -749.159 105
CF 30 26 0 -774.294 107
CF 30 26 1 -761.315 107
CF 30 26 2 -761.647 107
CF 30 26 3 -759.579 107
CF 30 26 4 -763.968 107
CF 30 27 0 -789.369 109
CF 30 27 1 -758.899 107
CF 30 27 2 -751.473 106
CF 30 27 3 -753.142 106
CF 30 27 4 -740.353 105
CF 30 28 0 -762.628 107
CF 30 28 1 -747.647 107
CF 30 28 2 -747.052 107
CF 30 28 3 -746.884 107
CF 30 28 4 -741.775 106
CF 30 29 0 -771.197 108
CF 30 29 1 -758.522 108
CF 30 29 2 -759.625 108
CF 30 29 3 -753.333 107
CF 30 29 4 -751.406 107
CF 30 30 0 -779.888 109
CF 30 30 1 -775.605 109
CF 30 30 2 -774.575 108
CF 30 30 3 -772.477 108
CF 30 30 4 -772.980 108
CF 30 31 0 -789.752 110
CF 30 31 1 -787.132 110
CF 30 31 2 -781.981 109
CF 30 31 3 -759.548 107
CF 30 31 4 -732.600 102
CF 30 32 0 -745.361 104
CF 30 32 1 -729.288 104
CF 30 32 2 -730.768 104
CF 30 32 3 -730.124 104
CF 30 32 4 -734.597 104
CF 30 33 0 -757.784 106
CF 30 33 1 -738.933 106
CF 30 33 2 -739.691 106
CF 30 33 3 -704.355 101
CF 30 33 4 -690.510 100
CF 30 34 0 -720.010 102
CF 30 34 1 -705.823 102
CF 30 34 2 -690.119 100
CF 30 34 3 -690.069 99
CF 30 34 4 -691.860 99
CF 30 35 0 -716.439 101
CF 30 35 1 -700.807 101
CF 30 35 2 -701.692 101
CF 30 35 3 -703.100 101
CF 30 35 4 -697.820 101
CF 30 36 0 -724.131 103
CF 30 36 1 -710.674 103
CF 30 36 2 -715.045 103
CF 30 36 3 -710.964 103
CF 30 36 4 -718.037 103
CF 30 37 0 -741.611 105
CF 30 37 1 -719.591 104
CF 30 37 2 -718.447 104
CF 30 37 3 -724.971 104
CF 30 37 4 -722.732 104
CF 30 38 0 -746.891 106
CF 30 38 1 -730.822 106
CF 30 38 2 -731.386 105
CF 30 38 3 -724.856 105
CF 30 38 4 -729.177 105
CF 30 39 0 -757.873 107
CF 30 39 1 -743.131 107
CF 30 39 2 -747.178 107
CF 30 39 3 -747.004 107
CF 30 39 4 -737.897 105
CF 30 40 0 -763.763 107
CF 30 40 1 -744.372 107
CF 30 40 2 -747.189 107
CF 30 40 3 -745.580 107
CF 30 40 4 -745.581 107
CF 30 41 0 -773.073 109
CF 30 41 1 -761.037 109
CF 30 41 2 -755.814 109
CF 30 41 3 -759.399 109
CF 30 41 4 -757.605 109
CF 30 42 0 -783.032 111
CF 30 42 1 -768.629 111
CF 30 42 2 -768.504 111
CF 30 42 3 -771.431 111
CF 30 42 4 -770.137 111
CF 30 43 0 -797.520 113
CF 30 43 1 -783.005 113
CF 30 43 2 -786.227 113
CF 30 43 3 -786.564 113
CF 30 43 4 -788.664 113
CF 30 44 0 -813.125 115
CF 30 44 1 -803.240 115
CF 30 44 2 -804.806 115
CF 30 44 3 -803.312 115
CF 30 44 4 -804.291 115
CF 30 45 0 -828.393 117
CF 30 45 1 -823.377 117
CF 30 45 2 -817.471 115
CF 30 45 3 -815.689 115
CF 30 45 4 -814.725 115
CF 30 46 0 -830.012 117
CF 30 46 1 -814.868 117
CF 30 46 2 -813.262 117
CF 30 46 3 -815.993 117
CF 30 46 4 -817.717 117
CF 30 47 0 -840.344 119
CF 30 47 1 -824.836 119
CF 30 47 2 -819.595 118
CF 30 47 3 -816.764 118
CF 30 47 4 -811.790 116
CF 30 48 0 -833.013 118
CF 30 48 1 -818.989 118
CF 30 48 2 -819.664 118
CF 30 48 3 -812.925 117
CF 30 48 4 -800.844 115
CF 30 49 0 -825.374 117
CF 30 49 1 -812.955 117
CF 30 49 2 -813.405 117
CF 30 49 3 -811.690 117
CF 30 49 4 -801.907 115
CF 30 50 0 -828.056 117
CF 30 50 1 -815.170 117
CF 30 50 2 -815.438 117
CF 30 50 3 -814.887 117
CF 30 50 4 -794.440 115
CF3 10 1 0 -749.714 103
CF3 10 1 1 -751.848 103
CF3 10 1 2 -747.180 103
CF3 10 1 3 -752.427 103
CF3 10 1 4 -735.839 101
CF3 10 2 0 -767.684 105
CF3 10 2 1 -763.715 105
CF3 10 2 2 -763.777 105
CF3 10 2 3 -745.088 101
CF3 10 2 4 -745.467 101
CF3 10 3 0 -768.683 105
CF3 10 3 1 -765.640 105
CF3 10 3 2 -767.660 105
CF3 10 3 3 -769.051 105
CF3 10 3 4 -769.501 105
CF3 10 4 0 -800.274 109
CF3 10 4 1 -793.495 109
CF3 10 4 2 -790.500 109
CF3 10 4 3 -793.709 109
CF3 10 4 4 -794.565 109
CF3 10 5 0 -819.425 113
CF3 10 5 1 -814.220 113
CF3 10 5 2 -813.508 113
CF3 10 5 3 -810.708 113
CF3 10 5 4 -810.926 113
CF3 10 6 0 -837.533 117
CF3 10 6 1 -833.206 117
CF3 10 6 2 -831.513 117
CF3 10 6 3 -814.944 114
CF3 10 6 4 -818.127 114
CF3 10 7 0 -845.552 118
CF3 10 7 1 -837.075 118
CF3 10 7 2 -838.313 118
CF3 10 7 3 -836.930 118
CF3 10 7 4 -838.370 118
CF3 10 8 0 -861.938 122
CF3 10 8 1 -857.388 122
CF3 10 8 2 -858.535 122
CF3 10 8 3 -838.820 118
CF3 10 8 4 -824.663 116
CF3 10 9 0 -837.699 118
CF3 10 9 1 -835.825 118
CF3 10 9 2 -837.397 118
CF3 10 9 3 -818.983 114
CF3 10 9 4 -818.982 114
CF3 10 10 0 -843.390 118
CF3 10 10 1 -839.447 118
CF3 10 10 2 -839.100 118
CF3 10 10 3 -838.351 118
CF3 10 10 4 -820.134 115
CF3 10 11 0 -846.306 119
CF3 10 11 1 -843.138 119
CF3 10 11 2 -843.611 119
CF3 10 11 3 -824.348 115
CF3 10 11 4 -824.469 115
CF3 10 12 0 -850.327 119
CF3 10 12 1 -844.105 119
CF3 10 12 2 -844.941 119
CF3 10 12 3 -827.507 115
CF3 10 12 4 -825.743 115
CF3 10 13 0 -849.383 119
CF3 10 13 1 -846.339 119
CF3 10 13 2 -845.032 119
CF3 10 13 3 -826.369 115
CF3 10 13 4 -827.634 115
CF3 10 14 0 -850.217 119
CF3 10 14 1 -844.604 119
CF3 10 14 2 -844.681 119
CF3 10 14 3 -844.236 119
CF3 10 14 4 -845.714 119
CF3 10 15 0 -871.187 123
CF3 10 15 1 -867.300 123
CF3 10 15 2 -860.953 122
CF3 10 15 3 -841.955 118
CF3 10 15 4 -842.211 118
CF3 10 16 0 -864.365 122
CF3 10 16 1 -864.293 122
CF3 10 16 2 -862.256 122
CF3 10 16 3 -842.904 118
CF3 10 16 4 -841.216 118
CF3 10 17 0 -862.671 122
CF3 10 17 1 -859.114 122
CF3 10 17 2 -855.003 121
CF3 10 17 3 -841.838 118
CF3 10 17 4 -841.345 118
CF3 10 18 0 -864.541 122
CF3 10 18 1 -860.515 122
CF3 10 18 2 -846.106 120
CF3 10 18 3 -846.525 119
CF3 10 18 4 -847.172 119
CF3 10 19 0 -869.526 123
CF3 10 19 1 -863.338 123
CF3 10 19 2 -862.242 123
CF3 10 19 3 -865.039 123
CF3 10 19 4 -865.224 123
CF3 10 20 0 -888.187 127
CF3 10 20 1 -883.438 127
CF3 10 20 2 -869.573 124
CF3 10 20 3 -870.084 124
CF3 10 20 4 -848.658 119
CF3 10 21 0 -870.233 123
CF3 10 21 1 -866.012 123
CF3 10 21 2 -865.963 123
CF3 10 21 3 -850.776 120
CF3 10 21 4 -851.171 120
CF3 10 22 0 -873.795 124
CF3 10 22 1 -872.957 124
CF3 10 22 2 -871.737 124
CF3 10 22 3 -851.786 120
CF3 10 22 4 -855.724 120
CF3 10 23 0 -877.733 124
CF3 10 23 1 -874.964 124
CF3 10 23 2 -875.459 124
CF3 10 23 3 -833.287 116
CF3 10 23 4 -833.840 116
CF3 10 24 0 -854.562 120
CF3 10 24 1 -849.905 120
CF3 10 24 2 -844.377 119
CF3 10 24 3 -830.390 116
CF3 10 24 4 -831.432 116
CF3 10 25 0 -853.492 120
CF3 10 25 1 -848.430 120
CF3 10 25 2 -849.504 120
CF3 10 25 3 -847.656 120
CF3 10 25 4 -850.647 120
CF3 10 26 0 -875.230 124
CF3 10 26 1 -871.080 124
CF3 10 26 2 -851.003 120
CF3 10 26 3 -850.905 120
CF3 10 26 4 -851.791 120
CF3 10 27 0 -875.085 124
CF3 10 27 1 -869.033 124
CF3 10 27 2 -871.930 124
CF3 10 27 3 -835.821 117
CF3 10 27 4 -831.670 117
CF3 10 28 0 -857.813 121
CF3 10 28 1 -847.499 121
CF3 10 28 2 -849.045 121
CF3 10 28 3 -847.696 121
CF3 10 28 4 -846.148 121
CF3 10 29 0 -872.849 125
CF3 10 29 1 -868.550 125
CF3 10 29 2 -867.627 125
CF3 10 29 3 -864.592 125
CF3 10 29 4 -866.093 125
CF3 10 30 0 -890.475 129
CF3 10 30 1 -889.032 129
CF3 10 30 2 -871.630 126
CF3 10 30 3 -872.290 125
CF3 10 30 4 -870.362 125
CF3 10 31 0 -890.740 129
CF3 10 31 1 -890.190 129
CF3 10 31 2 -872.047 126
CF3 10 31 3 -870.129 125
CF3 10 31 4 -869.147 125
CF3 10 32 0 -890.026 129
CF3 10 32 1 -889.171 129
CF3 10 32 2 -873.195 126
CF3 10 32 3 -877.485 126
CF3 10 32 4 -873.996 126
CF3 10 33 0 -898.980 130
CF3 10 33 1 -895.018 130
CF3 10 33 2 -893.437 130
CF3 10 33 3 -892.670 129
CF3 10 33 4 -877.193 126
CF3 10 34 0 -900.507 130
CF3 10 34 1 -897.720 130
CF3 10 34 2 -888.841 128
CF3 10 34 3 -879.065 126
CF3 10 34 4 -878.857 126
CF3 10 35 0 -900.353 130
CF3 10 35 1 -892.620 130
CF3 10 35 2 -897.544 130
CF3 10 35 3 -875.704 126
CF3 10 35 4 -877.346 126
CF3 10 36 0 -900.620 130
CF3 10 36 1 -894.236 130
CF3 10 36 2 -887.748 129
CF3 10 36 3 -847.994 122
CF3 10 36 4 -824.654 116
CF3 10 37 0 -848.327 120
CF3 10 37 1 -844.960 120
CF3 10 37 2 -843.729 120
CF3 10 37 3 -824.548 116
CF3 10 37 4 -826.330 116
CF3 10 38 0 -847.127 120
CF3 10 38 1 -843.137 120
CF3 10 38 2 -843.679 120
CF3 10 38 3 -817.219 115
CF3 10 38 4 -796.853 111
CF3 10 39 0 -820.310 115
CF3 10 39 1 -818.064 115
CF3 10 39 2 -817.362 115
CF3 10 39 3 -774.615 106
CF3 10 39 4 -774.678 106
CF3 10 40 0 -794.732 110
CF3 10 40 1 -787.646 110
CF3 10 40 2 -790.983 110
CF3 10 40 3 -791.228 110
CF3 10 40 4 -770.669 106
CF3 10 41 0 -794.544 110
CF3 10 41 1 -790.024 110
CF3 10 41 2 -791.792 110
CF3 10 41 3 -791.950 110
CF3 10 41 4 -777.365 107
CF3 10 42 0 -801.131 111
CF3 10 42 1 -792.010 111
CF3 10 42 2 -798.511 111
CF3 10 42 3 -795.644 111
CF3 10 42 4 -794.361 111
CF3 10 43 0 -820.910 115
CF3 10 43 1 -812.239 115
CF3 10 43 2 -814.546 115
CF3 10 43 3 -815.872 115
CF3 10 43 4 -814.896 115
CF3 10 44 0 -838.859 119
CF3 10 44 1 -834.125 119
CF3 10 44 2 -835.245 119
CF3 10 44 3 -817.012 115
CF3 10 44 4 -816.676 115
CF3 10 45 0 -838.657 119
CF3 10 45 1 -836.998 119
CF3 10 45 2 -837.820 119
CF3 10 45 3 -819.014 115
CF3 10 45 4 -818.855 115
CF3 10 46 0 -839.129 119
CF3 10 46 1 -832.001 119
CF3 10 46 2 -832.110 119
CF3 10 46 3 -832.534 119
CF3 10 46 4 -837.081 119
CF3 10 47 0 -858.788 123
CF3 10 47 1 -852.805 123
CF3 10 47 2 -833.933 119
CF3 10 47 3 -834.681 119
CF3 10 47 4 -833.284 119
CF3 10 48 0 -858.493 123
CF3 10 48 1 -857.187 123
CF3 10 48 2 -855.821 123
CF3 10 48 3 -832.583 118
CF3 10 48 4 -830.733 118
CF3 10 49 0 -854.787 122
CF3 10 49 1 -850.950 122
CF3 10 49 2 -852.953 122
CF3 10 49 3 -834.089 118
CF3 10 49 4 -833.073 118
CF3 10 50 0 -854.458 122
CF3 10 50 1 -850.006 122
CF3 10 50 2 -850.111 122
CF3 10 50 3 -827.968 117
CF3 10 50 4 -827.622 117
CF3 30 1 0 -749.712 103
CF3 30 1 1 -738.390 103
CF3 30 1 2 -740.876 103
CF3 30 1 3 -743.852 103
CF3 30 1 4 -708.031 99
CF3 30 2 0 -751.049 103
CF3 30 2 1 -737.475 103
CF3 30 2 2 -722.055 101
CF3 30 2 3 -728.482 101
CF3 30 2 4 -726.808 101
CF3 30 3 0 -763.554 105
CF3 30 3 1 -751.337 105
CF3 30 3 2 -751.410 105
CF3 30 3 3 -753.140 105
CF3 30 3 4 -737.196 102
CF3 30 4 0 -768.676 106
CF3 30 4 1 -752.816 106
CF3 30 4 2 -758.215 106
CF3 30 4 3 -756.343 106
CF3 30 4 4 -757.065 106
CF3 30 5 0 -792.973 110
CF3 30 5 1 -772.341 110
CF3 30 5 2 -772.893 110
CF3 30 5 3 -737.078 104
CF3 30 5 4 -737.687 104
CF3 30 6 0 -768.081 108
CF3 30 6 1 -759.307 108
CF3 30 6 2 -740.869 105
CF3 30 6 3 -745.209 105
CF3 30 6 4 -745.913 105
CF3 30 7 0 -775.881 109
CF3 30 7 1 -761.723 109
CF3 30 7 2 -765.881 109
CF3 30 7 3 -762.142 109
CF3 30 7 4 -765.712 109
CF3 30 8 0 -800.906 113
CF3 30 8 1 -783.147 113
CF3 30 8 2 -784.070 113
CF3 30 8 3 -777.574 111
CF3 30 8 4 -778.287 111
CF3 30 9 0 -806.155 114
CF3 30 9 1 -785.904 114
CF3 30 9 2 -770.662 111
CF3 30 9 3 -748.235 107
CF3 30 9 4 -745.867 106
CF3 30 10 0 -784.210 110
CF3 30 10 1 -770.575 110
CF3 30 10 2 -761.370 108
CF3 30 10 3 -763.289 108
CF3 30 10 4 -762.382 108
CF3 30 11 0 -798.437 112
CF3 30 11 1 -781.971 112
CF3 30 11 2 -780.381 112
CF3 30 11 3 -770.779 110
CF3 30 11 4 -771.647 110
CF3 30 12 0 -801.934 114
CF3 30 12 1 -786.768 114
CF3 30 12 2 -787.887 114
CF3 30 12 3 -774.696 111
CF3 30 12 4 -769.967 110
CF3 30 13 0 -803.838 114
CF3 30 13 1 -789.485 114
CF3 30 13 2 -790.175 114
CF3 30 13 3 -775.924 111
CF3 30 13 4 -771.898 110
CF3 30 14 0 -802.797 114
CF3 30 14 1 -786.669 114
CF3 30 14 2 -781.961 113
CF3 30 14 3 -770.881 111
CF3 30 14 4 -772.173 111
CF3 30 15 0 -807.881 115
CF3 30 15 1 -791.525 115
CF3 30 15 2 -779.715 113
CF3 30 15 3 -772.529 112
CF3 30 15 4 -764.156 110
CF3 30 16 0 -796.566 114
CF3 30 16 1 -777.429 114
CF3 30 16 2 -779.032 114
CF3 30 16 3 -774.136 113
CF3 30 16 4 -718.956 103
CF3 30 17 0 -753.395 107
CF3 30 17 1 -740.989 107
CF3 30 17 2 -738.885 107
CF3 30 17 3 -685.948 97
CF3 30 17 4 -684.736 97
CF3 30 18 0 -711.241 101
CF3 30 18 1 -699.108 101
CF3 30 18 2 -685.453 99
CF3 30 18 3 -684.948 98
CF3 30 18 4 -684.468 98
CF3 30 19 0 -716.893 102
CF3 30 19 1 -701.191 102
CF3 30 19 2 -702.982 102
CF3 30 19 3 -662.753 94
CF3 30 19 4 -662.123 94
CF3 30 20 0 -691.439 98
CF3 30 20 1 -678.455 98
CF3 30 20 2 -682.277 98
CF3 30 20 3 -644.720 91
CF3 30 20 4 -646.823 91
CF3 30 21 0 -672.914 95
CF3 30 21 1 -655.661 95
CF3 30 21 2 -657.448 95
CF3 30 21 3 -655.381 95
CF3 30 21 4 -657.277 95
CF3 30 22 0 -694.973 99
CF3 30 22 1 -684.232 99
CF3 30 22 2 -686.991 99
CF3 30 22 3 -659.839 94
CF3 30 22 4 -647.707 92
CF3 30 23 0 -680.018 96
CF3 30 23 1 -668.173 96
CF3 30 23 2 -665.901 96
CF3 30 23 3 -652.614 92
CF3 30 23 4 -652.577 92
CF3 30 24 0 -678.672 96
CF3 30 24 1 -662.220 96
CF3 30 24 2 -663.151 96
CF3 30 24 3 -663.757 96
CF3 30 24 4 -664.034 96
CF3 30 25 0 -701.590 100
CF3 30 25 1 -686.196 100
CF3 30 25 2 -683.777 100
CF3 30 25 3 -692.535 100
CF3 30 25 4 -688.242 100
CF3 30 26 0 -729.120 104
CF3 30 26 1 -711.884 104
CF3 30 26 2 -710.213 104
CF3 30 26 3 -657.997 95
CF3 30 26 4 -663.083 95
CF3 30 27 0 -690.871 99
CF3 30 27 1 -678.467 99
CF3 30 27 2 -677.551 99
CF3 30 27 3 -655.472 95
CF3 30 27 4 -660.377 95
CF3 30 28 0 -693.216 99
CF3 30 28 1 -673.257 99
CF3 30 28 2 -672.893 98
CF3 30 28 3 -633.136 90
CF3 30 28 4 -592.322 84
CF3 30 29 0 -618.993 87
CF3 30 29 1 -593.901 86
CF3 30 29 2 -592.798 86
CF3 30 29 3 -596.333 86
CF3 30 29 4 -593.272 86
CF3 30 30 0 -626.845 90
CF3 30 30 1 -623.166 90
CF3 30 30 2 -621.039 90
CF3 30 30 3 -610.440 86
CF3 30 30 4 -580.174 81
CF3 30 31 0 -607.625 85
CF3 30 31 1 -596.972 85
CF3 30 31 2 -593.615 85
CF3 30 31 3 -588.024 83
CF3 30 31 4 -584.481 82
CF3 30 32 0 -613.132 86
CF3 30 32 1 -591.619 86
CF3 30 32 2 -596.835 86
CF3 30 32 3 -593.603 86
CF3 30 32 4 -583.980 83
CF3 30 33 0 -615.774 87
CF3 30 33 1 -602.281 87
CF3 30 33 2 -601.927 87
CF3 30 33 3 -592.522 84
CF3 30 33 4 -564.789 81
CF3 30 34 0 -590.689 84
CF3 30 34 1 -573.454 84
CF3 30 34 2 -576.962 84
CF3 30 34 3 -571.809 84
CF3 30 34 4 -513.000 75
CF3 30 35 0 -547.646 79
CF3 30 35 1 -525.297 77
CF3 30 35 2 -526.202 77
CF3 30 35 3 -519.590 76
CF3 30 35 4 -456.365 67
CF3 30 36 0 -488.279 71
CF3 30 36 1 -473.613 71
CF3 30 36 2 -477.192 71
CF3 30 36 3 -450.997 67
CF3 30 36 4 -442.397 64
CF3 30 37 0 -471.525 68
CF3 30 37 1 -451.582 68
CF3 30 37 2 -457.603 68
CF3 30 37 3 -457.360 68
CF3 30 37 4 -456.091 68
CF3 30 38 0 -493.200 72
CF3 30 38 1 -476.038 72
CF3 30 38 2 -478.151 72
CF3 30 38 3 -452.314 69
CF3 30 38 4 -445.446 68
CF3 30 39 0 -482.294 72
CF3 30 39 1 -468.431 72
CF3 30 39 2 -469.861 72
CF3 30 39 3 -454.594 69
CF3 30 39 4 -398.870 61
CF3 30 40 0 -434.028 65
CF3 30 40 1 -415.671 65
CF3 30 40 2 -412.471 65
CF3 30 40 3 -413.468 65
CF3 30 40 4 -417.118 65
CF3 30 41 0 -449.346 69
CF3 30 41 1 -432.956 69
CF3 30 41 2 -433.873 69
CF3 30 41 3 -404.925 64
CF3 30 41 4 -374.757 58
CF3 30 42 0 -352.288 54
CF3 30 42 1 -338.825 54
CF3 30 42 2 -339.709 54
CF3 30 42 3 -330.521 53
CF3 30 42 4 -281.390 45
CF3 30 43 0 -312.396 49
CF3 30 43 1 -294.384 48
CF3 30 43 2 -286.427 47
CF3 30 43 3 -283.841 46
CF3 30 43 4 -268.952 44
CF3 30 44 0 -299.045 48
CF3 30 44 1 -282.214 48
CF3 30 44 2 -262.792 43
CF3 30 44 3 -262.092 43
CF3 30 44 4 -247.841 41
CF3 30 45 0 -280.004 45
CF3 30 45 1 -272.672 45
CF3 30 45 2 -269.598 45
CF3 30 45 3 -272.527 45
CF3 30 45 4 -235.813 38
CF3 30 46 0 -262.907 42
CF3 30 46 1 -225.722 39
CF3 30 46 2 -231.809 39
CF3 30 46 3 -223.693 38
CF3 30 46 4 -200.851 35
CF3 30 47 0 -206.680 36
CF3 30 47 1 -188.779 34
CF3 30 47 2 -182.917 32
CF3 30 47 3 -162.690 27
CF3 30 47 4 -162.223 27
CF3 30 48 0 -182.073 31
CF3 30 48 1 -170.832 31
CF3 30 48 2 -153.909 29
CF3 30 48 3 -149.972 26
CF3 30 48 4 -134.304 24
CF3 30 49 0 -155.951 28
CF3 30 49 1 -139.482 27
CF3 30 49 2 -142.809 26
CF3 30 49 3 -134.912 24
CF3 30 49 4 -134.386 24
CF3 30 50 0 -155.865 28
CF3 30 50 1 -144.406 26
CF3 30 50 2 -136.380 24
CF3 30 50 3 -136.610 24
CF3 30 50 4 -136.419 24
CH2F 10 1 0 -748.803 103
CH2F 10 1 1 -747.392 103
CH2F 10 1 2 -747.649 103
CH2F 10 1 3 -746.773 103
CH2F 10 1 4 -746.939 103
CH2F 10 2 0 -773.889 107
CH2F 10 2 1 -770.010 107
CH2F 10 2 2 -772.822 107
CH2F 10 2 3 -764.552 105
CH2F 10 2 4 -764.448 105
CH2F 10 3 0 -789.942 109
CH2F 10 3 1 -787.231 109
CH2F 10 3 2 -773.537 108
CH2F 10 3 3 -768.281 106
CH2F 10 3 4 -766.246 106
CH2F 10 4 0 -793.674 110
CH2F 10 4 1 -786.690 110
CH2F 10 4 2 -788.358 110
CH2F 10 4 3 -790.064 110
CH2F 10 4 4 -790.162 110
CH2F 10 5 0 -816.504 114
CH2F 10 5 1 -812.368 114
CH2F 10 5 2 -788.982 109
CH2F 10 5 3 -790.119 109
CH2F 10 5 4 -791.232 109
CH2F 10 6 0 -810.159 113
CH2F 10 6 1 -808.384 113
CH2F 10 6 2 -808.782 113
CH2F 10 6 3 -807.378 113
CH2F 10 6 4 -806.830 113
CH2F 10 7 0 -834.722 117
CH2F 10 7 1 -832.168 117
CH2F 10 7 2 -831.000 117
CH2F 10 7 3 -807.039 112
CH2F 10 7 4 -808.417 112
CH2F 10 8 0 -828.315 116
CH2F 10 8 1 -823.240 116
CH2F 10 8 2 -823.119 116
CH2F 10 8 3 -826.397 116
CH2F 10 8 4 -823.969 116
CH2F 10 9 0 -850.748 120
CH2F 10 9 1 -847.755 120
CH2F 10 9 2 -846.018 120
CH2F 10 9 3 -847.388 120
CH2F 10 9 4 -846.455 120
CH2F 10 10 0 -872.303 124
CH2F 10 10 1 -865.536 124
CH2F 10 10 2 -867.573 124
CH2F 10 10 3 -867.935 124
CH2F 10 10 4 -855.342 122
CH2F 10 11 0 -882.993 126
CH2F 10 11 1 -878.034 126
CH2F 10 11 2 -866.764 123
CH2F 10 11 3 -867.170 123
CH2F 10 11 4 -867.640 123
CH2F 10 12 0 -888.383 127
CH2F 10 12 1 -884.934 127
CH2F 10 12 2 -883.264 127
CH2F 10 12 3 -883.215 127
CH2F 10 12 4 -884.186 127
CH2F 10 13 0 -908.974 131
CH2F 10 13 1 -907.456 131
CH2F 10 13 2 -867.699 124
CH2F 10 13 3 -867.936 124
CH2F 10 13 4 -868.990 124
CH2F 10 14 0 -889.821 128
CH2F 10 14 1 -884.556 128
CH2F 10 14 2 -885.804 128
CH2F 10 14 3 -867.723 125
CH2F 10 14 4 -867.506 124
CH2F 10 15 0 -888.471 128
CH2F 10 15 1 -884.877 128
CH2F 10 15 2 -870.817 125
CH2F 10 15 3 -870.280 125
CH2F 10 15 4 -871.029 125
CH2F 10 16 0 -894.533 129
CH2F 10 16 1 -891.388 129
CH2F 10 16 2 -885.148 127
CH2F 10 16 3 -884.663 127
CH2F 10 16 4 -877.324 126
CH2F 10 17 0 -901.416 130
CH2F 10 17 1 -900.256 130
CH2F 10 17 2 -896.525 130
CH2F 10 17 3 -896.887 130
CH2F 10 17 4 -896.594 130
CH2F 10 18 0 -920.196 134
CH2F 10 18 1 -917.933 134
CH2F 10 18 2 -896.034 129
CH2F 10 18 3 -872.429 124
CH2F 10 18 4 -870.944 124
CH2F 10 19 0 -894.017 128
CH2F 10 19 1 -891.863 128
CH2F 10 19 2 -863.797 124
CH2F 10 19 3 -866.843 124
CH2F 10 19 4 -863.475 124
CH2F 10 20 0 -889.205 128
CH2F 10 20 1 -886.432 128
CH2F 10 20 2 -885.531 128
CH2F 10 20 3 -863.777 123
CH2F 10 20 4 -861.805 123
CH2F 10 21 0 -884.457 127
CH2F 10 21 1 -877.289 127
CH2F 10 21 2 -879.056 127
CH2F 10 21 3 -879.350 127
CH2F 10 21 4 -880.693 127
CH2F 10 22 0 -903.066 131
CH2F 10 22 1 -900.605 131
CH2F 10 22 2 -885.315 127
CH2F 10 22 3 -883.683 127
CH2F 10 22 4 -878.043 125
CH2F 10 23 0 -899.630 129
CH2F 10 23 1 -894.789 129
CH2F 10 23 2 -887.218 126
CH2F 10 23 3 -885.487 126
CH2F 10 23 4 -884.597 126
CH2F 10 24 0 -908.492 130
CH2F 10 24 1 -903.302 130
CH2F 10 24 2 -902.993 130
CH2F 10 24 3 -901.418 130
CH2F 10 24 4 -901.675 130
CH2F 10 25 0 -925.197 134
CH2F 10 25 1 -920.391 134
CH2F 10 25 2 -906.175 131
CH2F 10 25 3 -899.812 130
CH2F 10 25 4 -883.829 126
CH2F 10 26 0 -904.986 130
CH2F 10 26 1 -901.234 130
CH2F 10 26 2 -886.302 126
CH2F 10 26 3 -885.838 126
CH2F 10 26 4 -885.139 126
CH2F 10 27 0 -909.001 130
CH2F 10 27 1 -903.674 130
CH2F 10 27 2 -897.042 129
CH2F 10 27 3 -881.826 125
CH2F 10 27 4 -880.986 125
CH2F 10 28 0 -903.814 129
CH2F 10 28 1 -899.029 129
CH2F 10 28 2 -900.312 129
CH2F 10 28 3 -899.374 129
CH2F 10 28 4 -900.603 129
CH2F 10 29 0 -923.981 133
CH2F 10 29 1 -919.895 133
CH2F 10 29 2 -893.902 129
CH2F 10 29 3 -871.901 124
CH2F 10 29 4 -872.848 124
CH2F 10 30 0 -895.993 128
CH2F 10 30 1 -888.796 128
CH2F 10 30 2 -887.594 128
CH2F 10 30 3 -888.630 128
CH2F 10 30 4 -889.748 128
CH2F 10 31 0 -912.254 132
CH2F 10 31 1 -908.257 132
CH2F 10 31 2 -908.723 132
CH2F 10 31 3 -909.841 132
CH2F 10 31 4 -908.263 132
CH2F 10 32 0 -935.199 136
CH2F 10 32 1 -932.978 136
CH2F 10 32 2 -913.625 132
CH2F 10 32 3 -914.840 132
CH2F 10 32 4 -913.484 132
CH2F 10 33 0 -935.672 136
CH2F 10 33 1 -927.083 136
CH2F 10 33 2 -929.858 136
CH2F 10 33 3 -927.450 136
CH2F 10 33 4 -926.122 136
CH2F 10 34 0 -951.314 140
CH2F 10 34 1 -950.604 140
CH2F 10 34 2 -930.510 136
CH2F 10 34 3 -929.380 136
CH2F 10 34 4 -933.638 136
CH2F 10 35 0 -951.858 140
CH2F 10 35 1 -946.574 140
CH2F 10 35 2 -948.191 140
CH2F 10 35 3 -946.769 140
CH2F 10 35 4 -946.940 140
CH2F 10 36 0 -966.981 144
CH2F 10 36 1 -965.860 144
CH2F 10 36 2 -955.576 142
CH2F 10 36 3 -955.220 142
CH2F 10 36 4 -958.916 142
CH2F 10 37 0 -981.693 146
CH2F 10 37 1 -976.031 146
CH2F 10 37 2 -971.806 145
CH2F 10 37 3 -949.297 140
CH2F 10 37 4 -947.914 140
CH2F 10 38 0 -971.706 144
CH2F 10 38 1 -971.251 144
CH2F 10 38 2 -951.087 141
CH2F 10 38 3 -953.073 141
CH2F 10 38 4 -949.992 141
CH2F 10 39 0 -976.413 145
CH2F 10 39 1 -973.595 145
CH2F 10 39 2 -956.994 141
CH2F 10 39 3 -957.246 141
CH2F 10 39 4 -959.896 141
CH2F 10 40 0 -984.431 145
CH2F 10 40 1 -982.110 145
CH2F 10 40 2 -958.374 140
CH2F 10 40 3 -958.212 140
CH2F 10 40 4 -959.111 140
CH2F 10 41 0 -981.084 144
CH2F 10 41 1 -976.410 144
CH2F 10 41 2 -974.229 144
CH2F 10 41 3 -949.411 139
CH2F 10 41 4 -952.706 139
CH2F 10 42 0 -974.511 143
CH2F 10 42 1 -972.973 143
CH2F 10 42 2 -969.919 142
CH2F 10 42 3 -958.042 140
CH2F 10 42 4 -943.268 137
CH2F 10 43 0 -971.776 141
CH2F 10 43 1 -965.996 141
CH2F 10 43 2 -966.027 141
CH2F 10 43 3 -964.029 141
CH2F 10 43 4 -966.350 141
CH2F 10 44 0 -989.671 145
CH2F 10 44 1 -987.600 145
CH2F 10 44 2 -964.983 140
CH2F 10 44 3 -966.665 140
CH2F 10 44 4 -962.478 140
CH2F 10 45 0 -984.486 144
CH2F 10 45 1 -985.113 144
CH2F 10 45 2 -961.808 139
CH2F 10 45 3 -951.767 137
CH2F 10 45 4 -951.972 137
CH2F 10 46 0 -973.387 141
CH2F 10 46 1 -970.917 141
CH2F 10 46 2 -970.707 141
CH2F 10 46 3 -970.764 141
CH2F 10 46 4 -970.113 141
CH2F 10 47 0 -994.516 145
CH2F 10 47 1 -990.026 145
CH2F 10 47 2 -972.296 141
CH2F 10 47 3 -973.049 141
CH2F 10 47 4 -976.255 141
CH2F 10 48 0 -996.420 145
CH2F 10 48 1 -994.363 145
CH2F 10 48 2 -970.776 141
CH2F 10 48 3 -959.218 139
CH2F 10 48 4 -958.353 139
CH2F 10 49 0 -981.074 143
CH2F 10 49 1 -978.467 143
CH2F 10 49 2 -979.484 143
CH2F 10 49 3 -971.172 141
CH2F 10 49 4 -949.910 137
CH2F 10 50 0 -974.372 141
CH2F 10 50 1 -969.452 141
CH2F 10 50 2 -946.937 138
CH2F 10 50 3 -948.510 138
CH2F 10 50 4 -927.576 134
CH2F 30 1 0 -748.807 103
CH2F 30 1 1 -735.811 103
CH2F 30 1 2 -738.304 103
CH2F 30 1 3 -725.815 101
CH2F 30 1 4 -728.382 101
CH2F 30 2 0 -767.013 105
CH2F 30 2 1 -752.597 105
CH2F 30 2 2 -740.638 103
CH2F 30 2 3 -742.582 103
CH2F 30 2 4 -741.298 103
CH2F 30 3 0 -775.593 107
CH2F 30 3 1 -760.973 107
CH2F 30 3 2 -764.227 107
CH2F 30 3 3 -747.402 104
CH2F 30 3 4 -745.014 104
CH2F 30 4 0 -779.850 108
CH2F 30 4 1 -757.472 108
CH2F 30 4 2 -764.168 108
CH2F 30 4 3 -747.696 104
CH2F 30 4 4 -745.463 104
CH2F 30 5 0 -778.007 108
CH2F 30 5 1 -759.402 108
CH2F 30 5 2 -747.452 105
CH2F 30 5 3 -744.964 104
CH2F 30 5 4 -746.155 104
CH2F 30 6 0 -773.377 108
CH2F 30 6 1 -758.482 108
CH2F 30 6 2 -757.212 108
CH2F 30 6 3 -759.657 108
CH2F 30 6 4 -761.002 108
CH2F 30 7 0 -795.692 112
CH2F 30 7 1 -777.834 112
CH2F 30 7 2 -774.364 112
CH2F 30 7 3 -778.730 112
CH2F 30 7 4 -779.525 112
CH2F 30 8 0 -813.239 116
CH2F 30 8 1 -797.098 116
CH2F 30 8 2 -796.046 116
CH2F 30 8 3 -794.604 114
CH2F 30 8 4 -791.489 114
CH2F 30 9 0 -823.929 118
CH2F 30 9 1 -807.762 118
CH2F 30 9 2 -801.322 116
CH2F 30 9 3 -804.245 116
CH2F 30 9 4 -805.457 116
CH2F 30 10 0 -838.745 120
CH2F 30 10 1 -830.156 120
CH2F 30 10 2 -808.169 118
CH2F 30 10 3 -809.411 117
CH2F 30 10 4 -810.670 117
CH2F 30 11 0 -846.538 121
CH2F 30 11 1 -825.168 121
CH2F 30 11 2 -823.013 120
CH2F 30 11 3 -827.087 120
CH2F 30 11 4 -826.287 120
CH2F 30 12 0 -859.649 124
CH2F 30 12 1 -848.290 124
CH2F 30 12 2 -847.617 124
CH2F 30 12 3 -801.069 114
CH2F 30 12 4 -803.903 114
CH2F 30 13 0 -834.837 118
CH2F 30 13 1 -817.707 118
CH2F 30 13 2 -803.068 114
CH2F 30 13 3 -799.911 112
CH2F 30 13 4 -799.103 112
CH2F 30 14 0 -827.322 116
CH2F 30 14 1 -806.759 116
CH2F 30 14 2 -806.028 116
CH2F 30 14 3 -788.339 112
CH2F 30 14 4 -782.386 110
CH2F 30 15 0 -816.595 114
CH2F 30 15 1 -791.688 112
CH2F 30 15 2 -794.720 112
CH2F 30 15 3 -793.911 112
CH2F 30 15 4 -794.908 112
CH2F 30 16 0 -828.940 116
CH2F 30 16 1 -815.479 116
CH2F 30 16 2 -813.702 116
CH2F 30 16 3 -816.592 116
CH2F 30 16 4 -811.917 116
CH2F 30 17 0 -853.328 120
CH2F 30 17 1 -834.838 120
CH2F 30 17 2 -825.202 119
CH2F 30 17 3 -794.698 113
CH2F 30 17 4 -786.549 111
CH2F 30 18 0 -816.637 115
CH2F 30 18 1 -800.003 115
CH2F 30 18 2 -794.927 113
CH2F 30 18 3 -787.750 111
CH2F 30 18 4 -788.486 111
CH2F 30 19 0 -822.386 115
CH2F 30 19 1 -803.151 115
CH2F 30 19 2 -795.345 113
CH2F 30 19 3 -795.362 113
CH2F 30 19 4 -783.520 111
CH2F 30 20 0 -816.715 115
CH2F 30 20 1 -806.073 115
CH2F 30 20 2 -795.171 113
CH2F 30 20 3 -795.573 113
CH2F 30 20 4 -788.548 111
CH2F 30 21 0 -818.892 115
CH2F 30 21 1 -796.454 114
CH2F 30 21 2 -798.959 114
CH2F 30 21 3 -798.286 114
CH2F 30 21 4 -796.533 114
CH2F 30 22 0 -832.989 118
CH2F 30 22 1 -813.764 118
CH2F 30 22 2 -801.807 114
CH2F 30 22 3 -794.355 113
CH2F 30 22 4 -785.306 111
CH2F 30 23 0 -814.764 115
CH2F 30 23 1 -796.097 115
CH2F 30 23 2 -775.083 109
CH2F 30 23 3 -774.073 109
CH2F 30 23 4 -773.492 109
CH2F 30 24 0 -798.250 113
CH2F 30 24 1 -778.503 113
CH2F 30 24 2 -779.180 113
CH2F 30 24 3 -779.481 113
CH2F 30 24 4 -767.602 110
CH2F 30 25 0 -798.807 114
CH2F 30 25 1 -784.419 114
CH2F 30 25 2 -784.644 114
CH2F 30 25 3 -783.513 114
CH2F 30 25 4 -769.414 112
CH2F 30 26 0 -806.421 116
CH2F 30 26 1 -792.581 116
CH2F 30 26 2 -787.090 114
CH2F 30 26 3 -785.507 114
CH2F 30 26 4 -787.413 114
CH2F 30 27 0 -822.785 118
CH2F 30 27 1 -801.995 118
CH2F 30 27 2 -805.351 118
CH2F 30 27 3 -797.092 116
CH2F 30 27 4 -790.051 114
CH2F 30 28 0 -827.070 118
CH2F 30 28 1 -816.346 118
CH2F 30 28 2 -799.226 116
CH2F 30 28 3 -801.378 116
CH2F 30 28 4 -772.082 111
CH2F 30 29 0 -805.970 115
CH2F 30 29 1 -785.649 115
CH2F 30 29 2 -787.985 115
CH2F 30 29 3 -787.106 115
CH2F 30 29 4 -780.787 113
CH2F 30 30 0 -816.863 117
CH2F 30 30 1 -808.702 117
CH2F 30 30 2 -792.962 113
CH2F 30 30 3 -793.695 113
CH2F 30 30 4 -794.068 113
CH2F 30 31 0 -817.332 117
CH2F 30 31 1 -807.016 117
CH2F 30 31 2 -800.269 117
CH2F 30 31 3 -804.932 117
CH2F 30 31 4 -783.710 114
CH2F 30 32 0 -819.816 118
CH2F 30 32 1 -798.651 118
CH2F 30 32 2 -798.832 118
CH2F 30 32 3 -803.557 118
CH2F 30 32 4 -802.411 118
CH2F 30 33 0 -838.294 122
CH2F 30 33 1 -823.449 122
CH2F 30 33 2 -823.270 122
CH2F 30 33 3 -823.328 122
CH2F 30 33 4 -824.440 122
CH2F 30 34 0 -857.686 126
CH2F 30 34 1 -840.856 126
CH2F 30 34 2 -840.840 125
CH2F 30 34 3 -839.929 125
CH2F 30 34 4 -842.002 125
CH2F 30 35 0 -876.321 129
CH2F 30 35 1 -857.717 129
CH2F 30 35 2 -857.659 129
CH2F 30 35 3 -850.956 128
CH2F 30 35 4 -845.528 127
CH2F 30 36 0 -852.009 126
CH2F 30 36 1 -841.057 126
CH2F 30 36 2 -834.693 125
CH2F 30 36 3 -777.130 115
CH2F 30 36 4 -778.425 115
CH2F 30 37 0 -812.792 119
CH2F 30 37 1 -796.793 119
CH2F 30 37 2 -797.898 119
CH2F 30 37 3 -794.094 119
CH2F 30 37 4 -795.280 119
CH2F 30 38 0 -830.321 123
CH2F 30 38 1 -817.723 123
CH2F 30 38 2 -808.554 122
CH2F 30 38 3 -767.975 115
CH2F 30 38 4 -753.409 111
CH2F 30 39 0 -787.964 115
CH2F 30 39 1 -775.247 115
CH2F 30 39 2 -774.437 115
CH2F 30 39 3 -772.472 115
CH2F 30 39 4 -773.072 115
CH2F 30 40 0 -806.180 119
CH2F 30 40 1 -791.780 119
CH2F 30 40 2 -788.282 119
CH2F 30 40 3 -783.525 118
CH2F 30 40 4 -785.075 118
CH2F 30 41 0 -822.512 122
CH2F 30 41 1 -805.792 122
CH2F 30 41 2 -803.433 122
CH2F 30 41 3 -759.177 115
CH2F 30 41 4 -746.759 113
CH2F 30 42 0 -780.014 117
CH2F 30 42 1 -760.896 117
CH2F 30 42 2 -768.036 117
CH2F 30 42 3 -767.164 117
CH2F 30 42 4 -765.015 117
CH2F 30 43 0 -801.293 121
CH2F 30 43 1 -781.675 121
CH2F 30 43 2 -783.060 121
CH2F 30 43 3 -786.784 121
CH2F 30 43 4 -786.725 121
CH2F 30 44 0 -817.396 125
CH2F 30 44 1 -797.798 125
CH2F 30 44 2 -783.510 120
CH2F 30 44 3 -773.199 118
CH2F 30 44 4 -769.211 117
CH2F 30 45 0 -799.553 121
CH2F 30 45 1 -795.048 121
CH2F 30 45 2 -778.875 117
CH2F 30 45 3 -777.225 117
CH2F 30 45 4 -776.391 117
CH2F 30 46 0 -799.028 121
CH2F 30 46 1 -787.745 121
CH2F 30 46 2 -787.520 120
CH2F 30 46 3 -774.328 118
CH2F 30 46 4 -745.129 114
CH2F 30 47 0 -784.375 118
CH2F 30 47 1 -767.115 118
CH2F 30 47 2 -769.863 118
CH2F 30 47 3 -772.007 118
CH2F 30 47 4 -768.282 118
CH2F 30 48 0 -803.017 122
CH2F 30 48 1 -789.485 122
CH2F 30 48 2 -782.869 121
CH2F 30 48 3 -747.464 113
CH2F 30 48 4 -738.853 112
CH2F 30 49 0 -773.473 116
CH2F 30 49 1 -760.969 116
CH2F 30 49 2 -763.110 116
CH2F 30 49 3 -753.815 116
CH2F 30 49 4 -760.039 116
CH2F 30 50 0 -801.551 120
CH2F 30 50 1 -788.376 120
CH2F 30 50 2 -767.578 118
CH2F 30 50 3 -767.384 116
CH2F 30 50 4 -765.485 116
CHF2 10 1 0 -749.218 103
CHF2 10 1 1 -751.919 103
CHF2 10 1 2 -754.199 103
CHF2 10 1 3 -751.661 103
CHF2 10 1 4 -752.829 103
CHF2 10 2 0 -782.704 107
CHF2 10 2 1 -778.011 107
CHF2 10 2 2 -775.561 106
CHF2 10 2 3 -761.475 103
CHF2 10 2 4 -760.929 103
CHF2 10 3 0 -783.237 107
CHF2 10 3 1 -778.495 107
CHF2 10 3 2 -781.534 107
CHF2 10 3 3 -779.904 107
CHF2 10 3 4 -780.279 107
CHF2 10 4 0 -807.666 111
CHF2 10 4 1 -801.864 111
CHF2 10 4 2 -802.944 111
CHF2 10 4 3 -803.701 111
CHF2 10 4 4 -803.966 111
CHF2 10 5 0 -828.742 115
CHF2 10 5 1 -826.201 115
CHF2 10 5 2 -825.681 115
CHF2 10 5 3 -808.820 112
CHF2 10 5 4 -807.270 111
CHF2 10 6 0 -829.747 115
CHF2 10 6 1 -827.867 115
CHF2 10 6 2 -828.249 115
CHF2 10 6 3 -828.967 115
CHF2 10 6 4 -826.990 115
CHF2 10 7 0 -855.349 119
CHF2 10 7 1 -847.382 119
CHF2 10 7 2 -849.073 119
CHF2 10 7 3 -814.043 112
CHF2 10 7 4 -816.416 112
CHF2 10 8 0 -838.881 116
CHF2 10 8 1 -831.980 116
CHF2 10 8 2 -832.302 116
CHF2 10 8 3 -833.608 116
CHF2 10 8 4 -832.535 116
CHF2 10 9 0 -858.512 120
CHF2 10 9 1 -851.666 120
CHF2 10 9 2 -854.737 120
CHF2 10 9 3 -836.214 116
CHF2 10 9 4 -837.176 116
CHF2 10 10 0 -858.832 120
CHF2 10 10 1 -849.801 120
CHF2 10 10 2 -851.781 120
CHF2 10 10 3 -850.185 120
CHF2 10 10 4 -853.859 120
CHF2 10 11 0 -874.426 124
CHF2 10 11 1 -870.978 124
CHF2 10 11 2 -852.229 121
CHF2 10 11 3 -853.536 120
CHF2 10 11 4 -852.441 120
CHF2 10 12 0 -873.363 124
CHF2 10 12 1 -873.570 124
CHF2 10 12 2 -873.405 124
CHF2 10 12 3 -871.276 124
CHF2 10 12 4 -870.320 123
CHF2 10 13 0 -894.274 127
CHF2 10 13 1 -891.452 127
CHF2 10 13 2 -872.854 123
CHF2 10 13 3 -869.491 123
CHF2 10 13 4 -871.491 123
CHF2 10 14 0 -895.097 127
CHF2 10 14 1 -893.017 127
CHF2 10 14 2 -892.654 127
CHF2 10 14 3 -867.063 122
CHF2 10 14 4 -866.751 122
CHF2 10 15 0 -890.897 126
CHF2 10 15 1 -890.627 126
CHF2 10 15 2 -890.005 126
CHF2 10 15 3 -864.066 121
CHF2 10 15 4 -865.290 121
CHF2 10 16 0 -886.336 125
CHF2 10 16 1 -884.907 125
CHF2 10 16 2 -867.558 121
CHF2 10 16 3 -865.344 121
CHF2 10 16 4 -863.261 121
CHF2 10 17 0 -885.772 125
CHF2 10 17 1 -884.163 125
CHF2 10 17 2 -861.667 121
CHF2 10 17 3 -860.130 120
CHF2 10 17 4 -864.895 120
CHF2 10 18 0 -886.326 124
CHF2 10 18 1 -879.736 124
CHF2 10 18 2 -868.209 121
CHF2 10 18 3 -869.953 121
CHF2 10 18 4 -869.130 121
CHF2 10 19 0 -892.237 125
CHF2 10 19 1 -886.608 125
CHF2 10 19 2 -885.291 125
CHF2 10 19 3 -884.285 125
CHF2 10 19 4 -884.354 125
CHF2 10 20 0 -909.564 129
CHF2 10 20 1 -907.491 129
CHF2 10 20 2 -892.974 126
CHF2 10 20 3 -888.777 125
CHF2 10 20 4 -889.908 125
CHF2 10 21 0 -910.106 129
CHF2 10 21 1 -908.208 129
CHF2 10 21 2 -891.992 126
CHF2 10 21 3 -886.533 125
CHF2 10 21 4 -881.376 123
CHF2 10 22 0 -903.073 127
CHF2 10 22 1 -899.837 127
CHF2 10 22 2 -877.947 123
CHF2 10 22 3 -877.314 123
CHF2 10 22 4 -880.640 123
CHF2 10 23 0 -901.029 127
CHF2 10 23 1 -899.742 127
CHF2 10 23 2 -892.397 126
CHF2 10 23 3 -881.903 123
CHF2 10 23 4 -879.987 123
CHF2 10 24 0 -899.522 127
CHF2 10 24 1 -899.417 127
CHF2 10 24 2 -897.755 127
CHF2 10 24 3 -897.126 127
CHF2 10 24 4 -898.235 127
CHF2 10 25 0 -923.804 131
CHF2 10 25 1 -921.053 131
CHF2 10 25 2 -904.137 128
CHF2 10 25 3 -902.492 127
CHF2 10 25 4 -903.384 127
CHF2 10 26 0 -925.686 131
CHF2 10 26 1 -918.798 131
CHF2 10 26 2 -917.654 131
CHF2 10 26 3 -918.905 131
CHF2 10 26 4 -919.217 131
CHF2 10 27 0 -943.148 135
CHF2 10 27 1 -940.204 135
CHF2 10 27 2 -939.600 135
CHF2 10 27 3 -938.579 135
CHF2 10 27 4 -941.730 135
CHF2 10 28 0 -966.004 139
CHF2 10 28 1 -961.008 139
CHF2 10 28 2 -942.189 135
CHF2 10 28 3 -941.800 135
CHF2 10 28 4 -924.961 131
CHF2 10 29 0 -946.642 135
CHF2 10 29 1 -944.293 135
CHF2 10 29 2 -925.513 131
CHF2 10 29 3 -925.413 131
CHF2 10 29 4 -925.785 131
CHF2 10 30 0 -950.190 135
CHF2 10 30 1 -945.878 135
CHF2 10 30 2 -927.170 131
CHF2 10 30 3 -927.442 131
CHF2 10 30 4 -927.907 131
CHF2 10 31 0 -949.583 135
CHF2 10 31 1 -947.537 135
CHF2 10 31 2 -926.354 131
CHF2 10 31 3 -927.884 131
CHF2 10 31 4 -927.807 131
CHF2 10 32 0 -948.407 135
CHF2 10 32 1 -943.556 135
CHF2 10 32 2 -943.747 135
CHF2 10 32 3 -926.506 131
CHF2 10 32 4 -926.422 131
CHF2 10 33 0 -948.093 135
CHF2 10 33 1 -946.145 135
CHF2 10 33 2 -945.961 135
CHF2 10 33 3 -922.330 130
CHF2 10 33 4 -923.054 130
CHF2 10 34 0 -945.134 134
CHF2 10 34 1 -940.704 134
CHF2 10 34 2 -923.108 131
CHF2 10 34 3 -917.138 129
CHF2 10 34 4 -918.538 129
CHF2 10 35 0 -940.582 133
CHF2 10 35 1 -935.555 133
CHF2 10 35 2 -932.745 133
CHF2 10 35 3 -930.090 131
CHF2 10 35 4 -927.870 131
CHF2 10 36 0 -952.247 135
CHF2 10 36 1 -948.993 135
CHF2 10 36 2 -943.459 134
CHF2 10 36 3 -932.777 131
CHF2 10 36 4 -926.639 130
CHF2 10 37 0 -948.562 134
CHF2 10 37 1 -939.939 134
CHF2 10 37 2 -935.727 133
CHF2 10 37 3 -939.753 133
CHF2 10 37 4 -941.688 133
CHF2 10 38 0 -968.091 137
CHF2 10 38 1 -959.718 137
CHF2 10 38 2 -955.734 136
CHF2 10 38 3 -944.896 133
CHF2 10 38 4 -943.434 133
CHF2 10 39 0 -966.100 137
CHF2 10 39 1 -953.590 137
CHF2 10 39 2 -949.031 136
CHF2 10 39 3 -916.978 129
CHF2 10 39 4 -916.468 129
CHF2 10 40 0 -938.765 133
CHF2 10 40 1 -928.070 133
CHF2 10 40 2 -927.333 133
CHF2 10 40 3 -929.475 133
CHF2 10 40 4 -930.244 133
CHF2 10 41 0 -950.919 137
CHF2 10 41 1 -950.746 137
CHF2 10 41 2 -949.611 137
CHF2 10 41 3 -948.461 137
CHF2 10 41 4 -933.497 135
CHF2 10 42 0 -957.625 139
CHF2 10 42 1 -951.498 139
CHF2 10 42 2 -955.891 139
CHF2 10 42 3 -955.693 139
CHF2 10 42 4 -951.098 138
CHF2 10 43 0 -975.448 142
CHF2 10 43 1 -969.180 142
CHF2 10 43 2 -970.841 142
CHF2 10 43 3 -969.866 142
CHF2 10 43 4 -961.562 139
CHF2 10 44 0 -986.242 143
CHF2 10 44 1 -985.711 143
CHF2 10 44 2 -961.122 138
CHF2 10 44 3 -961.135 138
CHF2 10 44 4 -959.097 138
CHF2 10 45 0 -982.077 142
CHF2 10 45 1 -978.619 142
CHF2 10 45 2 -962.637 138
CHF2 10 45 3 -962.457 138
CHF2 10 45 4 -960.704 138
CHF2 10 46 0 -982.817 142
CHF2 10 46 1 -978.469 142
CHF2 10 46 2 -974.716 142
CHF2 10 46 3 -949.595 137
CHF2 10 46 4 -950.828 137
CHF2 10 47 0 -973.565 141
CHF2 10 47 1 -970.566 141
CHF2 10 47 2 -976.021 141
CHF2 10 47 3 -962.867 139
CHF2 10 47 4 -954.969 137
CHF2 10 48 0 -922.400 132
CHF2 10 48 1 -926.588 132
CHF2 10 48 2 -927.572 132
CHF2 10 48 3 -922.798 131
CHF2 10 48 4 -918.244 131
CHF2 10 49 0 -942.084 135
CHF2 10 49 1 -935.438 135
CHF2 10 49 2 -937.910 135
CHF2 10 49 3 -935.159 135
CHF2 10 49 4 -936.757 135
CHF2 10 50 0 -954.081 138
CHF2 10 50 1 -948.599 138
CHF2 10 50 2 -935.255 136
CHF2 10 50 3 -904.428 130
CHF2 10 50 4 -906.512 130
CHF2 30 1 0 -749.221 103
CHF2 30 1 1 -735.645 103
CHF2 30 1 2 -739.451 103
CHF2 30 1 3 -731.359 101
CHF2 30 1 4 -717.647 99
CHF2 30 2 0 -752.033 103
CHF2 30 2 1 -733.409 103
CHF2 30 2 2 -740.023 103
CHF2 30 2 3 -716.932 100
CHF2 30 2 4 -715.373 99
CHF2 30 3 0 -752.265 103
CHF2 30 3 1 -737.971 103
CHF2 30 3 2 -737.144 103
CHF2 30 3 3 -732.322 101
CHF2 30 3 4 -730.696 101
CHF2 30 4 0 -765.470 105
CHF2 30 4 1 -746.731 105
CHF2 30 4 2 -746.265 105
CHF2 30 4 3 -747.345 105
CHF2 30 4 4 -746.199 105
CHF2 30 5 0 -785.104 109
CHF2 30 5 1 -772.122 109
CHF2 30 5 2 -767.900 107
CHF2 30 5 3 -768.849 107
CHF2 30 5 4 -768.708 107
CHF2 30 6 0 -797.833 111
CHF2 30 6 1 -780.667 111
CHF2 30 6 2 -781.296 111
CHF2 30 6 3 -780.534 111
CHF2 30 6 4 -782.786 111
CHF2 30 7 0 -820.912 115
CHF2 30 7 1 -802.801 115
CHF2 30 7 2 -790.992 112
CHF2 30 7 3 -791.421 112
CHF2 30 7 4 -793.494 112
CHF2 30 8 0 -824.577 116
CHF2 30 8 1 -813.777 116
CHF2 30 8 2 -809.793 116
CHF2 30 8 3 -810.523 116
CHF2 30 8 4 -808.774 116
CHF2 30 9 0 -844.516 120
CHF2 30 9 1 -829.374 120
CHF2 30 9 2 -826.224 120
CHF2 30 9 3 -817.822 117
CHF2 30 9 4 -818.904 117
CHF2 30 10 0 -850.515 121
CHF2 30 10 1 -836.102 121
CHF2 30 10 2 -837.112 121
CHF2 30 10 3 -813.458 116
CHF2 30 10 4 -816.231 116
CHF2 30 11 0 -848.947 120
CHF2 30 11 1 -834.061 120
CHF2 30 11 2 -827.245 120
CHF2 30 11 3 -829.270 118
CHF2 30 11 4 -827.704 118
CHF2 30 12 0 -860.532 122
CHF2 30 12 1 -849.124 122
CHF2 30 12 2 -841.975 121
CHF2 30 12 3 -825.279 117
CHF2 30 12 4 -794.015 113
CHF2 30 13 0 -820.992 115
CHF2 30 13 1 -810.005 115
CHF2 30 13 2 -806.960 115
CHF2 30 13 3 -777.946 109
CHF2 30 13 4 -779.243 109
CHF2 30 14 0 -809.499 113
CHF2 30 14 1 -796.975 113
CHF2 30 14 2 -795.358 113
CHF2 30 14 3 -795.365 113
CHF2 30 14 4 -758.945 106
CHF2 30 15 0 -790.972 110
CHF2 30 15 1 -772.847 110
CHF2 30 15 2 -768.377 110
CHF2 30 15 3 -770.889 110
CHF2 30 15 4 -775.341 110
CHF2 30 16 0 -811.163 114
CHF2 30 16 1 -794.490 114
CHF2 30 16 2 -789.682 112
CHF2 30 16 3 -789.403 112
CHF2 30 16 4 -788.005 112
CHF2 30 17 0 -819.689 116
CHF2 30 17 1 -806.926 116
CHF2 30 17 2 -790.243 112
CHF2 30 17 3 -788.784 112
CHF2 30 17 4 -790.474 112
CHF2 30 18 0 -819.246 116
CHF2 30 18 1 -802.401 116
CHF2 30 18 2 -803.474 116
CHF2 30 18 3 -804.515 116
CHF2 30 18 4 -802.747 116
CHF2 30 19 0 -842.510 120
CHF2 30 19 1 -824.596 120
CHF2 30 19 2 -824.836 120
CHF2 30 19 3 -826.204 120
CHF2 30 19 4 -827.306 120
CHF2 30 20 0 -864.917 124
CHF2 30 20 1 -852.319 124
CHF2 30 20 2 -839.482 121
CHF2 30 20 3 -809.494 116
CHF2 30 20 4 -811.697 116
CHF2 30 21 0 -838.607 120
CHF2 30 21 1 -821.549 120
CHF2 30 21 2 -820.572 120
CHF2 30 21 3 -792.144 117
CHF2 30 21 4 -798.552 117
CHF2 30 22 0 -833.767 121
CHF2 30 22 1 -819.676 121
CHF2 30 22 2 -820.054 121
CHF2 30 22 3 -804.935 118
CHF2 30 22 4 -779.364 113
CHF2 30 23 0 -813.053 117
CHF2 30 23 1 -803.431 117
CHF2 30 23 2 -806.865 117
CHF2 30 23 3 -791.157 113
CHF2 30 23 4 -790.416 113
CHF2 30 24 0 -816.215 117
CHF2 30 24 1 -797.397 117
CHF2 30 24 2 -800.231 117
CHF2 30 24 3 -782.487 113
CHF2 30 24 4 -781.396 113
CHF2 30 25 0 -815.614 117
CHF2 30 25 1 -793.444 117
CHF2 30 25 2 -798.903 117
CHF2 30 25 3 -799.160 117
CHF2 30 25 4 -802.516 117
CHF2 30 26 0 -841.676 121
CHF2 30 26 1 -824.594 121
CHF2 30 26 2 -824.259 121
CHF2 30 26 3 -826.834 121
CHF2 30 26 4 -826.163 121
CHF2 30 27 0 -863.196 125
CHF2 30 27 1 -848.734 125
CHF2 30 27 2 -830.976 122
CHF2 30 27 3 -813.819 118
CHF2 30 27 4 -791.568 114
CHF2 30 28 0 -826.754 118
CHF2 30 28 1 -812.458 118
CHF2 30 28 2 -801.984 116
CHF2 30 28 3 -782.437 113
CHF2 30 28 4 -767.706 110
CHF2 30 29 0 -799.373 114
CHF2 30 29 1 -784.014 114
CHF2 30 29 2 -784.589 114
CHF2 30 29 3 -785.932 114
CHF2 30 29 4 -770.197 112
CHF2 30 30 0 -807.027 116
CHF2 30 30 1 -792.473 116
CHF2 30 30 2 -776.997 112
CHF2 30 30 3 -776.632 112
CHF2 30 30 4 -772.805 111
CHF2 30 31 0 -804.602 115
CHF2 30 31 1 -797.595 115
CHF2 30 31 2 -782.471 111
CHF2 30 31 3 -781.687 111
CHF2 30 31 4 -780.901 111
CHF2 30 32 0 -804.401 115
CHF2 30 32 1 -787.739 115
CHF2 30 32 2 -789.013 115
CHF2 30 32 3 -735.470 106
CHF2 30 32 4 -711.834 103
CHF2 30 33 0 -741.395 107
CHF2 30 33 1 -721.920 107
CHF2 30 33 2 -724.798 107
CHF2 30 33 3 -726.688 107
CHF2 30 33 4 -727.430 107
CHF2 30 34 0 -763.042 111
CHF2 30 34 1 -746.851 111
CHF2 30 34 2 -748.985 111
CHF2 30 34 3 -712.353 105
CHF2 30 34 4 -713.471 105
CHF2 30 35 0 -745.933 109
CHF2 30 35 1 -732.837 109
CHF2 30 35 2 -733.762 109
CHF2 30 35 3 -733.322 109
CHF2 30 35 4 -675.798 99
CHF2 30 36 0 -711.789 103
CHF2 30 36 1 -696.503 103
CHF2 30 36 2 -690.381 101
CHF2 30 36 3 -685.065 99
CHF2 30 36 4 -657.666 95
CHF2 30 37 0 -692.658 99
CHF2 30 37 1 -669.910 99
CHF2 30 37 2 -673.893 99
CHF2 30 37 3 -676.058 99
CHF2 30 37 4 -669.053 97
CHF2 30 38 0 -702.123 101
CHF2 30 38 1 -685.744 101
CHF2 30 38 2 -683.688 101
CHF2 30 38 3 -685.559 101
CHF2 30 38 4 -686.356 101
CHF2 30 39 0 -722.778 105
CHF2 30 39 1 -703.499 105
CHF2 30 39 2 -706.085 105
CHF2 30 39 3 -704.329 105
CHF2 30 39 4 -645.725 96
CHF2 30 40 0 -681.356 100
CHF2 30 40 1 -663.811 100
CHF2 30 40 2 -663.354 100
CHF2 30 40 3 -663.471 100
CHF2 30 40 4 -653.440 98
CHF2 30 41 0 -672.258 99
CHF2 30 41 1 -656.704 99
CHF2 30 41 2 -638.287 95
CHF2 30 41 3 -610.149 90
CHF2 30 41 4 -572.118 84
CHF2 30 42 0 -592.076 87
CHF2 30 42 1 -580.776 87
CHF2 30 42 2 -581.159 87
CHF2 30 42 3 -535.386 80
CHF2 30 42 4 -528.508 79
CHF2 30 43 0 -552.823 81
CHF2 30 43 1 -532.108 81
CHF2 30 43 2 -528.306 80
CHF2 30 43 3 -525.809 79
CHF2 30 43 4 -494.837 75
CHF2 30 44 0 -531.468 79
CHF2 30 44 1 -513.266 79
CHF2 30 44 2 -516.514 79
CHF2 30 44 3 -514.191 79
CHF2 30 44 4 -496.067 74
CHF2 30 45 0 -518.316 77
CHF2 30 45 1 -513.855 77
CHF2 30 45 2 -515.571 77
CHF2 30 45 3 -500.176 73
CHF2 30 45 4 -497.966 73
CHF2 30 46 0 -526.692 77
CHF2 30 46 1 -505.668 77
CHF2 30 46 2 -510.336 77
CHF2 30 46 3 -510.093 77
CHF2 30 46 4 -512.804 77
CHF2 30 47 0 -547.856 81
CHF2 30 47 1 -531.415 81
CHF2 30 47 2 -532.073 81
CHF2 30 47 3 -504.488 77
CHF2 30 47 4 -496.400 75
CHF2 30 48 0 -529.723 79
CHF2 30 48 1 -511.822 79
CHF2 30 48 2 -512.447 79
CHF2 30 48 3 -517.655 79
CHF2 30 48 4 -517.664 79
CHF2 30 49 0 -553.519 83
CHF2 30 49 1 -537.086 83
CHF2 30 49 2 -537.745 83
CHF2 30 49 3 -539.825 83
CHF2 30 49 4 -496.697 76
CHF2 30 50 0 -473.001 71
CHF2 30 50 1 -448.436 70
CHF2 30 50 2 -437.737 68
CHF2 30 50 3 -430.900 67
CHF2 30 50 4 -414.571 62
