-738.513
-739.021
-742.111
-741.651
-744.264
-763.395
-760.893
-762.763
-763.018
-762.303
-778.283
-775.691
-775.532
-775.394
-775.175
-787.999
-783.359
-786.472
-786.013
-774.207
-792.026
-786.989
-786.814
-775.486
-763.309
-774.924
-772.988
-772.463
-771.997
-772.645
-785.820
-782.061
-782.692
-784.488
-782.127
-797.275
-793.179
-795.362
-793.532
-793.172
-806.932
-802.714
-804.635
-804.210
-805.840
-817.360
-816.573
-799.954
-798.359
-800.899
-811.075
-810.569
-811.263
-802.360
-803.445
-814.229
-810.786
-811.302
-810.793
-811.133
-824.261
-823.455
-816.271
-816.519
-816.802
-825.650
-824.186
-825.705
-826.168
-826.996
-842.377
-838.679
-834.977
-836.673
-835.886
-848.681
-844.130
-840.555
-840.150
-839.818
-852.401
-848.027
-846.247
-840.082
-839.304
-847.877
-843.292
-843.405
-823.746
-824.340
-835.163
-829.851
-830.168
-829.210
-829.282
-843.558
-841.067
-834.478
-832.624
-834.408
-843.123
-840.096
-831.287
-833.055
-832.076
-842.990
-840.441
-831.402
-832.606
-832.485
-843.404
-841.268
-831.278
-834.124
-832.717
-843.030
-841.986
-842.712
-842.736
-844.441
-858.075
-854.458
-854.051
-856.789
-856.539
-866.960
-864.304
-865.223
-859.303
-856.753
-869.126
-875.083
-874.132
-874.878
-875.912
-892.556
-888.427
-888.821
-889.198
-889.482
-903.478
-900.503
-902.532
-902.557
-901.714
-918.783
-915.820
-919.317
-897.240
-863.784
-876.769
-873.951
-877.338
-854.816
-855.154
-870.932
-866.854
-866.825
-866.586
-866.819
-879.608
-874.886
-873.747
-874.792
-873.289
-887.927
-884.458
-878.858
-877.853
-878.265
-887.768
-885.529
-892.406
-884.438
-871.263
-886.935
-886.016
-886.969
-886.202
-887.304
-900.185
-897.215
-895.713
-898.489
-900.130
-910.996
-910.671
-910.201
-911.773
-903.083
-917.401
-915.572
-908.137
-905.242
-902.374
-914.333
-913.026
-897.136
-895.820
-897.193
-909.569
-907.418
-903.910
-901.742
-906.124
-918.199
-915.159
-913.365
-900.406
-900.582
-912.688
-907.168
-908.715
-909.879
-909.145
-925.462
-922.784
-914.987
-915.639
-916.887
-926.175
-924.488
-921.912
-923.277
-924.426
-939.929
-938.141
-930.843
-931.884
-931.053
-943.447
-942.703
-934.157
-934.787
-925.409
-935.380
-935.328
-939.191
-913.224
-913.063
-931.237
-928.786
-927.806
-930.335
-928.538
-942.390
-940.466
-937.006
-937.466
-937.986
-738.513
-728.309
-730.112
-713.714
-716.543
-747.432
-734.246
-732.960
-731.632
-735.305
-761.108
-747.860
-746.496
-749.081
-752.034
-774.964
-761.456
-760.547
-761.242
-761.021
-787.930
-776.053
-765.543
-765.151
-764.690
-787.551
-771.099
-772.087
-773.585
-775.094
-799.627
-784.937
-786.288
-786.661
-784.877
-809.549
-796.339
-796.594
-798.497
-797.228
-825.126
-812.680
-811.247
-811.459
-813.279
-842.411
-828.188
-830.370
-831.557
-828.753
-855.352
-839.410
-838.674
-841.022
-840.376
-865.063
-853.411
-853.539
-854.078
-854.149
-881.652
-868.285
-867.278
-869.034
-868.592
-879.947
-862.771
-843.827
-842.713
-831.707
-857.112
-843.211
-844.190
-831.420
-832.566
-854.983
-840.144
-840.935
-831.151
-822.278
-845.590
-825.952
-820.508
-820.101
-790.030
-810.217
-794.682
-786.947
-786.144
-788.585
-814.672
-795.473
-785.955
-777.820
-777.673
-797.905
-783.193
-758.226
-734.309
-724.333
-741.579
-727.057
-728.810
-729.366
-729.177
-757.178
-745.228
-742.603
-728.650
-730.629
-752.007
-742.162
-737.951
-738.525
-737.886
-751.726
-737.093
-738.454
-738.684
-738.566
-762.305
-749.322
-749.330
-749.024
-749.436
-773.559
-760.949
-763.017
-760.995
-763.063
-786.990
-759.037
-751.610
-752.892
-742.526
-763.772
-750.127
-751.383
-751.152
-745.340
-771.771
-759.289
-761.217
-755.222
-753.150
-780.294
-775.281
-776.409
-772.343
-773.961
-789.712
-787.085
-780.348
-760.304
-733.348
-745.444
-729.885
-731.393
-731.406
-734.845
-756.617
-738.881
-741.348
-704.542
-690.021
-718.561
-705.464
-688.766
-688.021
-690.425
-714.891
-700.551
-703.989
-704.493
-703.096
-725.974
-711.889
-714.153
-713.361
-719.810
-744.204
-723.995
-723.669
-727.970
-726.668
-749.806
-733.856
-732.402
-729.254
-729.882
-758.571
-744.913
-746.580
-746.162
-739.094
-762.424
-745.920
-746.778
-746.208
-749.229
-773.791
-762.341
-761.491
-762.547
-761.101
-785.745
-770.254
-771.351
-774.031
-772.172
-799.608
-786.289
-787.447
-790.627
-791.629
-816.956
-803.628
-806.462
-806.262
-807.263
-832.030
-826.319
-820.680
-819.000
-818.335
-832.843
-818.577
-819.153
-820.462
-820.289
-843.717
-829.351
-819.492
-818.732
-812.881
-834.024
-819.280
-818.447
-813.643
-799.694
-824.705
-813.527
-814.330
-814.082
-802.501
-828.211
-816.473
-817.518
-815.668
-796.465
-750.668
-752.731
-747.324
-752.320
-736.209
-768.573
-765.009
-764.501
-745.617
-746.362
-769.917
-765.192
-766.953
-767.294
-768.585
-798.491
-793.134
-790.716
-792.394
-793.278
-818.125
-812.547
-813.041
-812.166
-812.670
-839.500
-834.843
-833.801
-815.888
-819.453
-846.566
-839.340
-839.386
-838.909
-840.814
-864.402
-859.700
-859.812
-840.309
-826.553
-839.115
-837.324
-839.098
-819.822
-819.767
-845.151
-841.326
-840.117
-839.089
-821.064
-847.798
-844.458
-844.969
-825.715
-824.995
-850.965
-844.644
-846.023
-827.933
-826.003
-850.186
-847.514
-846.244
-827.350
-828.038
-850.729
-846.057
-844.866
-844.123
-846.155
-871.461
-867.845
-861.367
-841.509
-841.523
-864.574
-863.471
-862.161
-842.585
-841.750
-863.599
-859.271
-855.775
-841.701
-841.708
-864.424
-860.651
-845.520
-847.402
-847.706
-871.039
-864.979
-864.967
-865.776
-866.718
-890.008
-886.564
-871.780
-871.636
-849.805
-871.389
-867.908
-865.990
-851.274
-852.784
-875.954
-872.906
-872.306
-853.227
-854.672
-878.724
-875.665
-876.577
-833.503
-833.932
-854.216
-850.495
-844.410
-830.300
-831.718
-854.255
-848.807
-849.534
-848.274
-850.656
-875.891
-872.114
-851.383
-851.739
-852.440
-875.521
-871.244
-872.387
-834.672
-832.708
-856.077
-847.434
-848.575
-848.146
-846.427
-872.425
-867.038
-867.829
-865.964
-866.731
-892.257
-890.169
-871.848
-873.356
-871.542
-892.625
-891.694
-871.722
-871.269
-871.489
-891.047
-889.087
-872.691
-876.063
-874.270
-898.884
-897.229
-894.965
-892.356
-876.098
-900.423
-898.361
-888.087
-879.088
-878.643
-900.093
-894.651
-896.732
-874.964
-877.327
-899.906
-895.838
-888.270
-848.240
-826.718
-850.074
-846.901
-846.093
-826.546
-827.993
-849.515
-845.525
-846.260
-819.645
-798.005
-821.457
-818.959
-818.281
-775.229
-775.665
-795.417
-789.982
-792.163
-792.928
-771.398
-795.526
-790.817
-792.346
-791.782
-778.271
-801.358
-794.222
-799.199
-795.942
-796.373
-821.939
-813.427
-815.243
-815.474
-815.763
-839.961
-835.429
-836.769
-817.819
-817.715
-839.837
-838.377
-838.559
-819.179
-819.074
-840.163
-833.396
-833.417
-833.420
-838.234
-860.710
-854.337
-835.599
-836.176
-836.106
-860.487
-859.636
-857.206
-833.857
-833.032
-856.528
-853.158
-854.064
-835.214
-834.403
-855.391
-852.566
-851.933
-829.493
-830.033
-750.668
-737.990
-741.854
-743.654
-709.125
-753.725
-738.575
-726.025
-730.442
-729.541
-766.412
-750.708
-752.450
-754.360
-738.882
-770.983
-754.362
-757.685
-755.940
-756.357
-793.400
-774.428
-773.956
-741.022
-742.185
-773.452
-761.860
-745.330
-748.155
-747.832
-779.069
-762.599
-765.970
-763.236
-766.761
-801.526
-783.634
-783.835
-779.054
-779.386
-808.235
-789.541
-771.877
-748.559
-746.110
-783.990
-767.978
-761.416
-762.497
-761.212
-797.022
-781.244
-779.754
-771.052
-772.347
-802.454
-788.128
-789.618
-777.518
-769.087
-803.646
-788.700
-790.174
-775.861
-771.949
-802.704
-788.317
-781.353
-771.915
-773.216
-808.196
-791.545
-779.912
-772.640
-765.170
-799.461
-781.276
-782.071
-777.738
-722.173
-756.391
-740.356
-741.373
-686.930
-686.048
-713.131
-699.757
-685.499
-684.982
-685.899
-718.242
-703.286
-704.416
-663.242
-663.316
-692.770
-679.660
-682.290
-645.019
-646.426
-672.408
-656.178
-658.352
-655.841
-657.731
-695.736
-684.324
-686.686
-660.120
-646.823
-678.657
-666.176
-663.921
-651.794
-652.302
-678.001
-660.325
-663.307
-663.997
-664.055
-701.516
-687.195
-684.634
-691.428
-687.456
-728.511
-712.153
-711.862
-658.035
-662.896
-691.212
-678.688
-676.491
-653.976
-658.553
-692.842
-676.159
-672.825
-632.786
-586.196
-614.801
-590.521
-591.157
-593.373
-593.150
-626.027
-622.497
-619.136
-611.329
-579.698
-607.284
-594.808
-591.285
-587.028
-584.563
-613.566
-593.239
-597.324
-595.753
-585.616
-617.512
-602.662
-604.449
-593.981
-565.669
-592.406
-573.487
-577.683
-574.319
-514.241
-549.257
-526.845
-526.321
-520.591
-456.371
-488.831
-473.996
-476.353
-448.426
-442.188
-471.331
-452.727
-457.734
-457.116
-456.520
-494.145
-477.424
-479.884
-452.752
-446.323
-485.394
-469.929
-471.003
-453.285
-400.645
-435.843
-417.884
-417.056
-417.491
-417.975
-450.564
-434.670
-434.276
-405.281
-377.247
-354.949
-340.832
-340.900
-332.875
-283.553
-314.391
-295.209
-286.447
-284.662
-270.041
-299.561
-284.259
-263.876
-264.202
-250.062
-282.160
-274.697
-271.618
-274.743
-237.349
-263.242
-228.080
-232.200
-223.949
-200.248
-206.090
-187.922
-180.939
-161.698
-161.441
-181.828
-169.420
-151.865
-151.152
-132.968
-155.090
-137.424
-141.208
-133.949
-133.685
-154.971
-142.639
-135.157
-135.515
-135.210
-749.633
-749.501
-748.649
-747.741
-748.021
-775.099
-771.393
-772.241
-763.748
-763.888
-789.752
-786.626
-772.229
-768.877
-767.234
-794.668
-788.119
-789.892
-791.118
-789.785
-816.579
-814.182
-791.094
-791.379
-791.459
-811.754
-809.303
-809.792
-808.211
-808.017
-835.377
-832.055
-831.007
-807.698
-807.867
-829.034
-823.765
-823.434
-826.364
-824.752
-850.633
-847.859
-846.937
-847.184
-846.069
-872.485
-867.231
-868.279
-869.124
-857.230
-884.577
-879.402
-867.207
-868.061
-868.396
-890.002
-884.772
-884.205
-884.407
-885.632
-910.947
-908.635
-868.133
-868.402
-868.122
-889.061
-884.315
-884.669
-866.402
-866.078
-888.435
-884.100
-869.810
-869.285
-870.499
-893.456
-891.343
-883.512
-883.131
-877.682
-901.733
-897.850
-896.393
-897.461
-896.826
-921.059
-918.097
-895.226
-871.826
-871.499
-893.640
-890.915
-865.653
-867.370
-865.540
-892.371
-887.934
-889.125
-865.261
-864.435
-887.151
-882.297
-882.786
-882.619
-884.258
-907.450
-903.866
-886.570
-886.284
-879.641
-901.018
-898.844
-885.726
-884.642
-883.501
-907.788
-902.456
-902.591
-902.404
-902.380
-925.918
-922.782
-907.827
-901.343
-883.402
-906.990
-903.649
-885.880
-884.828
-885.074
-908.268
-903.923
-898.526
-882.726
-881.880
-904.516
-900.424
-900.224
-900.389
-901.362
-923.830
-921.680
-893.396
-871.622
-872.967
-894.716
-890.908
-889.835
-889.269
-890.416
-913.500
-909.268
-910.550
-910.275
-910.101
-935.581
-933.309
-913.503
-913.909
-913.783
-936.238
-930.359
-930.235
-930.433
-930.065
-954.830
-952.128
-933.123
-932.392
-934.025
-954.202
-949.212
-948.548
-947.505
-948.401
-971.910
-968.249
-959.426
-958.009
-960.304
-984.125
-979.872
-974.593
-951.237
-952.017
-976.550
-974.867
-954.668
-955.230
-954.570
-980.244
-977.976
-959.297
-960.128
-960.660
-984.978
-982.853
-959.175
-958.989
-958.265
-981.392
-976.372
-975.192
-952.467
-953.303
-976.729
-973.081
-968.022
-957.072
-943.365
-971.680
-966.047
-965.543
-965.628
-966.257
-989.521
-989.045
-966.280
-965.819
-965.787
-987.898
-986.737
-962.378
-952.204
-954.401
-976.610
-971.107
-971.097
-972.760
-972.183
-996.543
-992.108
-973.520
-974.124
-975.508
-997.178
-994.647
-970.463
-961.089
-959.258
-984.066
-980.444
-980.652
-970.210
-947.676
-973.137
-969.691
-946.978
-947.249
-926.491
-749.633
-736.157
-738.378
-727.764
-729.743
-767.673
-753.573
-742.967
-741.945
-742.136
-776.502
-761.116
-764.250
-747.556
-746.032
-780.117
-760.696
-763.984
-747.356
-745.831
-778.018
-761.472
-748.771
-746.720
-747.269
-774.772
-760.785
-758.836
-761.638
-761.390
-797.124
-780.272
-778.091
-780.057
-780.874
-814.646
-801.120
-798.482
-794.996
-794.722
-826.029
-809.938
-803.942
-805.344
-806.523
-839.998
-829.215
-809.368
-810.928
-811.246
-846.347
-828.806
-827.561
-828.165
-827.713
-863.144
-850.463
-849.671
-803.109
-804.016
-834.923
-819.276
-804.958
-801.111
-800.453
-827.819
-809.274
-808.567
-789.248
-784.017
-818.054
-793.629
-795.925
-795.855
-796.434
-830.804
-817.135
-815.902
-817.396
-813.259
-853.554
-836.486
-827.156
-795.663
-788.872
-818.707
-803.010
-796.647
-789.628
-789.583
-821.967
-805.806
-796.899
-796.881
-783.851
-817.708
-808.779
-796.266
-796.629
-789.681
-818.662
-797.741
-800.550
-799.300
-797.161
-833.415
-814.525
-800.050
-794.691
-786.769
-814.594
-797.426
-775.257
-774.995
-774.262
-798.726
-779.952
-782.258
-781.031
-769.833
-800.730
-789.572
-789.149
-789.333
-772.380
-810.025
-794.759
-790.454
-789.221
-790.771
-825.016
-809.143
-810.067
-801.602
-794.797
-829.762
-816.242
-800.250
-803.589
-772.880
-807.006
-790.539
-792.877
-791.822
-784.682
-819.799
-811.880
-795.692
-797.296
-796.379
-819.995
-810.147
-803.541
-804.817
-787.224
-821.765
-805.386
-804.945
-809.304
-808.144
-843.262
-826.186
-825.908
-826.092
-827.733
-861.226
-843.879
-843.846
-841.796
-842.908
-876.833
-861.810
-861.855
-853.688
-848.288
-854.882
-844.703
-835.743
-778.375
-780.724
-814.185
-797.944
-798.058
-796.499
-798.019
-832.551
-817.490
-808.380
-768.522
-752.029
-788.375
-774.862
-774.324
-773.632
-775.722
-807.487
-791.036
-788.711
-784.988
-787.376
-823.158
-808.586
-808.126
-762.597
-751.278
-783.279
-767.308
-769.741
-768.815
-768.080
-803.996
-785.682
-787.127
-790.312
-787.771
-819.482
-803.031
-786.230
-778.264
-768.721
-801.388
-798.050
-779.969
-779.562
-779.937
-801.951
-790.885
-786.972
-775.175
-748.456
-788.824
-772.511
-774.389
-774.547
-775.232
-808.638
-794.050
-788.871
-751.577
-744.460
-776.563
-764.145
-765.548
-761.023
-764.326
-805.299
-791.150
-776.057
-769.185
-769.215
-750.096
-751.263
-756.252
-754.172
-755.070
-785.276
-781.158
-777.935
-763.191
-763.622
-785.783
-780.699
-782.251
-780.551
-781.048
-808.420
-803.990
-805.910
-804.700
-805.177
-829.779
-826.982
-826.857
-809.140
-808.733
-830.587
-828.001
-828.316
-829.157
-826.947
-854.982
-848.484
-848.201
-813.376
-815.953
-838.465
-833.640
-833.523
-834.125
-834.149
-859.872
-853.906
-855.158
-836.695
-836.647
-859.943
-851.976
-853.952
-851.057
-855.967
-875.576
-872.276
-853.062
-855.019
-853.433
-875.377
-873.825
-874.745
-872.708
-869.573
-895.261
-891.876
-874.075
-871.756
-872.582
-896.015
-892.592
-892.735
-867.191
-866.895
-891.673
-889.834
-889.732
-863.720
-866.009
-885.963
-883.948
-865.616
-865.221
-863.627
-886.455
-884.654
-859.877
-859.246
-862.185
-884.041
-878.065
-865.690
-866.724
-866.085
-889.125
-886.045
-886.952
-884.771
-886.361
-911.722
-909.120
-891.270
-890.700
-889.545
-910.836
-906.445
-892.363
-886.368
-879.463
-901.339
-899.736
-879.771
-878.623
-879.864
-901.704
-899.018
-892.509
-880.886
-880.698
-901.222
-899.473
-897.634
-896.907
-898.281
-923.764
-920.367
-903.503
-900.959
-902.834
-925.028
-918.790
-918.990
-918.085
-919.503
-942.939
-938.576
-939.598
-938.005
-939.251
-964.795
-959.699
-941.051
-941.333
-923.294
-946.215
-941.721
-922.626
-923.560
-923.007
-947.362
-944.635
-924.355
-924.902
-925.531
-947.438
-945.112
-924.417
-925.624
-924.573
-946.829
-942.857
-942.868
-923.971
-924.221
-946.434
-943.693
-943.788
-920.090
-920.047
-942.952
-939.135
-919.340
-915.334
-917.138
-938.896
-935.425
-933.396
-927.527
-926.621
-950.825
-946.409
-940.082
-929.590
-924.490
-946.201
-940.990
-935.997
-939.147
-939.259
-965.561
-960.298
-954.732
-942.864
-942.190
-965.056
-954.662
-948.998
-915.127
-916.070
-937.544
-929.355
-928.634
-928.457
-929.819
-952.178
-949.722
-949.285
-949.025
-930.573
-958.083
-953.738
-957.593
-957.325
-953.669
-977.015
-971.382
-973.047
-972.754
-963.778
-988.314
-986.177
-960.655
-961.832
-960.282
-984.387
-979.329
-961.427
-961.612
-961.332
-983.365
-979.076
-975.501
-952.384
-952.310
-976.216
-973.625
-976.355
-963.841
-954.898
-921.141
-925.006
-925.942
-921.462
-919.470
-941.910
-936.514
-937.103
-935.887
-935.943
-953.536
-950.096
-933.290
-903.510
-904.066
-750.096
-737.452
-740.185
-731.859
-718.663
-752.189
-734.857
-738.517
-717.407
-716.681
-753.807
-737.417
-738.846
-733.081
-731.563
-766.289
-750.719
-748.850
-749.932
-749.565
-786.927
-773.173
-769.384
-770.936
-769.592
-798.805
-782.121
-782.585
-782.258
-783.964
-820.062
-803.492
-791.625
-791.693
-793.120
-824.683
-812.817
-810.309
-811.174
-809.432
-845.265
-830.903
-828.770
-816.273
-817.781
-849.984
-838.573
-836.465
-814.479
-815.847
-848.398
-833.899
-827.774
-830.034
-828.804
-861.466
-850.228
-844.032
-826.071
-792.772
-820.449
-810.341
-805.757
-778.411
-779.940
-810.246
-798.220
-795.965
-794.005
-759.006
-790.905
-774.650
-769.983
-771.963
-776.576
-811.798
-795.974
-789.702
-790.486
-789.584
-821.095
-809.602
-792.638
-790.648
-792.893
-821.344
-805.187
-806.608
-807.811
-805.841
-844.472
-826.310
-827.950
-829.108
-829.289
-867.136
-854.055
-840.893
-811.891
-812.634
-839.762
-822.641
-824.798
-799.681
-801.501
-838.121
-822.477
-820.552
-808.816
-781.571
-813.476
-805.288
-808.451
-791.713
-790.090
-815.948
-797.405
-798.856
-783.189
-782.975
-815.407
-795.111
-798.990
-800.273
-802.342
-840.772
-828.264
-827.050
-829.765
-827.860
-865.320
-851.112
-833.784
-815.700
-792.147
-826.693
-811.916
-801.757
-782.545
-768.575
-800.300
-784.117
-784.552
-785.265
-770.668
-807.379
-792.694
-776.420
-777.051
-772.356
-805.415
-798.644
-782.570
-781.333
-781.515
-804.795
-788.627
-791.434
-732.519
-710.870
-740.711
-724.298
-726.025
-727.965
-727.784
-763.211
-748.212
-748.318
-710.796
-711.111
-744.424
-731.194
-731.260
-732.564
-676.972
-712.890
-694.973
-689.581
-684.044
-655.590
-690.168
-670.823
-672.234
-673.301
-666.586
-699.180
-681.706
-679.515
-681.551
-683.439
-718.717
-701.441
-704.923
-704.949
-647.083
-681.941
-666.063
-662.597
-666.586
-657.163
-674.773
-660.088
-638.865
-610.256
-572.450
-592.604
-580.020
-581.561
-534.549
-527.780
-551.728
-534.591
-529.485
-524.877
-493.796
-531.415
-509.877
-516.062
-513.947
-496.237
-517.978
-513.610
-514.161
-498.394
-496.882
-525.237
-506.985
-510.138
-510.212
-513.681
-547.284
-531.920
-529.568
-504.600
-497.329
-530.653
-513.345
-513.418
-518.392
-516.863
-551.897
-537.220
-537.037
-537.027
-496.381
-471.059
-447.550
-434.776
-433.277
-413.658
