CF 10 1 0 -743.037 101
CF 10 1 1 -744.370 101
CF 10 1 2 -747.406 101
CF 10 1 3 -749.540 101
CF 10 1 4 -746.452 101
CF 10 2 0 -766.516 103
CF 10 2 1 -765.673 103
CF 10 2 2 -765.424 103
CF 10 2 3 -757.013 101
CF 10 2 4 -757.272 101
CF 10 3 0 -767.016 103
CF 10 3 1 -763.636 103
CF 10 3 2 -763.984 103
CF 10 3 3 -755.143 101
CF 10 3 4 -755.233 101
CF 10 4 0 -766.921 103
CF 10 4 1 -763.746 103
CF 10 4 2 -763.246 103
CF 10 4 3 -766.391 103
CF 10 4 4 -768.102 103
CF 10 5 0 -784.896 105
CF 10 5 1 -783.465 105
CF 10 5 2 -781.817 105
CF 10 5 3 -783.601 105
CF 10 5 4 -783.142 105
CF 10 6 0 -799.316 107
CF 10 6 1 -793.335 107
CF 10 6 2 -794.000 107
CF 10 6 3 -794.820 107
CF 10 6 4 -794.146 107
CF 10 7 0 -809.183 109
CF 10 7 1 -805.013 109
CF 10 7 2 -808.523 109
CF 10 7 3 -809.150 109
CF 10 7 4 -809.628 109
CF 10 8 0 -826.731 111
CF 10 8 1 -821.088 111
CF 10 8 2 -822.099 111
CF 10 8 3 -822.073 111
CF 10 8 4 -821.574 111
CF 10 9 0 -834.836 113
CF 10 9 1 -832.324 113
CF 10 9 2 -824.067 111
CF 10 9 3 -824.916 111
CF 10 9 4 -824.110 111
CF 10 10 0 -836.328 113
CF 10 10 1 -831.576 113
CF 10 10 2 -832.987 113
CF 10 10 3 -832.245 113
CF 10 10 4 -831.884 113
CF 10 11 0 -846.929 115
CF 10 11 1 -844.856 115
CF 10 11 2 -844.872 115
CF 10 11 3 -845.200 115
CF 10 11 4 -845.168 115
CF 10 12 0 -861.361 117
CF 10 12 1 -857.340 117
CF 10 12 2 -850.036 116
CF 10 12 3 -849.204 115
CF 10 12 4 -847.869 115
CF 10 13 0 -861.136 117
CF 10 13 1 -855.684 117
CF 10 13 2 -856.547 117
CF 10 13 3 -857.610 117
CF 10 13 4 -809.822 109
CF 10 14 0 -820.749 111
CF 10 14 1 -814.755 111
CF 10 14 2 -819.149 111
CF 10 14 3 -819.946 111
CF 10 14 4 -820.044 111
CF 10 15 0 -834.631 113
CF 10 15 1 -831.142 113
CF 10 15 2 -831.014 113
CF 10 15 3 -831.205 113
CF 10 15 4 -831.961 113
CF 10 16 0 -845.943 115
CF 10 16 1 -841.722 115
CF 10 16 2 -834.252 113
CF 10 16 3 -834.109 113
CF 10 16 4 -834.992 113
CF 10 17 0 -844.941 115
CF 10 17 1 -841.854 115
CF 10 17 2 -835.032 113
CF 10 17 3 -835.775 113
CF 10 17 4 -835.923 113
CF 10 18 0 -845.760 115
CF 10 18 1 -842.487 115
CF 10 18 2 -832.776 113
CF 10 18 3 -835.395 113
CF 10 18 4 -834.544 113
CF 10 19 0 -845.245 115
CF 10 19 1 -843.208 115
CF 10 19 2 -828.451 112
CF 10 19 3 -830.143 112
CF 10 19 4 -828.982 112
CF 10 20 0 -841.416 114
CF 10 20 1 -839.429 114
CF 10 20 2 -828.230 112
CF 10 20 3 -827.205 111
CF 10 20 4 -827.244 111
CF 10 21 0 -837.392 113
CF 10 21 1 -832.595 113
CF 10 21 2 -833.632 113
CF 10 21 3 -833.260 113
CF 10 21 4 -835.024 113
CF 10 22 0 -848.419 115
CF 10 22 1 -844.411 115
CF 10 22 2 -845.587 115
CF 10 22 3 -845.281 115
CF 10 22 4 -845.155 115
CF 10 23 0 -857.874 117
CF 10 23 1 -858.037 117
CF 10 23 2 -857.259 117
CF 10 23 3 -849.290 115
CF 10 23 4 -848.942 115
CF 10 24 0 -858.613 117
CF 10 24 1 -854.351 117
CF 10 24 2 -855.040 117
CF 10 24 3 -854.148 117
CF 10 24 4 -853.560 117
CF 10 25 0 -868.367 119
CF 10 25 1 -864.440 119
CF 10 25 2 -866.260 119
CF 10 25 3 -866.834 119
CF 10 25 4 -866.901 119
CF 10 26 0 -884.128 121
CF 10 26 1 -879.631 121
CF 10 26 2 -879.103 121
CF 10 26 3 -879.805 121
CF 10 26 4 -879.134 121
CF 10 27 0 -893.122 123
CF 10 27 1 -892.389 123
CF 10 27 2 -892.381 123
CF 10 27 3 -892.052 123
CF 10 27 4 -893.265 123
CF 10 28 0 -908.503 125
CF 10 28 1 -906.879 125
CF 10 28 2 -900.405 123
CF 10 28 3 -898.337 123
CF 10 28 4 -897.110 123
CF 10 29 0 -910.391 125
CF 10 29 1 -907.260 125
CF 10 29 2 -900.242 123
CF 10 29 3 -900.217 123
CF 10 29 4 -898.504 123
CF 10 30 0 -911.255 125
CF 10 30 1 -911.817 125
CF 10 30 2 -903.548 124
CF 10 30 3 -901.670 123
CF 10 30 4 -903.907 123
CF 10 31 0 -910.244 125
CF 10 31 1 -908.257 125
CF 10 31 2 -900.878 123
CF 10 31 3 -901.303 123
CF 10 31 4 -899.892 123
CF 10 32 0 -912.274 125
CF 10 32 1 -906.103 125
CF 10 32 2 -905.927 125
CF 10 32 3 -909.797 125
CF 10 32 4 -910.152 125
CF 10 33 0 -923.259 127
CF 10 33 1 -922.333 127
CF 10 33 2 -897.677 123
CF 10 33 3 -895.032 122
CF 10 33 4 -895.039 122
CF 10 34 0 -911.079 124
CF 10 34 1 -910.711 124
CF 10 34 2 -907.372 124
CF 10 34 3 -908.659 124
CF 10 34 4 -909.933 124
CF 10 35 0 -925.677 126
CF 10 35 1 -919.127 126
CF 10 35 2 -918.404 126
CF 10 35 3 -915.854 125
CF 10 35 4 -916.604 125
CF 10 36 0 -929.407 127
CF 10 36 1 -924.688 127
CF 10 36 2 -921.753 127
CF 10 36 3 -924.593 127
CF 10 36 4 -923.395 127
CF 10 37 0 -940.053 129
CF 10 37 1 -936.733 129
CF 10 37 2 -922.592 126
CF 10 37 3 -923.187 126
CF 10 37 4 -923.387 126
CF 10 38 0 -935.850 128
CF 10 38 1 -932.079 128
CF 10 38 2 -931.646 128
CF 10 38 3 -927.126 127
CF 10 38 4 -927.310 127
CF 10 39 0 -941.020 129
CF 10 39 1 -937.229 129
CF 10 39 2 -922.462 126
CF 10 39 3 -923.496 126
CF 10 39 4 -922.847 126
CF 10 40 0 -934.755 128
CF 10 40 1 -930.475 128
CF 10 40 2 -934.505 128
CF 10 40 3 -931.393 128
CF 10 40 4 -931.153 128
CF 10 41 0 -946.578 130
CF 10 41 1 -942.538 130
CF 10 41 2 -945.592 130
CF 10 41 3 -946.685 130
CF 10 41 4 -943.458 130
CF 10 42 0 -962.414 132
CF 10 42 1 -958.094 132
CF 10 42 2 -959.385 132
CF 10 42 3 -956.455 132
CF 10 42 4 -959.067 132
CF 10 43 0 -976.716 134
CF 10 43 1 -970.205 134
CF 10 43 2 -973.683 134
CF 10 43 3 -973.533 134
CF 10 43 4 -970.670 134
CF 10 44 0 -991.109 136
CF 10 44 1 -989.323 136
CF 10 44 2 -987.177 136
CF 10 44 3 -981.534 135
CF 10 44 4 -982.756 135
CF 10 45 0 -998.042 137
CF 10 45 1 -996.472 137
CF 10 45 2 -995.120 137
CF 10 45 3 -997.039 137
CF 10 45 4 -992.163 135
CF 10 46 0 -1011.023 137
CF 10 46 1 -1007.294 137
CF 10 46 2 -991.966 135
CF 10 46 3 -992.080 135
CF 10 46 4 -994.768 135
CF 10 47 0 -1009.501 137
CF 10 47 1 -1004.701 137
CF 10 47 2 -1008.248 137
CF 10 47 3 -992.284 134
CF 10 47 4 -993.400 134
CF 10 48 0 -1006.778 136
CF 10 48 1 -1000.933 136
CF 10 48 2 -1003.527 136
CF 10 48 3 -1001.377 136
CF 10 48 4 -1003.052 136
CF 10 49 0 -1020.275 138
CF 10 49 1 -1016.428 138
CF 10 49 2 -1017.842 138
CF 10 49 3 -1017.634 138
CF 10 49 4 -1018.276 138
CF 10 50 0 -1031.550 140
CF 10 50 1 -1029.970 140
CF 10 50 2 -1020.266 139
CF 10 50 3 -1018.871 139
CF 10 50 4 -1011.136 138
CF 30 1 0 -743.045 101
CF 30 1 1 -738.249 101
CF 30 1 2 -723.256 99
CF 30 1 3 -724.886 99
CF 30 1 4 -726.453 99
CF 30 2 0 -754.836 101
CF 30 2 1 -738.977 101
CF 30 2 2 -741.914 101
CF 30 2 3 -742.535 101
CF 30 2 4 -740.431 101
CF 30 3 0 -764.911 103
CF 30 3 1 -750.162 103
CF 30 3 2 -753.685 103
CF 30 3 3 -740.140 101
CF 30 3 4 -741.428 101
CF 30 4 0 -764.593 103
CF 30 4 1 -748.410 103
CF 30 4 2 -750.320 103
CF 30 4 3 -750.796 103
CF 30 4 4 -750.716 103
CF 30 5 0 -776.202 105
CF 30 5 1 -764.486 105
CF 30 5 2 -753.389 103
CF 30 5 3 -755.897 103
CF 30 5 4 -755.892 103
CF 30 6 0 -777.248 105
CF 30 6 1 -763.297 105
CF 30 6 2 -759.411 105
CF 30 6 3 -761.578 105
CF 30 6 4 -761.231 105
CF 30 7 0 -787.608 107
CF 30 7 1 -775.864 107
CF 30 7 2 -778.188 107
CF 30 7 3 -777.656 107
CF 30 7 4 -776.744 107
CF 30 8 0 -804.835 109
CF 30 8 1 -787.937 109
CF 30 8 2 -789.608 109
CF 30 8 3 -794.049 109
CF 30 8 4 -792.971 109
CF 30 9 0 -817.918 111
CF 30 9 1 -800.219 111
CF 30 9 2 -793.289 110
CF 30 9 3 -796.115 110
CF 30 9 4 -794.773 110
CF 30 10 0 -821.349 112
CF 30 10 1 -802.883 112
CF 30 10 2 -806.242 112
CF 30 10 3 -803.632 112
CF 30 10 4 -798.584 111
CF 30 11 0 -794.415 110
CF 30 11 1 -778.633 110
CF 30 11 2 -730.508 103
CF 30 11 3 -728.289 103
CF 30 11 4 -732.920 103
CF 30 12 0 -751.417 105
CF 30 12 1 -737.368 105
CF 30 12 2 -737.328 105
CF 30 12 3 -736.729 105
CF 30 12 4 -724.013 102
CF 30 13 0 -740.733 103
CF 30 13 1 -732.265 103
CF 30 13 2 -715.971 100
CF 30 13 3 -713.649 100
CF 30 13 4 -715.963 100
CF 30 14 0 -733.840 102
CF 30 14 1 -720.269 102
CF 30 14 2 -721.394 102
CF 30 14 3 -721.980 102
CF 30 14 4 -717.387 102
CF 30 15 0 -751.040 104
CF 30 15 1 -732.569 104
CF 30 15 2 -735.959 104
CF 30 15 3 -731.081 104
CF 30 15 4 -737.162 104
CF 30 16 0 -760.832 106
CF 30 16 1 -747.800 106
CF 30 16 2 -751.190 106
CF 30 16 3 -751.058 106
CF 30 16 4 -748.470 105
CF 30 17 0 -769.697 106
CF 30 17 1 -753.477 106
CF 30 17 2 -755.959 106
CF 30 17 3 -758.628 106
CF 30 17 4 -756.448 106
CF 30 18 0 -785.401 108
CF 30 18 1 -770.921 108
CF 30 18 2 -773.857 108
CF 30 18 3 -772.178 108
CF 30 18 4 -764.925 107
CF 30 19 0 -789.396 109
CF 30 19 1 -779.125 109
CF 30 19 2 -766.896 107
CF 30 19 3 -767.764 107
CF 30 19 4 -767.178 107
CF 30 20 0 -793.813 109
CF 30 20 1 -776.799 109
CF 30 20 2 -781.313 109
CF 30 20 3 -764.444 107
CF 30 20 4 -765.885 106
CF 30 21 0 -790.375 108
CF 30 21 1 -775.990 108
CF 30 21 2 -775.641 108
CF 30 21 3 -776.236 108
CF 30 21 4 -776.004 108
CF 30 22 0 -794.405 109
CF 30 22 1 -782.923 109
CF 30 22 2 -781.046 109
CF 30 22 3 -784.303 109
CF 30 22 4 -781.436 109
CF 30 23 0 -812.283 111
CF 30 23 1 -792.674 111
CF 30 23 2 -776.848 107
CF 30 23 3 -773.895 107
CF 30 23 4 -779.098 107
CF 30 24 0 -802.917 109
CF 30 24 1 -785.431 109
CF 30 24 2 -785.704 109
CF 30 24 3 -786.261 109
CF 30 24 4 -786.436 109
CF 30 25 0 -811.862 111
CF 30 25 1 -796.401 111
CF 30 25 2 -796.142 111
CF 30 25 3 -797.287 111
CF 30 25 4 -800.240 111
CF 30 26 0 -826.797 113
CF 30 26 1 -810.844 113
CF 30 26 2 -810.115 113
CF 30 26 3 -791.705 110
CF 30 26 4 -760.823 106
CF 30 27 0 -782.744 108
CF 30 27 1 -766.843 108
CF 30 27 2 -764.806 107
CF 30 27 3 -706.358 99
CF 30 27 4 -704.782 99
CF 30 28 0 -729.621 101
CF 30 28 1 -713.691 101
CF 30 28 2 -699.248 99
CF 30 28 3 -687.465 97
CF 30 28 4 -692.394 97
CF 30 29 0 -714.204 99
CF 30 29 1 -698.282 99
CF 30 29 2 -696.204 99
CF 30 29 3 -699.356 99
CF 30 29 4 -700.835 99
CF 30 30 0 -728.338 101
CF 30 30 1 -710.924 101
CF 30 30 2 -713.379 101
CF 30 30 3 -708.226 100
CF 30 30 4 -707.188 100
CF 30 31 0 -726.271 101
CF 30 31 1 -714.123 101
CF 30 31 2 -712.495 101
CF 30 31 3 -697.679 98
CF 30 31 4 -698.278 98
CF 30 32 0 -720.173 100
CF 30 32 1 -704.207 100
CF 30 32 2 -704.987 100
CF 30 32 3 -710.095 100
CF 30 32 4 -696.215 99
CF 30 33 0 -719.105 100
CF 30 33 1 -697.134 99
CF 30 33 2 -694.867 99
CF 30 33 3 -696.050 99
CF 30 33 4 -695.493 99
CF 30 34 0 -719.117 101
CF 30 34 1 -707.790 101
CF 30 34 2 -708.069 101
CF 30 34 3 -694.196 99
CF 30 34 4 -690.942 99
CF 30 35 0 -715.586 101
CF 30 35 1 -697.623 101
CF 30 35 2 -701.120 101
CF 30 35 3 -699.086 101
CF 30 35 4 -634.023 93
CF 30 36 0 -647.457 93
CF 30 36 1 -629.475 93
CF 30 36 2 -631.253 93
CF 30 36 3 -629.545 93
CF 30 36 4 -628.023 92
CF 30 37 0 -639.000 92
CF 30 37 1 -626.904 92
CF 30 37 2 -628.605 92
CF 30 37 3 -613.078 90
CF 30 37 4 -614.776 90
CF 30 38 0 -644.310 92
CF 30 38 1 -614.213 90
CF 30 38 2 -614.069 90
CF 30 38 3 -600.802 89
CF 30 38 4 -602.254 89
CF 30 39 0 -626.879 91
CF 30 39 1 -611.147 91
CF 30 39 2 -613.448 91
CF 30 39 3 -611.199 91
CF 30 39 4 -615.884 91
CF 30 40 0 -644.769 93
CF 30 40 1 -626.572 93
CF 30 40 2 -622.733 92
CF 30 40 3 -596.192 88
CF 30 40 4 -594.796 88
CF 30 41 0 -619.116 90
CF 30 41 1 -606.097 90
CF 30 41 2 -608.058 90
CF 30 41 3 -591.766 88
CF 30 41 4 -575.745 85
CF 30 42 0 -604.382 87
CF 30 42 1 -592.795 87
CF 30 42 2 -593.457 87
CF 30 42 3 -519.352 76
CF 30 42 4 -522.491 76
CF 30 43 0 -536.739 78
CF 30 43 1 -519.908 78
CF 30 43 2 -499.427 76
CF 30 43 3 -487.713 72
CF 30 43 4 -492.127 72
CF 30 44 0 -510.890 74
CF 30 44 1 -498.069 74
CF 30 44 2 -492.278 72
CF 30 44 3 -493.054 72
CF 30 44 4 -493.040 72
CF 30 45 0 -510.722 74
CF 30 45 1 -499.811 74
CF 30 45 2 -498.824 73
CF 30 45 3 -499.506 73
CF 30 45 4 -500.823 73
CF 30 46 0 -517.748 75
CF 30 46 1 -505.043 74
CF 30 46 2 -504.410 74
CF 30 46 3 -507.103 74
CF 30 46 4 -503.230 74
CF 30 47 0 -524.944 76
CF 30 47 1 -506.771 76
CF 30 47 2 -513.521 76
CF 30 47 3 -512.437 76
CF 30 47 4 -513.541 76
CF 30 48 0 -538.742 78
CF 30 48 1 -523.403 78
CF 30 48 2 -521.108 78
CF 30 48 3 -523.696 78
CF 30 48 4 -521.742 78
CF 30 49 0 -537.185 79
CF 30 49 1 -517.519 79
CF 30 49 2 -521.327 79
CF 30 49 3 -488.490 74
CF 30 49 4 -482.650 72
CF 30 50 0 -505.377 74
CF 30 50 1 -489.805 74
CF 30 50 2 -491.677 74
CF 30 50 3 -486.558 74
CF 30 50 4 -476.956 72
CF3 10 1 0 -754.078 103
CF3 10 1 1 -750.754 103
CF3 10 1 2 -752.572 103
CF3 10 1 3 -737.040 100
CF3 10 1 4 -737.704 100
CF3 10 2 0 -760.219 104
CF3 10 2 1 -756.257 104
CF3 10 2 2 -755.835 104
CF3 10 2 3 -737.616 100
CF3 10 2 4 -738.779 100
CF3 10 3 0 -759.990 104
CF3 10 3 1 -760.893 104
CF3 10 3 2 -748.743 102
CF3 10 3 3 -730.229 99
CF3 10 3 4 -729.319 99
CF3 10 4 0 -756.002 103
CF3 10 4 1 -753.591 103
CF3 10 4 2 -753.483 103
CF3 10 4 3 -752.588 103
CF3 10 4 4 -750.936 103
CF3 10 5 0 -779.992 107
CF3 10 5 1 -777.650 107
CF3 10 5 2 -760.155 104
CF3 10 5 3 -758.939 104
CF3 10 5 4 -762.360 104
CF3 10 6 0 -785.647 108
CF3 10 6 1 -780.984 108
CF3 10 6 2 -782.496 108
CF3 10 6 3 -763.775 104
CF3 10 6 4 -762.648 104
CF3 10 7 0 -785.864 108
CF3 10 7 1 -781.806 108
CF3 10 7 2 -782.107 108
CF3 10 7 3 -782.016 108
CF3 10 7 4 -783.018 108
CF3 10 8 0 -808.867 112
CF3 10 8 1 -804.044 112
CF3 10 8 2 -805.479 112
CF3 10 8 3 -784.953 108
CF3 10 8 4 -786.667 108
CF3 10 9 0 -808.708 112
CF3 10 9 1 -805.353 112
CF3 10 9 2 -787.097 109
CF3 10 9 3 -785.746 108
CF3 10 9 4 -785.255 108
CF3 10 10 0 -809.485 112
CF3 10 10 1 -804.268 112
CF3 10 10 2 -798.052 111
CF3 10 10 3 -779.895 107
CF3 10 10 4 -780.870 107
CF3 10 11 0 -802.349 111
CF3 10 11 1 -800.245 111
CF3 10 11 2 -792.999 110
CF3 10 11 3 -785.327 108
CF3 10 11 4 -785.777 108
CF3 10 12 0 -809.536 112
CF3 10 12 1 -805.618 112
CF3 10 12 2 -804.121 112
CF3 10 12 3 -785.065 108
CF3 10 12 4 -786.785 108
CF3 10 13 0 -810.549 112
CF3 10 13 1 -805.910 112
CF3 10 13 2 -807.684 112
CF3 10 13 3 -788.660 108
CF3 10 13 4 -788.818 108
CF3 10 14 0 -810.029 112
CF3 10 14 1 -805.360 112
CF3 10 14 2 -806.773 112
CF3 10 14 3 -785.987 108
CF3 10 14 4 -786.794 108
CF3 10 15 0 -809.753 112
CF3 10 15 1 -804.865 112
CF3 10 15 2 -800.476 111
CF3 10 15 3 -788.276 108
CF3 10 15 4 -788.054 108
CF3 10 16 0 -812.299 112
CF3 10 16 1 -808.410 112
CF3 10 16 2 -807.869 112
CF3 10 16 3 -801.320 111
CF3 10 16 4 -792.965 109
CF3 10 17 0 -817.232 113
CF3 10 17 1 -813.811 113
CF3 10 17 2 -809.570 112
CF3 10 17 3 -793.607 109
CF3 10 17 4 -794.373 109
CF3 10 18 0 -817.619 113
CF3 10 18 1 -812.608 113
CF3 10 18 2 -809.079 112
CF3 10 18 3 -795.865 109
CF3 10 18 4 -796.231 109
CF3 10 19 0 -817.469 113
CF3 10 19 1 -811.431 113
CF3 10 19 2 -812.989 113
CF3 10 19 3 -794.238 109
CF3 10 19 4 -794.282 109
CF3 10 20 0 -817.457 113
CF3 10 20 1 -814.677 113
CF3 10 20 2 -815.428 113
CF3 10 20 3 -809.472 112
CF3 10 20 4 -795.917 109
CF3 10 21 0 -817.274 113
CF3 10 21 1 -813.289 113
CF3 10 21 2 -810.301 112
CF3 10 21 3 -795.011 109
CF3 10 21 4 -796.193 109
CF3 10 22 0 -817.689 113
CF3 10 22 1 -814.200 113
CF3 10 22 2 -809.805 112
CF3 10 22 3 -795.944 109
CF3 10 22 4 -795.124 109
CF3 10 23 0 -817.922 113
CF3 10 23 1 -815.462 113
CF3 10 23 2 -814.514 113
CF3 10 23 3 -789.492 108
CF3 10 23 4 -791.223 108
CF3 10 24 0 -811.938 112
CF3 10 24 1 -807.124 112
CF3 10 24 2 -807.703 112
CF3 10 24 3 -790.301 108
CF3 10 24 4 -789.296 108
CF3 10 25 0 -812.369 112
CF3 10 25 1 -807.736 112
CF3 10 25 2 -806.471 112
CF3 10 25 3 -786.838 108
CF3 10 25 4 -787.107 108
CF3 10 26 0 -811.553 112
CF3 10 26 1 -808.401 112
CF3 10 26 2 -789.966 109
CF3 10 26 3 -789.251 108
CF3 10 26 4 -789.427 108
CF3 10 27 0 -811.237 112
CF3 10 27 1 -807.340 112
CF3 10 27 2 -806.848 112
CF3 10 27 3 -788.593 108
CF3 10 27 4 -788.814 108
CF3 10 28 0 -811.278 112
CF3 10 28 1 -807.755 112
CF3 10 28 2 -807.444 112
CF3 10 28 3 -788.684 108
CF3 10 28 4 -787.539 108
CF3 10 29 0 -811.762 112
CF3 10 29 1 -808.088 112
CF3 10 29 2 -791.806 109
CF3 10 29 3 -793.227 109
CF3 10 29 4 -793.092 109
CF3 10 30 0 -815.817 113
CF3 10 30 1 -812.828 113
CF3 10 30 2 -812.808 113
CF3 10 30 3 -793.620 109
CF3 10 30 4 -793.727 109
CF3 10 31 0 -816.063 113
CF3 10 31 1 -813.112 113
CF3 10 31 2 -812.015 113
CF3 10 31 3 -803.651 111
CF3 10 31 4 -794.148 109
CF3 10 32 0 -816.139 113
CF3 10 32 1 -811.309 113
CF3 10 32 2 -807.779 112
CF3 10 32 3 -793.253 109
CF3 10 32 4 -792.974 109
CF3 10 33 0 -815.889 113
CF3 10 33 1 -813.245 113
CF3 10 33 2 -810.121 113
CF3 10 33 3 -793.221 109
CF3 10 33 4 -791.647 109
CF3 10 34 0 -815.511 113
CF3 10 34 1 -811.681 113
CF3 10 34 2 -810.744 113
CF3 10 34 3 -793.042 109
CF3 10 34 4 -774.330 106
CF3 10 35 0 -796.673 110
CF3 10 35 1 -791.152 110
CF3 10 35 2 -788.093 109
CF3 10 35 3 -773.889 106
CF3 10 35 4 -772.918 106
CF3 10 36 0 -796.360 110
CF3 10 36 1 -793.436 110
CF3 10 36 2 -794.001 110
CF3 10 36 3 -772.974 106
CF3 10 36 4 -773.959 106
CF3 10 37 0 -796.168 110
CF3 10 37 1 -792.634 110
CF3 10 37 2 -792.442 110
CF3 10 37 3 -773.242 106
CF3 10 37 4 -773.811 106
CF3 10 38 0 -796.161 110
CF3 10 38 1 -792.861 110
CF3 10 38 2 -792.711 110
CF3 10 38 3 -773.478 106
CF3 10 38 4 -773.107 106
CF3 10 39 0 -797.253 110
CF3 10 39 1 -793.254 110
CF3 10 39 2 -792.109 110
CF3 10 39 3 -778.928 107
CF3 10 39 4 -779.677 107
CF3 10 40 0 -801.513 111
CF3 10 40 1 -798.375 111
CF3 10 40 2 -797.721 111
CF3 10 40 3 -778.797 107
CF3 10 40 4 -778.049 107
CF3 10 41 0 -801.015 111
CF3 10 41 1 -797.782 111
CF3 10 41 2 -796.659 111
CF3 10 41 3 -779.015 107
CF3 10 41 4 -778.980 107
CF3 10 42 0 -801.087 111
CF3 10 42 1 -795.543 111
CF3 10 42 2 -796.164 111
CF3 10 42 3 -779.049 107
CF3 10 42 4 -778.961 107
CF3 10 43 0 -801.153 111
CF3 10 43 1 -798.340 111
CF3 10 43 2 -782.802 108
CF3 10 43 3 -782.753 108
CF3 10 43 4 -782.818 108
CF3 10 44 0 -805.393 112
CF3 10 44 1 -802.346 112
CF3 10 44 2 -798.877 111
CF3 10 44 3 -783.729 108
CF3 10 44 4 -783.726 108
CF3 10 45 0 -804.965 112
CF3 10 45 1 -803.815 112
CF3 10 45 2 -800.073 112
CF3 10 45 3 -783.462 108
CF3 10 45 4 -783.225 108
CF3 10 46 0 -806.054 112
CF3 10 46 1 -801.597 112
CF3 10 46 2 -802.796 112
CF3 10 46 3 -782.637 108
CF3 10 46 4 -781.440 108
CF3 10 47 0 -805.421 112
CF3 10 47 1 -800.403 112
CF3 10 47 2 -801.250 112
CF3 10 47 3 -782.376 108
CF3 10 47 4 -782.196 108
CF3 10 48 0 -805.594 112
CF3 10 48 1 -800.276 112
CF3 10 48 2 -800.740 112
CF3 10 48 3 -782.591 108
CF3 10 48 4 -781.491 108
CF3 10 49 0 -805.330 112
CF3 10 49 1 -803.334 112
CF3 10 49 2 -804.361 112
CF3 10 49 3 -779.280 107
CF3 10 49 4 -779.389 107
CF3 10 50 0 -802.328 111
CF3 10 50 1 -798.594 111
CF3 10 50 2 -798.928 111
CF3 10 50 3 -779.575 107
CF3 10 50 4 -779.608 107
CF3 30 1 0 -754.077 103
CF3 30 1 1 -741.730 103
CF3 30 1 2 -739.041 101
CF3 30 1 3 -721.713 99
CF3 30 1 4 -722.248 99
CF3 30 2 0 -758.919 103
CF3 30 2 1 -747.854 103
CF3 30 2 2 -744.054 102
CF3 30 2 3 -734.096 100
CF3 30 2 4 -734.027 100
CF3 30 3 0 -764.000 104
CF3 30 3 1 -748.715 104
CF3 30 3 2 -750.242 104
CF3 30 3 3 -730.618 101
CF3 30 3 4 -725.039 99
CF3 30 4 0 -757.631 103
CF3 30 4 1 -740.890 103
CF3 30 4 2 -740.496 103
CF3 30 4 3 -739.434 103
CF3 30 4 4 -740.040 103
CF3 30 5 0 -776.458 107
CF3 30 5 1 -762.278 107
CF3 30 5 2 -764.200 107
CF3 30 5 3 -745.990 103
CF3 30 5 4 -745.811 103
CF3 30 6 0 -777.484 107
CF3 30 6 1 -764.843 107
CF3 30 6 2 -767.802 107
CF3 30 6 3 -753.755 105
CF3 30 6 4 -753.538 105
CF3 30 7 0 -792.085 109
CF3 30 7 1 -777.204 109
CF3 30 7 2 -777.120 109
CF3 30 7 3 -776.772 109
CF3 30 7 4 -779.109 109
CF3 30 8 0 -816.364 113
CF3 30 8 1 -800.269 113
CF3 30 8 2 -802.567 113
CF3 30 8 3 -801.358 113
CF3 30 8 4 -800.965 113
CF3 30 9 0 -836.094 117
CF3 30 9 1 -820.029 117
CF3 30 9 2 -821.043 117
CF3 30 9 3 -787.720 111
CF3 30 9 4 -775.907 109
CF3 30 10 0 -809.755 113
CF3 30 10 1 -792.874 113
CF3 30 10 2 -779.849 111
CF3 30 10 3 -779.167 110
CF3 30 10 4 -778.836 110
CF3 30 11 0 -816.643 114
CF3 30 11 1 -798.505 114
CF3 30 11 2 -798.791 114
CF3 30 11 3 -801.265 114
CF3 30 11 4 -787.265 111
CF3 30 12 0 -793.286 111
CF3 30 12 1 -778.092 111
CF3 30 12 2 -776.828 111
CF3 30 12 3 -764.998 108
CF3 30 12 4 -741.080 103
CF3 30 13 0 -769.865 107
CF3 30 13 1 -762.826 107
CF3 30 13 2 -743.742 103
CF3 30 13 3 -744.691 103
CF3 30 13 4 -745.994 103
CF3 30 14 0 -770.813 107
CF3 30 14 1 -755.400 107
CF3 30 14 2 -756.312 107
CF3 30 14 3 -715.865 102
CF3 30 14 4 -718.193 102
CF3 30 15 0 -751.823 106
CF3 30 15 1 -736.085 106
CF3 30 15 2 -735.433 106
CF3 30 15 3 -723.469 103
CF3 30 15 4 -722.444 103
CF3 30 16 0 -754.708 107
CF3 30 16 1 -736.141 107
CF3 30 16 2 -742.922 107
CF3 30 16 3 -721.055 103
CF3 30 16 4 -717.068 103
CF3 30 17 0 -752.625 107
CF3 30 17 1 -736.909 107
CF3 30 17 2 -739.302 107
CF3 30 17 3 -695.591 99
CF3 30 17 4 -687.236 98
CF3 30 18 0 -717.950 102
CF3 30 18 1 -702.945 102
CF3 30 18 2 -680.278 99
CF3 30 18 3 -651.689 92
CF3 30 18 4 -650.600 92
CF3 30 19 0 -679.662 96
CF3 30 19 1 -666.737 96
CF3 30 19 2 -665.388 96
CF3 30 19 3 -649.860 92
CF3 30 19 4 -649.355 92
CF3 30 20 0 -685.074 96
CF3 30 20 1 -676.370 96
CF3 30 20 2 -657.901 94
CF3 30 20 3 -657.892 92
CF3 30 20 4 -656.808 92
CF3 30 21 0 -685.242 96
CF3 30 21 1 -672.093 96
CF3 30 21 2 -670.386 96
CF3 30 21 3 -655.501 92
CF3 30 21 4 -654.259 92
CF3 30 22 0 -684.874 96
CF3 30 22 1 -669.372 96
CF3 30 22 2 -669.424 96
CF3 30 22 3 -653.750 92
CF3 30 22 4 -653.012 92
CF3 30 23 0 -687.620 96
CF3 30 23 1 -674.561 96
CF3 30 23 2 -674.726 96
CF3 30 23 3 -662.326 93
CF3 30 23 4 -634.689 88
CF3 30 24 0 -662.780 92
CF3 30 24 1 -647.711 92
CF3 30 24 2 -650.085 92
CF3 30 24 3 -635.207 89
CF3 30 24 4 -634.566 89
CF3 30 25 0 -667.884 93
CF3 30 25 1 -650.681 93
CF3 30 25 2 -651.243 93
CF3 30 25 3 -641.955 90
CF3 30 25 4 -631.848 89
CF3 30 26 0 -664.552 93
CF3 30 26 1 -647.540 93
CF3 30 26 2 -649.292 93
CF3 30 26 3 -635.147 90
CF3 30 26 4 -637.042 90
CF3 30 27 0 -670.618 94
CF3 30 27 1 -651.786 94
CF3 30 27 2 -641.404 92
CF3 30 27 3 -629.974 90
CF3 30 27 4 -631.640 90
CF3 30 28 0 -664.064 94
CF3 30 28 1 -649.887 94
CF3 30 28 2 -649.830 94
CF3 30 28 3 -634.949 90
CF3 30 28 4 -631.980 90
CF3 30 29 0 -664.429 94
CF3 30 29 1 -645.829 94
CF3 30 29 2 -648.589 94
CF3 30 29 3 -633.641 91
CF3 30 29 4 -634.022 91
CF3 30 30 0 -667.604 95
CF3 30 30 1 -661.532 95
CF3 30 30 2 -660.041 95
CF3 30 30 3 -642.253 91
CF3 30 30 4 -642.184 91
CF3 30 31 0 -668.197 95
CF3 30 31 1 -651.589 95
CF3 30 31 2 -653.500 95
CF3 30 31 3 -638.405 92
CF3 30 31 4 -639.240 92
CF3 30 32 0 -668.751 96
CF3 30 32 1 -655.476 96
CF3 30 32 2 -655.313 96
CF3 30 32 3 -638.176 92
CF3 30 32 4 -638.937 92
CF3 30 33 0 -669.386 96
CF3 30 33 1 -655.616 96
CF3 30 33 2 -639.236 93
CF3 30 33 3 -639.458 92
CF3 30 33 4 -636.679 92
CF3 30 34 0 -667.682 96
CF3 30 34 1 -654.118 96
CF3 30 34 2 -644.190 93
CF3 30 34 3 -641.133 92
CF3 30 34 4 -642.057 92
CF3 30 35 0 -669.162 96
CF3 30 35 1 -653.370 96
CF3 30 35 2 -657.252 96
CF3 30 35 3 -612.840 88
CF3 30 35 4 -614.434 88
CF3 30 36 0 -645.207 92
CF3 30 36 1 -631.295 92
CF3 30 36 2 -615.093 89
CF3 30 36 3 -615.142 88
CF3 30 36 4 -615.230 88
CF3 30 37 0 -645.309 92
CF3 30 37 1 -633.546 92
CF3 30 37 2 -621.738 90
CF3 30 37 3 -587.552 83
CF3 30 37 4 -586.456 83
CF3 30 38 0 -615.234 87
CF3 30 38 1 -604.351 87
CF3 30 38 2 -608.767 87
CF3 30 38 3 -563.138 79
CF3 30 38 4 -563.140 79
CF3 30 39 0 -591.016 83
CF3 30 39 1 -575.979 83
CF3 30 39 2 -577.796 83
CF3 30 39 3 -564.110 80
CF3 30 39 4 -562.464 80
CF3 30 40 0 -596.525 84
CF3 30 40 1 -580.667 84
CF3 30 40 2 -579.547 84
CF3 30 40 3 -566.902 81
CF3 30 40 4 -568.208 81
CF3 30 41 0 -600.318 85
CF3 30 41 1 -586.113 85
CF3 30 41 2 -574.834 83
CF3 30 41 3 -566.871 81
CF3 30 41 4 -567.331 81
CF3 30 42 0 -600.835 85
CF3 30 42 1 -586.373 85
CF3 30 42 2 -584.885 85
CF3 30 42 3 -574.062 82
CF3 30 42 4 -572.590 82
CF3 30 43 0 -603.512 86
CF3 30 43 1 -588.411 86
CF3 30 43 2 -571.017 83
CF3 30 43 3 -573.015 82
CF3 30 43 4 -573.268 82
CF3 30 44 0 -603.056 86
CF3 30 44 1 -588.154 86
CF3 30 44 2 -590.053 86
CF3 30 44 3 -576.491 83
CF3 30 44 4 -577.565 83
CF3 30 45 0 -608.484 87
CF3 30 45 1 -597.018 87
CF3 30 45 2 -598.515 87
CF3 30 45 3 -581.933 83
CF3 30 45 4 -577.621 83
CF3 30 46 0 -608.368 87
CF3 30 46 1 -592.128 87
CF3 30 46 2 -594.993 87
CF3 30 46 3 -581.554 84
CF3 30 46 4 -564.750 82
CF3 30 47 0 -601.780 86
CF3 30 47 1 -583.143 86
CF3 30 47 2 -586.011 86
CF3 30 47 3 -574.346 85
CF3 30 47 4 -576.744 85
CF3 30 48 0 -609.679 89
CF3 30 48 1 -592.777 89
CF3 30 48 2 -593.915 89
CF3 30 48 3 -587.095 87
CF3 30 48 4 -579.941 85
CF3 30 49 0 -611.995 89
CF3 30 49 1 -576.462 87
CF3 30 49 2 -569.655 86
CF3 30 49 3 -563.867 84
CF3 30 49 4 -561.138 84
CF3 30 50 0 -589.277 87
CF3 30 50 1 -564.300 86
CF3 30 50 2 -568.043 86
CF3 30 50 3 -556.660 84
CF3 30 50 4 -555.138 84
CH2F 10 1 0 -753.169 103
CH2F 10 1 1 -753.811 103
CH2F 10 1 2 -756.743 103
CH2F 10 1 3 -737.125 100
CH2F 10 1 4 -738.493 100
CH2F 10 2 0 -763.519 104
CH2F 10 2 1 -758.030 104
CH2F 10 2 2 -758.603 104
CH2F 10 2 3 -760.894 104
CH2F 10 2 4 -761.353 104
CH2F 10 3 0 -787.084 108
CH2F 10 3 1 -781.863 108
CH2F 10 3 2 -780.450 108
CH2F 10 3 3 -783.406 108
CH2F 10 3 4 -784.235 108
CH2F 10 4 0 -807.359 112
CH2F 10 4 1 -803.485 112
CH2F 10 4 2 -808.217 112
CH2F 10 4 3 -807.237 112
CH2F 10 4 4 -807.571 112
CH2F 10 5 0 -832.328 116
CH2F 10 5 1 -827.976 116
CH2F 10 5 2 -828.998 116
CH2F 10 5 3 -810.369 112
CH2F 10 5 4 -798.600 110
CH2F 10 6 0 -819.869 114
CH2F 10 6 1 -813.897 114
CH2F 10 6 2 -813.060 114
CH2F 10 6 3 -814.480 114
CH2F 10 6 4 -812.628 114
CH2F 10 7 0 -837.853 118
CH2F 10 7 1 -833.445 118
CH2F 10 7 2 -816.155 114
CH2F 10 7 3 -814.994 114
CH2F 10 7 4 -815.973 114
CH2F 10 8 0 -838.767 118
CH2F 10 8 1 -832.646 118
CH2F 10 8 2 -835.327 118
CH2F 10 8 3 -833.113 118
CH2F 10 8 4 -833.371 118
CH2F 10 9 0 -858.501 122
CH2F 10 9 1 -853.810 122
CH2F 10 9 2 -856.351 122
CH2F 10 9 3 -855.507 122
CH2F 10 9 4 -856.863 122
CH2F 10 10 0 -880.822 126
CH2F 10 10 1 -876.781 126
CH2F 10 10 2 -876.925 126
CH2F 10 10 3 -878.459 126
CH2F 10 10 4 -876.608 126
CH2F 10 11 0 -903.829 130
CH2F 10 11 1 -899.541 130
CH2F 10 11 2 -880.530 126
CH2F 10 11 3 -881.277 126
CH2F 10 11 4 -880.596 126
CH2F 10 12 0 -902.502 130
CH2F 10 12 1 -896.778 130
CH2F 10 12 2 -890.125 129
CH2F 10 12 3 -883.347 127
CH2F 10 12 4 -883.621 127
CH2F 10 13 0 -907.412 131
CH2F 10 13 1 -907.450 131
CH2F 10 13 2 -888.424 127
CH2F 10 13 3 -887.734 127
CH2F 10 13 4 -887.805 127
CH2F 10 14 0 -906.777 131
CH2F 10 14 1 -903.768 131
CH2F 10 14 2 -886.098 127
CH2F 10 14 3 -885.699 127
CH2F 10 14 4 -887.398 127
CH2F 10 15 0 -907.523 131
CH2F 10 15 1 -903.567 131
CH2F 10 15 2 -902.395 131
CH2F 10 15 3 -903.142 131
CH2F 10 15 4 -903.408 131
CH2F 10 16 0 -927.432 135
CH2F 10 16 1 -923.233 135
CH2F 10 16 2 -906.653 131
CH2F 10 16 3 -906.289 131
CH2F 10 16 4 -905.942 131
CH2F 10 17 0 -929.752 135
CH2F 10 17 1 -922.028 135
CH2F 10 17 2 -925.420 135
CH2F 10 17 3 -902.137 130
CH2F 10 17 4 -900.933 130
CH2F 10 18 0 -923.320 134
CH2F 10 18 1 -921.344 134
CH2F 10 18 2 -898.707 129
CH2F 10 18 3 -898.702 129
CH2F 10 18 4 -899.627 129
CH2F 10 19 0 -921.894 133
CH2F 10 19 1 -920.121 133
CH2F 10 19 2 -899.124 129
CH2F 10 19 3 -902.199 129
CH2F 10 19 4 -899.557 129
CH2F 10 20 0 -922.327 133
CH2F 10 20 1 -920.868 133
CH2F 10 20 2 -899.828 129
CH2F 10 20 3 -898.974 129
CH2F 10 20 4 -900.330 129
CH2F 10 21 0 -921.650 133
CH2F 10 21 1 -917.700 133
CH2F 10 21 2 -905.436 131
CH2F 10 21 3 -866.724 123
CH2F 10 21 4 -866.305 123
CH2F 10 22 0 -889.266 127
CH2F 10 22 1 -882.762 127
CH2F 10 22 2 -865.899 123
CH2F 10 22 3 -865.427 123
CH2F 10 22 4 -865.872 123
CH2F 10 23 0 -886.804 127
CH2F 10 23 1 -885.679 127
CH2F 10 23 2 -868.418 123
CH2F 10 23 3 -867.486 123
CH2F 10 23 4 -869.667 123
CH2F 10 24 0 -888.535 127
CH2F 10 24 1 -886.144 127
CH2F 10 24 2 -869.222 125
CH2F 10 24 3 -868.633 125
CH2F 10 24 4 -867.841 125
CH2F 10 25 0 -895.308 129
CH2F 10 25 1 -886.373 129
CH2F 10 25 2 -890.069 129
CH2F 10 25 3 -888.390 129
CH2F 10 25 4 -888.196 129
CH2F 10 26 0 -911.085 133
CH2F 10 26 1 -906.585 133
CH2F 10 26 2 -907.512 133
CH2F 10 26 3 -887.990 129
CH2F 10 26 4 -890.454 129
CH2F 10 27 0 -911.812 133
CH2F 10 27 1 -907.552 133
CH2F 10 27 2 -889.117 129
CH2F 10 27 3 -890.487 129
CH2F 10 27 4 -888.759 129
CH2F 10 28 0 -911.543 133
CH2F 10 28 1 -906.413 133
CH2F 10 28 2 -888.868 129
CH2F 10 28 3 -889.105 129
CH2F 10 28 4 -890.401 129
CH2F 10 29 0 -910.906 133
CH2F 10 29 1 -906.134 133
CH2F 10 29 2 -901.201 132
CH2F 10 29 3 -902.821 132
CH2F 10 29 4 -902.605 132
CH2F 10 30 0 -906.637 132
CH2F 10 30 1 -905.260 132
CH2F 10 30 2 -888.586 128
CH2F 10 30 3 -888.146 128
CH2F 10 30 4 -888.032 128
CH2F 10 31 0 -907.875 132
CH2F 10 31 1 -906.557 132
CH2F 10 31 2 -906.829 132
CH2F 10 31 3 -886.796 128
CH2F 10 31 4 -887.396 128
CH2F 10 32 0 -906.012 132
CH2F 10 32 1 -904.126 132
CH2F 10 32 2 -882.832 128
CH2F 10 32 3 -882.537 128
CH2F 10 32 4 -882.981 128
CH2F 10 33 0 -907.382 132
CH2F 10 33 1 -901.424 132
CH2F 10 33 2 -903.805 132
CH2F 10 33 3 -903.540 132
CH2F 10 33 4 -902.410 132
CH2F 10 34 0 -928.202 136
CH2F 10 34 1 -923.340 136
CH2F 10 34 2 -924.451 136
CH2F 10 34 3 -915.583 134
CH2F 10 34 4 -915.371 134
CH2F 10 35 0 -940.187 138
CH2F 10 35 1 -935.964 138
CH2F 10 35 2 -917.282 134
CH2F 10 35 3 -916.770 134
CH2F 10 35 4 -918.715 134
CH2F 10 36 0 -938.247 138
CH2F 10 36 1 -937.032 138
CH2F 10 36 2 -935.765 138
CH2F 10 36 3 -937.028 138
CH2F 10 36 4 -938.418 138
CH2F 10 37 0 -961.646 142
CH2F 10 37 1 -957.420 142
CH2F 10 37 2 -938.609 138
CH2F 10 37 3 -939.601 138
CH2F 10 37 4 -939.038 138
CH2F 10 38 0 -961.249 142
CH2F 10 38 1 -956.574 142
CH2F 10 38 2 -938.962 138
CH2F 10 38 3 -938.881 138
CH2F 10 38 4 -938.276 138
CH2F 10 39 0 -961.872 142
CH2F 10 39 1 -958.026 142
CH2F 10 39 2 -957.530 142
CH2F 10 39 3 -938.868 138
CH2F 10 39 4 -938.014 138
CH2F 10 40 0 -960.741 142
CH2F 10 40 1 -955.774 142
CH2F 10 40 2 -937.261 139
CH2F 10 40 3 -937.905 139
CH2F 10 40 4 -941.201 139
CH2F 10 41 0 -965.489 143
CH2F 10 41 1 -961.743 143
CH2F 10 41 2 -961.068 143
CH2F 10 41 3 -960.198 143
CH2F 10 41 4 -952.113 141
CH2F 10 42 0 -976.009 145
CH2F 10 42 1 -973.091 145
CH2F 10 42 2 -954.842 141
CH2F 10 42 3 -953.666 141
CH2F 10 42 4 -953.319 141
CH2F 10 43 0 -974.629 145
CH2F 10 43 1 -972.016 145
CH2F 10 43 2 -953.742 142
CH2F 10 43 3 -952.164 141
CH2F 10 43 4 -953.610 141
CH2F 10 44 0 -975.082 145
CH2F 10 44 1 -970.336 145
CH2F 10 44 2 -955.965 142
CH2F 10 44 3 -942.675 140
CH2F 10 44 4 -942.897 140
CH2F 10 45 0 -964.895 144
CH2F 10 45 1 -964.551 144
CH2F 10 45 2 -944.692 140
CH2F 10 45 3 -941.503 139
CH2F 10 45 4 -939.533 139
CH2F 10 46 0 -962.393 143
CH2F 10 46 1 -957.397 143
CH2F 10 46 2 -959.057 143
CH2F 10 46 3 -910.371 134
CH2F 10 46 4 -901.761 131
CH2F 10 47 0 -922.007 135
CH2F 10 47 1 -917.169 135
CH2F 10 47 2 -899.372 131
CH2F 10 47 3 -900.610 131
CH2F 10 47 4 -900.822 131
CH2F 10 48 0 -922.518 135
CH2F 10 48 1 -916.239 135
CH2F 10 48 2 -919.455 135
CH2F 10 48 3 -877.762 127
CH2F 10 48 4 -880.090 127
CH2F 10 49 0 -900.502 131
CH2F 10 49 1 -897.654 131
CH2F 10 49 2 -891.748 130
CH2F 10 49 3 -863.185 124
CH2F 10 49 4 -864.292 124
CH2F 10 50 0 -886.101 128
CH2F 10 50 1 -880.755 128
CH2F 10 50 2 -877.923 127
CH2F 10 50 3 -859.372 123
CH2F 10 50 4 -860.390 123
CH2F 30 1 0 -753.172 103
CH2F 30 1 1 -736.310 103
CH2F 30 1 2 -726.210 101
CH2F 30 1 3 -726.377 101
CH2F 30 1 4 -728.481 101
CH2F 30 2 0 -768.254 105
CH2F 30 2 1 -762.221 105
CH2F 30 2 2 -745.250 101
CH2F 30 2 3 -745.653 101
CH2F 30 2 4 -745.522 101
CH2F 30 3 0 -767.657 105
CH2F 30 3 1 -753.254 105
CH2F 30 3 2 -750.817 105
CH2F 30 3 3 -754.820 105
CH2F 30 3 4 -752.910 105
CH2F 30 4 0 -788.518 109
CH2F 30 4 1 -773.623 109
CH2F 30 4 2 -760.436 105
CH2F 30 4 3 -761.316 105
CH2F 30 4 4 -762.073 105
CH2F 30 5 0 -792.274 109
CH2F 30 5 1 -776.362 109
CH2F 30 5 2 -768.866 106
CH2F 30 5 3 -768.519 106
CH2F 30 5 4 -769.069 106
CH2F 30 6 0 -796.531 110
CH2F 30 6 1 -782.766 110
CH2F 30 6 2 -781.334 110
CH2F 30 6 3 -781.814 110
CH2F 30 6 4 -785.723 110
CH2F 30 7 0 -818.990 114
CH2F 30 7 1 -803.934 114
CH2F 30 7 2 -802.501 114
CH2F 30 7 3 -802.615 114
CH2F 30 7 4 -807.124 114
CH2F 30 8 0 -843.407 118
CH2F 30 8 1 -827.290 118
CH2F 30 8 2 -827.372 118
CH2F 30 8 3 -823.887 116
CH2F 30 8 4 -823.694 116
CH2F 30 9 0 -855.352 120
CH2F 30 9 1 -842.733 120
CH2F 30 9 2 -825.525 116
CH2F 30 9 3 -817.512 114
CH2F 30 9 4 -818.034 114
CH2F 30 10 0 -846.519 118
CH2F 30 10 1 -823.197 118
CH2F 30 10 2 -829.944 118
CH2F 30 10 3 -830.132 118
CH2F 30 10 4 -831.518 118
CH2F 30 11 0 -867.211 122
CH2F 30 11 1 -845.429 120
CH2F 30 11 2 -830.485 117
CH2F 30 11 3 -831.893 117
CH2F 30 11 4 -831.344 117
CH2F 30 12 0 -858.530 121
CH2F 30 12 1 -839.521 121
CH2F 30 12 2 -843.769 121
CH2F 30 12 3 -842.962 121
CH2F 30 12 4 -845.969 121
CH2F 30 13 0 -882.341 125
CH2F 30 13 1 -865.937 125
CH2F 30 13 2 -861.799 123
CH2F 30 13 3 -861.948 123
CH2F 30 13 4 -864.305 123
CH2F 30 14 0 -893.198 127
CH2F 30 14 1 -880.391 127
CH2F 30 14 2 -880.989 127
CH2F 30 14 3 -876.308 127
CH2F 30 14 4 -863.639 124
CH2F 30 15 0 -897.477 128
CH2F 30 15 1 -874.925 128
CH2F 30 15 2 -876.718 128
CH2F 30 15 3 -876.117 128
CH2F 30 15 4 -877.179 128
CH2F 30 16 0 -913.457 132
CH2F 30 16 1 -901.456 132
CH2F 30 16 2 -899.446 132
CH2F 30 16 3 -903.730 132
CH2F 30 16 4 -900.143 132
CH2F 30 17 0 -936.230 136
CH2F 30 17 1 -916.276 136
CH2F 30 17 2 -897.659 132
CH2F 30 17 3 -902.346 132
CH2F 30 17 4 -866.453 126
CH2F 30 18 0 -901.510 130
CH2F 30 18 1 -883.729 130
CH2F 30 18 2 -886.537 130
CH2F 30 18 3 -884.612 129
CH2F 30 18 4 -881.119 129
CH2F 30 19 0 -917.675 133
CH2F 30 19 1 -901.160 133
CH2F 30 19 2 -901.378 133
CH2F 30 19 3 -900.627 133
CH2F 30 19 4 -887.528 130
CH2F 30 20 0 -926.701 134
CH2F 30 20 1 -919.796 134
CH2F 30 20 2 -906.131 130
CH2F 30 20 3 -905.455 130
CH2F 30 20 4 -905.870 130
CH2F 30 21 0 -929.791 134
CH2F 30 21 1 -909.503 134
CH2F 30 21 2 -898.028 131
CH2F 30 21 3 -885.049 129
CH2F 30 21 4 -872.231 127
CH2F 30 22 0 -905.878 131
CH2F 30 22 1 -888.400 131
CH2F 30 22 2 -891.601 131
CH2F 30 22 3 -890.680 131
CH2F 30 22 4 -883.507 129
CH2F 30 23 0 -915.248 133
CH2F 30 23 1 -903.191 132
CH2F 30 23 2 -896.990 129
CH2F 30 23 3 -889.501 128
CH2F 30 23 4 -889.998 128
CH2F 30 24 0 -908.024 131
CH2F 30 24 1 -892.103 131
CH2F 30 24 2 -890.033 131
CH2F 30 24 3 -885.905 130
CH2F 30 24 4 -879.017 128
CH2F 30 25 0 -912.906 132
CH2F 30 25 1 -898.042 132
CH2F 30 25 2 -897.115 132
CH2F 30 25 3 -899.860 132
CH2F 30 25 4 -886.575 130
CH2F 30 26 0 -915.296 133
CH2F 30 26 1 -902.001 133
CH2F 30 26 2 -885.582 130
CH2F 30 26 3 -871.786 127
CH2F 30 26 4 -849.323 124
CH2F 30 27 0 -863.107 125
CH2F 30 27 1 -849.677 125
CH2F 30 27 2 -846.956 125
CH2F 30 27 3 -847.302 125
CH2F 30 27 4 -849.549 125
CH2F 30 28 0 -887.295 129
CH2F 30 28 1 -871.108 129
CH2F 30 28 2 -876.069 129
CH2F 30 28 3 -874.731 129
CH2F 30 28 4 -866.364 127
CH2F 30 29 0 -902.554 131
CH2F 30 29 1 -888.691 131
CH2F 30 29 2 -885.509 131
CH2F 30 29 3 -879.344 129
CH2F 30 29 4 -816.261 117
CH2F 30 30 0 -847.528 120
CH2F 30 30 1 -835.398 120
CH2F 30 30 2 -827.346 118
CH2F 30 30 3 -825.977 118
CH2F 30 30 4 -826.719 118
CH2F 30 31 0 -858.782 122
CH2F 30 31 1 -845.070 122
CH2F 30 31 2 -846.908 122
CH2F 30 31 3 -806.338 116
CH2F 30 31 4 -783.575 111
CH2F 30 32 0 -808.880 115
CH2F 30 32 1 -795.838 115
CH2F 30 32 2 -774.922 112
CH2F 30 32 3 -766.167 110
CH2F 30 32 4 -764.394 110
CH2F 30 33 0 -791.946 113
CH2F 30 33 1 -774.347 113
CH2F 30 33 2 -761.296 111
CH2F 30 33 3 -765.628 111
CH2F 30 33 4 -764.523 111
CH2F 30 34 0 -798.543 115
CH2F 30 34 1 -785.008 115
CH2F 30 34 2 -757.663 110
CH2F 30 34 3 -761.350 110
CH2F 30 34 4 -758.508 110
CH2F 30 35 0 -787.623 114
CH2F 30 35 1 -777.392 114
CH2F 30 35 2 -774.670 113
CH2F 30 35 3 -773.876 113
CH2F 30 35 4 -765.969 111
CH2F 30 36 0 -789.412 114
CH2F 30 36 1 -767.303 114
CH2F 30 36 2 -770.874 114
CH2F 30 36 3 -761.638 112
CH2F 30 36 4 -750.307 111
CH2F 30 37 0 -782.725 115
CH2F 30 37 1 -764.221 115
CH2F 30 37 2 -750.424 112
CH2F 30 37 3 -687.846 100
CH2F 30 37 4 -672.056 97
CH2F 30 38 0 -698.327 101
CH2F 30 38 1 -678.081 101
CH2F 30 38 2 -683.382 101
CH2F 30 38 3 -684.652 101
CH2F 30 38 4 -685.245 101
CH2F 30 39 0 -720.509 105
CH2F 30 39 1 -701.937 105
CH2F 30 39 2 -700.801 105
CH2F 30 39 3 -662.858 98
CH2F 30 39 4 -663.952 98
CH2F 30 40 0 -699.632 102
CH2F 30 40 1 -679.870 102
CH2F 30 40 2 -684.166 102
CH2F 30 40 3 -684.538 102
CH2F 30 40 4 -685.365 102
CH2F 30 41 0 -718.281 106
CH2F 30 41 1 -703.318 106
CH2F 30 41 2 -703.728 106
CH2F 30 41 3 -703.805 106
CH2F 30 41 4 -703.446 106
CH2F 30 42 0 -739.396 110
CH2F 30 42 1 -723.886 110
CH2F 30 42 2 -726.377 110
CH2F 30 42 3 -724.179 110
CH2F 30 42 4 -723.808 109
CH2F 30 43 0 -757.685 113
CH2F 30 43 1 -741.455 113
CH2F 30 43 2 -745.355 113
CH2F 30 43 3 -738.501 113
CH2F 30 43 4 -736.559 113
CH2F 30 44 0 -777.891 117
CH2F 30 44 1 -757.495 117
CH2F 30 44 2 -760.700 117
CH2F 30 44 3 -728.012 112
CH2F 30 44 4 -723.233 110
CH2F 30 45 0 -750.849 112
CH2F 30 45 1 -746.256 112
CH2F 30 45 2 -729.032 108
CH2F 30 45 3 -730.799 108
CH2F 30 45 4 -731.124 108
CH2F 30 46 0 -750.603 112
CH2F 30 46 1 -735.357 112
CH2F 30 46 2 -733.163 112
CH2F 30 46 3 -734.137 112
CH2F 30 46 4 -734.811 112
CH2F 30 47 0 -770.703 116
CH2F 30 47 1 -754.475 116
CH2F 30 47 2 -754.522 116
CH2F 30 47 3 -751.454 116
CH2F 30 47 4 -749.106 116
CH2F 30 48 0 -787.478 120
CH2F 30 48 1 -771.512 120
CH2F 30 48 2 -775.487 120
CH2F 30 48 3 -755.226 117
CH2F 30 48 4 -753.812 117
CH2F 30 49 0 -792.899 121
CH2F 30 49 1 -772.407 121
CH2F 30 49 2 -777.808 121
CH2F 30 49 3 -777.098 121
CH2F 30 49 4 -775.968 121
CH2F 30 50 0 -808.716 125
CH2F 30 50 1 -799.090 125
CH2F 30 50 2 -800.339 125
CH2F 30 50 3 -787.752 123
CH2F 30 50 4 -792.097 123
CHF2 10 1 0 -753.613 103
CHF2 10 1 1 -750.076 103
CHF2 10 1 2 -739.977 100
CHF2 10 1 3 -741.658 100
CHF2 10 1 4 -742.186 100
CHF2 10 2 0 -764.800 104
CHF2 10 2 1 -762.169 104
CHF2 10 2 2 -762.950 104
CHF2 10 2 3 -744.138 100
CHF2 10 2 4 -744.245 100
CHF2 10 3 0 -765.323 104
CHF2 10 3 1 -762.801 104
CHF2 10 3 2 -764.166 104
CHF2 10 3 3 -764.838 104
CHF2 10 3 4 -764.265 104
CHF2 10 4 0 -793.090 108
CHF2 10 4 1 -791.106 108
CHF2 10 4 2 -766.446 103
CHF2 10 4 3 -766.317 103
CHF2 10 4 4 -766.025 103
CHF2 10 5 0 -788.107 107
CHF2 10 5 1 -784.026 107
CHF2 10 5 2 -786.862 107
CHF2 10 5 3 -787.602 107
CHF2 10 5 4 -786.782 107
CHF2 10 6 0 -812.474 111
CHF2 10 6 1 -808.854 111
CHF2 10 6 2 -804.127 110
CHF2 10 6 3 -791.059 107
CHF2 10 6 4 -790.785 107
CHF2 10 7 0 -811.819 111
CHF2 10 7 1 -804.869 111
CHF2 10 7 2 -805.662 111
CHF2 10 7 3 -806.115 111
CHF2 10 7 4 -807.767 111
CHF2 10 8 0 -832.800 115
CHF2 10 8 1 -828.605 115
CHF2 10 8 2 -830.677 115
CHF2 10 8 3 -831.191 115
CHF2 10 8 4 -831.263 115
CHF2 10 9 0 -857.375 119
CHF2 10 9 1 -852.636 119
CHF2 10 9 2 -829.086 114
CHF2 10 9 3 -828.130 114
CHF2 10 9 4 -828.332 114
CHF2 10 10 0 -850.353 118
CHF2 10 10 1 -847.651 118
CHF2 10 10 2 -843.325 117
CHF2 10 10 3 -812.470 111
CHF2 10 10 4 -811.304 111
CHF2 10 11 0 -833.205 115
CHF2 10 11 1 -829.977 115
CHF2 10 11 2 -829.692 115
CHF2 10 11 3 -806.183 110
CHF2 10 11 4 -805.994 110
CHF2 10 12 0 -827.778 114
CHF2 10 12 1 -823.338 114
CHF2 10 12 2 -805.258 110
CHF2 10 12 3 -803.735 110
CHF2 10 12 4 -805.646 110
CHF2 10 13 0 -828.117 114
CHF2 10 13 1 -826.210 114
CHF2 10 13 2 -825.723 114
CHF2 10 13 3 -807.209 110
CHF2 10 13 4 -807.768 110
CHF2 10 14 0 -827.871 114
CHF2 10 14 1 -819.131 114
CHF2 10 14 2 -822.051 114
CHF2 10 14 3 -821.896 114
CHF2 10 14 4 -824.148 114
CHF2 10 15 0 -848.215 118
CHF2 10 15 1 -843.383 118
CHF2 10 15 2 -825.242 114
CHF2 10 15 3 -827.055 114
CHF2 10 15 4 -827.154 114
CHF2 10 16 0 -849.293 118
CHF2 10 16 1 -844.168 118
CHF2 10 16 2 -828.701 115
CHF2 10 16 3 -827.454 114
CHF2 10 16 4 -826.259 114
CHF2 10 17 0 -849.368 118
CHF2 10 17 1 -845.523 118
CHF2 10 17 2 -845.960 118
CHF2 10 17 3 -827.639 114
CHF2 10 17 4 -827.150 114
CHF2 10 18 0 -848.956 118
CHF2 10 18 1 -844.415 118
CHF2 10 18 2 -843.697 118
CHF2 10 18 3 -825.628 114
CHF2 10 18 4 -826.168 114
CHF2 10 19 0 -849.192 118
CHF2 10 19 1 -845.679 118
CHF2 10 19 2 -845.079 118
CHF2 10 19 3 -837.357 116
CHF2 10 19 4 -838.670 116
CHF2 10 20 0 -860.325 120
CHF2 10 20 1 -859.870 120
CHF2 10 20 2 -859.986 120
CHF2 10 20 3 -841.351 116
CHF2 10 20 4 -841.890 116
CHF2 10 21 0 -860.602 120
CHF2 10 21 1 -857.247 120
CHF2 10 21 2 -837.602 116
CHF2 10 21 3 -837.305 116
CHF2 10 21 4 -838.761 116
CHF2 10 22 0 -861.518 120
CHF2 10 22 1 -858.431 120
CHF2 10 22 2 -840.316 116
CHF2 10 22 3 -840.256 116
CHF2 10 22 4 -839.486 116
CHF2 10 23 0 -861.175 120
CHF2 10 23 1 -857.363 120
CHF2 10 23 2 -851.897 119
CHF2 10 23 3 -828.242 114
CHF2 10 23 4 -829.994 114
CHF2 10 24 0 -850.718 118
CHF2 10 24 1 -844.431 118
CHF2 10 24 2 -843.708 118
CHF2 10 24 3 -844.382 118
CHF2 10 24 4 -845.277 118
CHF2 10 25 0 -867.957 122
CHF2 10 25 1 -864.355 122
CHF2 10 25 2 -864.509 122
CHF2 10 25 3 -847.738 118
CHF2 10 25 4 -847.064 118
CHF2 10 26 0 -869.122 122
CHF2 10 26 1 -864.265 122
CHF2 10 26 2 -846.460 118
CHF2 10 26 3 -847.414 118
CHF2 10 26 4 -847.003 118
CHF2 10 27 0 -869.007 122
CHF2 10 27 1 -863.010 122
CHF2 10 27 2 -846.691 118
CHF2 10 27 3 -846.770 118
CHF2 10 27 4 -844.521 118
CHF2 10 28 0 -868.810 122
CHF2 10 28 1 -863.584 122
CHF2 10 28 2 -849.318 118
CHF2 10 28 3 -837.420 116
CHF2 10 28 4 -824.090 113
CHF2 10 29 0 -846.460 117
CHF2 10 29 1 -841.987 117
CHF2 10 29 2 -840.805 117
CHF2 10 29 3 -822.829 113
CHF2 10 29 4 -823.494 113
CHF2 10 30 0 -846.010 117
CHF2 10 30 1 -843.515 117
CHF2 10 30 2 -839.028 116
CHF2 10 30 3 -825.456 113
CHF2 10 30 4 -824.278 113
CHF2 10 31 0 -845.906 117
CHF2 10 31 1 -842.421 117
CHF2 10 31 2 -826.013 114
CHF2 10 31 3 -823.641 113
CHF2 10 31 4 -824.331 113
CHF2 10 32 0 -845.498 117
CHF2 10 32 1 -842.716 117
CHF2 10 32 2 -825.082 114
CHF2 10 32 3 -823.569 114
CHF2 10 32 4 -825.136 114
CHF2 10 33 0 -849.190 118
CHF2 10 33 1 -845.900 118
CHF2 10 33 2 -821.437 113
CHF2 10 33 3 -823.333 113
CHF2 10 33 4 -823.191 113
CHF2 10 34 0 -846.342 117
CHF2 10 34 1 -841.284 117
CHF2 10 34 2 -839.968 117
CHF2 10 34 3 -822.832 113
CHF2 10 34 4 -823.297 113
CHF2 10 35 0 -845.533 117
CHF2 10 35 1 -840.583 117
CHF2 10 35 2 -840.767 117
CHF2 10 35 3 -822.918 113
CHF2 10 35 4 -822.921 113
CHF2 10 36 0 -845.142 117
CHF2 10 36 1 -840.550 117
CHF2 10 36 2 -840.040 117
CHF2 10 36 3 -822.545 113
CHF2 10 36 4 -822.313 113
CHF2 10 37 0 -844.976 117
CHF2 10 37 1 -841.572 117
CHF2 10 37 2 -841.397 117
CHF2 10 37 3 -821.755 113
CHF2 10 37 4 -821.948 113
CHF2 10 38 0 -845.395 117
CHF2 10 38 1 -841.198 117
CHF2 10 38 2 -841.371 117
CHF2 10 38 3 -840.421 117
CHF2 10 38 4 -841.995 117
CHF2 10 39 0 -866.061 121
CHF2 10 39 1 -860.183 121
CHF2 10 39 2 -860.616 121
CHF2 10 39 3 -842.467 117
CHF2 10 39 4 -843.084 117
CHF2 10 40 0 -865.058 121
CHF2 10 40 1 -862.904 121
CHF2 10 40 2 -843.755 117
CHF2 10 40 3 -842.963 117
CHF2 10 40 4 -843.843 117
CHF2 10 41 0 -866.129 121
CHF2 10 41 1 -861.836 121
CHF2 10 41 2 -843.845 117
CHF2 10 41 3 -844.218 117
CHF2 10 41 4 -844.456 117
CHF2 10 42 0 -866.147 121
CHF2 10 42 1 -863.980 121
CHF2 10 42 2 -857.263 120
CHF2 10 42 3 -844.317 117
CHF2 10 42 4 -843.753 117
CHF2 10 43 0 -865.568 121
CHF2 10 43 1 -862.061 121
CHF2 10 43 2 -844.637 117
CHF2 10 43 3 -843.505 117
CHF2 10 43 4 -843.494 117
CHF2 10 44 0 -866.200 121
CHF2 10 44 1 -861.144 121
CHF2 10 44 2 -863.089 121
CHF2 10 44 3 -843.224 117
CHF2 10 44 4 -844.220 117
CHF2 10 45 0 -864.944 121
CHF2 10 45 1 -859.608 121
CHF2 10 45 2 -861.971 121
CHF2 10 45 3 -843.350 117
CHF2 10 45 4 -842.886 117
CHF2 10 46 0 -865.510 121
CHF2 10 46 1 -860.532 121
CHF2 10 46 2 -857.446 120
CHF2 10 46 3 -845.005 117
CHF2 10 46 4 -844.080 117
CHF2 10 47 0 -866.969 121
CHF2 10 47 1 -863.409 121
CHF2 10 47 2 -864.901 121
CHF2 10 47 3 -865.783 121
CHF2 10 47 4 -865.516 121
CHF2 10 48 0 -891.929 125
CHF2 10 48 1 -886.571 125
CHF2 10 48 2 -885.530 125
CHF2 10 48 3 -861.503 120
CHF2 10 48 4 -858.446 119
CHF2 10 49 0 -882.279 123
CHF2 10 49 1 -877.925 123
CHF2 10 49 2 -864.123 121
CHF2 10 49 3 -863.071 121
CHF2 10 49 4 -863.416 121
CHF2 10 50 0 -886.761 125
CHF2 10 50 1 -882.573 125
CHF2 10 50 2 -864.465 121
CHF2 10 50 3 -863.437 121
CHF2 10 50 4 -863.727 121
CHF2 30 1 0 -753.618 103
CHF2 30 1 1 -740.678 103
CHF2 30 1 2 -744.709 103
CHF2 30 1 3 -743.343 103
CHF2 30 1 4 -746.255 103
CHF2 30 2 0 -787.783 107
CHF2 30 2 1 -780.539 107
CHF2 30 2 2 -773.206 106
CHF2 30 2 3 -760.868 103
CHF2 30 2 4 -761.782 103
CHF2 30 3 0 -787.618 107
CHF2 30 3 1 -771.069 107
CHF2 30 3 2 -771.647 107
CHF2 30 3 3 -755.980 104
CHF2 30 3 4 -742.332 102
CHF2 30 4 0 -777.087 106
CHF2 30 4 1 -755.535 106
CHF2 30 4 2 -758.976 106
CHF2 30 4 3 -759.294 106
CHF2 30 4 4 -752.308 105
CHF2 30 5 0 -787.630 109
CHF2 30 5 1 -777.940 109
CHF2 30 5 2 -760.293 105
CHF2 30 5 3 -761.078 105
CHF2 30 5 4 -762.784 105
CHF2 30 6 0 -791.107 109
CHF2 30 6 1 -772.723 109
CHF2 30 6 2 -777.096 109
CHF2 30 6 3 -780.579 109
CHF2 30 6 4 -778.339 109
CHF2 30 7 0 -818.083 113
CHF2 30 7 1 -798.968 113
CHF2 30 7 2 -797.709 112
CHF2 30 7 3 -788.766 110
CHF2 30 7 4 -786.716 110
CHF2 30 8 0 -821.235 114
CHF2 30 8 1 -804.260 114
CHF2 30 8 2 -794.468 112
CHF2 30 8 3 -796.427 112
CHF2 30 8 4 -794.336 112
CHF2 30 9 0 -829.092 116
CHF2 30 9 1 -814.331 116
CHF2 30 9 2 -814.038 115
CHF2 30 9 3 -777.239 109
CHF2 30 9 4 -775.520 109
CHF2 30 10 0 -806.252 113
CHF2 30 10 1 -791.357 113
CHF2 30 10 2 -779.453 111
CHF2 30 10 3 -736.664 104
CHF2 30 10 4 -740.624 104
CHF2 30 11 0 -773.530 108
CHF2 30 11 1 -762.454 108
CHF2 30 11 2 -759.213 106
CHF2 30 11 3 -756.811 106
CHF2 30 11 4 -755.182 106
CHF2 30 12 0 -786.990 110
CHF2 30 12 1 -774.651 110
CHF2 30 12 2 -769.963 110
CHF2 30 12 3 -722.276 101
CHF2 30 12 4 -719.098 101
CHF2 30 13 0 -750.856 105
CHF2 30 13 1 -746.630 105
CHF2 30 13 2 -741.716 104
CHF2 30 13 3 -729.177 101
CHF2 30 13 4 -729.214 101
CHF2 30 14 0 -752.333 105
CHF2 30 14 1 -736.153 105
CHF2 30 14 2 -737.394 105
CHF2 30 14 3 -717.231 100
CHF2 30 14 4 -717.715 100
CHF2 30 15 0 -747.740 104
CHF2 30 15 1 -733.939 104
CHF2 30 15 2 -732.696 104
CHF2 30 15 3 -721.703 102
CHF2 30 15 4 -720.825 102
CHF2 30 16 0 -758.090 106
CHF2 30 16 1 -741.323 106
CHF2 30 16 2 -742.465 106
CHF2 30 16 3 -734.664 104
CHF2 30 16 4 -735.670 104
CHF2 30 17 0 -771.097 108
CHF2 30 17 1 -761.694 108
CHF2 30 17 2 -749.352 106
CHF2 30 17 3 -746.058 104
CHF2 30 17 4 -745.186 104
CHF2 30 18 0 -771.042 108
CHF2 30 18 1 -754.614 108
CHF2 30 18 2 -740.622 105
CHF2 30 18 3 -742.019 105
CHF2 30 18 4 -745.206 105
CHF2 30 19 0 -775.277 109
CHF2 30 19 1 -759.098 109
CHF2 30 19 2 -758.631 109
CHF2 30 19 3 -757.974 109
CHF2 30 19 4 -740.097 105
CHF2 30 20 0 -772.925 109
CHF2 30 20 1 -761.653 109
CHF2 30 20 2 -733.068 104
CHF2 30 20 3 -732.659 104
CHF2 30 20 4 -733.388 104
CHF2 30 21 0 -762.440 108
CHF2 30 21 1 -749.044 108
CHF2 30 21 2 -731.139 104
CHF2 30 21 3 -730.938 104
CHF2 30 21 4 -732.786 104
CHF2 30 22 0 -763.080 108
CHF2 30 22 1 -747.840 108
CHF2 30 22 2 -746.600 108
CHF2 30 22 3 -746.981 108
CHF2 30 22 4 -688.090 99
CHF2 30 23 0 -716.410 102
CHF2 30 23 1 -710.756 102
CHF2 30 23 2 -705.606 100
CHF2 30 23 3 -691.241 97
CHF2 30 23 4 -692.189 97
CHF2 30 24 0 -715.014 101
CHF2 30 24 1 -697.215 101
CHF2 30 24 2 -697.400 100
CHF2 30 24 3 -684.533 97
CHF2 30 24 4 -686.710 97
CHF2 30 25 0 -718.275 101
CHF2 30 25 1 -700.525 101
CHF2 30 25 2 -699.069 101
CHF2 30 25 3 -689.705 98
CHF2 30 25 4 -690.701 98
CHF2 30 26 0 -721.790 102
CHF2 30 26 1 -709.013 102
CHF2 30 26 2 -690.988 98
CHF2 30 26 3 -690.979 98
CHF2 30 26 4 -690.120 98
CHF2 30 27 0 -719.733 102
CHF2 30 27 1 -703.431 102
CHF2 30 27 2 -687.709 98
CHF2 30 27 3 -686.968 98
CHF2 30 27 4 -688.131 98
CHF2 30 28 0 -722.475 102
CHF2 30 28 1 -705.737 102
CHF2 30 28 2 -688.696 98
CHF2 30 28 3 -690.479 98
CHF2 30 28 4 -690.696 98
CHF2 30 29 0 -722.133 102
CHF2 30 29 1 -703.455 102
CHF2 30 29 2 -707.007 102
CHF2 30 29 3 -706.886 102
CHF2 30 29 4 -702.588 101
CHF2 30 30 0 -737.533 105
CHF2 30 30 1 -722.483 105
CHF2 30 30 2 -719.924 104
CHF2 30 30 3 -694.054 98
CHF2 30 30 4 -692.319 98
CHF2 30 31 0 -717.261 102
CHF2 30 31 1 -707.172 102
CHF2 30 31 2 -677.333 96
CHF2 30 31 3 -677.361 96
CHF2 30 31 4 -678.133 96
CHF2 30 32 0 -700.813 100
CHF2 30 32 1 -684.401 100
CHF2 30 32 2 -669.311 97
CHF2 30 32 3 -670.391 97
CHF2 30 32 4 -662.133 95
CHF2 30 33 0 -693.683 99
CHF2 30 33 1 -675.585 99
CHF2 30 33 2 -679.701 99
CHF2 30 33 3 -682.248 99
CHF2 30 33 4 -681.701 99
CHF2 30 34 0 -719.769 103
CHF2 30 34 1 -705.022 103
CHF2 30 34 2 -704.712 103
CHF2 30 34 3 -705.960 103
CHF2 30 34 4 -706.517 103
CHF2 30 35 0 -742.847 107
CHF2 30 35 1 -726.234 107
CHF2 30 35 2 -720.195 106
CHF2 30 35 3 -709.642 103
CHF2 30 35 4 -706.863 103
CHF2 30 36 0 -739.514 107
CHF2 30 36 1 -728.040 107
CHF2 30 36 2 -728.775 107
CHF2 30 36 3 -682.820 101
CHF2 30 36 4 -676.040 97
CHF2 30 37 0 -707.497 101
CHF2 30 37 1 -690.715 101
CHF2 30 37 2 -691.059 101
CHF2 30 37 3 -692.932 101
CHF2 30 37 4 -694.788 101
CHF2 30 38 0 -731.257 105
CHF2 30 38 1 -713.109 105
CHF2 30 38 2 -713.213 105
CHF2 30 38 3 -681.531 99
CHF2 30 38 4 -651.773 93
CHF2 30 39 0 -683.660 97
CHF2 30 39 1 -667.462 97
CHF2 30 39 2 -669.364 97
CHF2 30 39 3 -658.089 94
CHF2 30 39 4 -658.378 94
CHF2 30 40 0 -691.348 98
CHF2 30 40 1 -679.076 98
CHF2 30 40 2 -670.413 96
CHF2 30 40 3 -648.781 91
CHF2 30 40 4 -648.149 91
CHF2 30 41 0 -678.703 95
CHF2 30 41 1 -666.986 95
CHF2 30 41 2 -645.349 92
CHF2 30 41 3 -611.880 87
CHF2 30 41 4 -605.086 85
CHF2 30 42 0 -632.951 89
CHF2 30 42 1 -617.385 89
CHF2 30 42 2 -604.938 86
CHF2 30 42 3 -602.199 85
CHF2 30 42 4 -605.629 85
CHF2 30 43 0 -633.379 89
CHF2 30 43 1 -615.545 89
CHF2 30 43 2 -618.792 89
CHF2 30 43 3 -615.825 89
CHF2 30 43 4 -614.164 89
CHF2 30 44 0 -650.694 93
CHF2 30 44 1 -637.406 93
CHF2 30 44 2 -633.751 93
CHF2 30 44 3 -630.261 91
CHF2 30 44 4 -628.095 91
CHF2 30 45 0 -659.057 95
CHF2 30 45 1 -646.101 95
CHF2 30 45 2 -637.713 93
CHF2 30 45 3 -628.310 90
CHF2 30 45 4 -629.318 90
CHF2 30 46 0 -655.502 94
CHF2 30 46 1 -638.155 94
CHF2 30 46 2 -640.121 94
CHF2 30 46 3 -626.055 91
CHF2 30 46 4 -623.561 91
CHF2 30 47 0 -658.431 95
CHF2 30 47 1 -640.914 95
CHF2 30 47 2 -641.288 95
CHF2 30 47 3 -641.895 95
CHF2 30 47 4 -629.773 92
CHF2 30 48 0 -663.775 96
CHF2 30 48 1 -645.570 96
CHF2 30 48 2 -637.549 95
CHF2 30 48 3 -640.642 95
CHF2 30 48 4 -632.233 93
CHF2 30 49 0 -666.198 97
CHF2 30 49 1 -648.166 97
CHF2 30 49 2 -649.858 97
CHF2 30 49 3 -630.596 93
CHF2 30 49 4 -609.025 89
CHF2 30 50 0 -638.030 93
CHF2 30 50 1 -622.565 93
CHF2 30 50 2 -623.249 93
CHF2 30 50 3 -601.620 89
CHF2 30 50 4 -596.917 89
