-744.713
-746.173
-749.726
-751.027
-748.859
-768.557
-767.639
-767.871
-760.230
-759.816
-769.047
-765.266
-765.508
-757.797
-757.503
-768.954
-765.437
-764.875
-767.681
-768.390
-784.527
-783.248
-781.810
-782.538
-782.710
-797.894
-793.890
-794.287
-795.200
-795.919
-809.710
-805.933
-807.414
-808.383
-809.180
-824.734
-820.096
-821.152
-821.924
-820.891
-834.483
-830.625
-822.341
-823.468
-822.351
-834.550
-832.492
-832.639
-832.269
-831.249
-846.642
-844.508
-844.627
-845.020
-844.592
-860.081
-855.636
-848.295
-848.659
-847.501
-859.805
-855.516
-856.946
-856.010
-809.843
-820.021
-817.031
-818.533
-819.273
-819.510
-834.036
-831.242
-831.265
-831.311
-830.672
-844.733
-840.389
-833.645
-834.125
-834.171
-844.290
-841.524
-834.873
-835.594
-835.137
-844.862
-841.718
-833.068
-834.846
-834.563
-844.753
-842.895
-828.583
-830.032
-828.990
-840.244
-838.384
-827.711
-827.386
-827.908
-837.007
-832.830
-834.562
-833.847
-834.845
-848.458
-844.513
-845.989
-846.302
-845.199
-857.638
-857.446
-857.546
-849.939
-849.375
-858.211
-853.625
-854.184
-853.717
-855.153
-869.100
-865.993
-866.867
-868.172
-867.556
-883.340
-879.948
-880.012
-879.909
-880.213
-893.922
-892.716
-892.277
-893.294
-894.273
-909.246
-906.609
-900.442
-899.206
-898.733
-910.637
-907.420
-900.550
-900.136
-900.679
-911.461
-911.017
-904.111
-903.015
-902.965
-910.872
-908.763
-901.524
-901.931
-900.678
-911.151
-907.748
-906.356
-909.239
-910.003
-922.559
-923.021
-896.066
-894.940
-894.837
-908.803
-907.380
-907.311
-907.126
-907.188
-922.557
-919.232
-919.229
-914.004
-913.449
-926.997
-923.801
-923.744
-923.215
-922.621
-937.873
-935.308
-921.722
-921.828
-922.544
-934.173
-932.884
-931.646
-925.779
-926.118
-940.498
-937.758
-923.639
-925.060
-924.391
-935.523
-931.346
-933.860
-931.829
-931.491
-945.843
-945.516
-946.322
-947.780
-945.999
-963.236
-962.443
-961.778
-959.800
-962.004
-977.924
-972.815
-973.697
-974.432
-973.756
-991.844
-990.957
-989.442
-983.747
-984.679
-999.050
-997.579
-998.898
-998.682
-992.197
-1010.112
-1007.534
-991.505
-994.103
-995.060
-1010.808
-1007.306
-1008.658
-994.389
-994.442
-1006.407
-1003.265
-1003.579
-1003.155
-1004.287
-1020.985
-1019.651
-1019.109
-1019.266
-1018.841
-1033.767
-1031.715
-1020.850
-1019.121
-1013.115
-744.713
-739.204
-723.629
-724.903
-726.862
-754.409
-739.628
-742.584
-742.915
-741.774
-765.621
-751.102
-753.983
-740.708
-742.254
-764.085
-747.537
-749.642
-750.713
-750.532
-774.218
-762.557
-753.472
-755.120
-754.661
-774.531
-761.714
-762.759
-765.444
-765.205
-790.363
-778.565
-779.138
-777.738
-776.866
-804.737
-791.129
-790.792
-794.270
-793.234
-818.220
-802.013
-796.081
-797.628
-796.274
-821.949
-805.842
-807.176
-805.564
-800.763
-797.353
-782.804
-731.806
-729.848
-734.987
-755.447
-742.048
-739.115
-739.441
-725.649
-743.476
-733.158
-719.679
-719.090
-720.642
-736.564
-723.097
-724.982
-726.582
-725.177
-754.349
-738.128
-743.144
-739.973
-741.629
-765.929
-752.493
-754.611
-754.704
-751.938
-773.725
-759.247
-759.372
-762.932
-761.459
-789.306
-772.951
-776.360
-775.679
-764.576
-791.777
-779.492
-769.206
-770.248
-770.338
-794.549
-778.282
-781.614
-766.122
-766.295
-789.326
-776.678
-775.676
-777.259
-776.512
-793.955
-782.527
-781.419
-784.731
-781.314
-809.851
-794.360
-778.036
-775.774
-779.504
-801.348
-786.187
-786.517
-787.008
-787.610
-812.209
-798.737
-799.542
-799.230
-799.130
-825.063
-812.888
-811.219
-792.332
-762.204
-783.214
-767.140
-764.236
-704.498
-704.859
-729.771
-713.457
-697.873
-685.978
-691.920
-713.597
-700.001
-699.468
-701.114
-701.484
-727.586
-716.224
-713.903
-709.374
-708.953
-727.210
-714.233
-713.275
-696.744
-699.055
-719.867
-705.134
-707.916
-708.889
-695.207
-720.413
-701.385
-700.330
-700.304
-699.828
-723.118
-710.328
-710.548
-695.237
-693.394
-718.026
-704.020
-705.118
-701.878
-636.754
-646.567
-631.181
-632.484
-631.835
-630.415
-642.026
-627.985
-629.149
-614.627
-615.893
-645.476
-616.815
-617.477
-606.573
-607.361
-630.735
-617.763
-619.839
-617.050
-619.658
-645.465
-629.025
-623.971
-599.446
-599.735
-620.047
-608.193
-608.043
-594.674
-577.088
-605.027
-595.519
-594.454
-522.439
-524.275
-537.127
-523.132
-503.600
-491.570
-495.445
-513.257
-500.900
-495.562
-495.681
-496.037
-513.195
-502.867
-501.866
-503.000
-503.914
-519.867
-506.442
-506.488
-507.795
-504.868
-526.767
-510.437
-515.550
-514.800
-515.078
-538.771
-526.047
-522.905
-525.178
-524.152
-538.878
-521.778
-525.516
-490.914
-486.968
-506.592
-492.749
-492.628
-489.902
-480.273
-756.705
-753.739
-754.292
-740.026
-740.562
-763.329
-759.677
-759.468
-740.857
-741.668
-763.212
-761.551
-748.164
-731.416
-730.160
-757.498
-754.132
-754.226
-753.728
-752.311
-781.260
-779.884
-760.665
-759.255
-762.651
-786.478
-782.541
-783.161
-763.904
-763.319
-786.858
-782.565
-783.054
-782.717
-783.603
-809.805
-804.842
-805.465
-785.595
-786.043
-809.759
-806.505
-786.849
-786.455
-786.175
-809.523
-804.484
-798.230
-780.194
-780.395
-803.184
-799.806
-791.583
-785.533
-785.619
-809.429
-805.277
-804.366
-785.503
-786.149
-810.264
-805.847
-807.057
-788.215
-788.576
-809.900
-805.511
-806.858
-785.984
-786.750
-809.987
-804.811
-800.432
-787.093
-787.738
-811.448
-808.019
-807.223
-799.974
-792.876
-817.331
-813.870
-809.154
-793.763
-794.789
-817.594
-812.884
-808.914
-795.523
-795.488
-817.165
-811.460
-812.324
-793.969
-793.814
-817.574
-814.310
-815.228
-809.260
-796.242
-817.376
-814.012
-809.540
-794.933
-795.594
-817.847
-814.333
-809.594
-795.895
-794.844
-818.016
-815.362
-814.723
-789.088
-790.478
-811.731
-807.304
-807.081
-789.817
-789.113
-812.236
-807.754
-806.173
-786.994
-787.538
-811.792
-808.399
-789.072
-789.064
-789.528
-811.329
-807.752
-807.404
-788.065
-788.445
-811.466
-807.775
-807.294
-788.692
-787.886
-811.868
-807.812
-792.091
-793.535
-793.001
-816.123
-813.321
-812.776
-793.596
-793.481
-816.192
-813.396
-813.048
-802.430
-793.881
-816.276
-811.676
-807.451
-793.219
-793.179
-815.950
-812.815
-810.938
-793.348
-792.204
-816.033
-812.629
-811.246
-792.480
-774.031
-796.693
-791.568
-787.699
-773.185
-772.978
-796.661
-793.389
-793.940
-772.897
-774.146
-796.345
-793.331
-792.813
-773.371
-773.665
-796.442
-792.601
-792.623
-773.413
-772.791
-796.955
-793.508
-792.758
-779.040
-779.933
-802.096
-798.992
-798.592
-779.606
-778.748
-802.315
-798.756
-797.559
-779.771
-780.095
-802.150
-797.442
-797.633
-779.441
-779.097
-802.342
-799.492
-784.187
-783.528
-784.062
-807.020
-804.526
-800.340
-785.104
-785.488
-806.563
-805.721
-802.244
-784.909
-784.284
-807.365
-803.051
-803.636
-784.054
-783.286
-806.887
-802.806
-802.991
-782.937
-783.067
-807.293
-801.776
-802.850
-783.990
-782.841
-807.116
-804.419
-804.685
-779.720
-779.577
-803.125
-799.391
-799.481
-780.292
-779.851
-756.705
-742.188
-738.694
-723.488
-723.297
-760.926
-749.947
-744.552
-735.869
-736.302
-766.589
-750.200
-750.344
-730.341
-725.666
-758.394
-741.554
-741.306
-740.288
-740.742
-778.113
-764.173
-763.593
-747.691
-746.640
-779.283
-763.437
-766.599
-752.510
-752.268
-791.078
-775.782
-776.911
-776.880
-779.534
-816.610
-799.362
-801.791
-802.175
-801.658
-836.666
-819.945
-820.504
-785.917
-775.289
-808.873
-792.723
-779.244
-779.274
-778.571
-815.308
-797.746
-798.147
-800.355
-786.634
-791.347
-777.070
-776.963
-766.121
-740.321
-770.424
-763.836
-743.692
-743.548
-745.806
-771.121
-755.537
-756.418
-716.756
-719.368
-752.634
-736.806
-735.656
-724.285
-722.454
-756.001
-738.552
-742.736
-721.159
-716.939
-752.315
-736.222
-738.890
-694.949
-686.458
-717.763
-702.882
-680.971
-651.905
-651.068
-680.033
-666.622
-665.216
-649.559
-648.823
-684.893
-676.876
-656.545
-657.171
-656.847
-685.734
-672.679
-671.281
-654.992
-654.612
-685.336
-670.554
-670.017
-653.875
-653.574
-687.097
-674.997
-675.693
-663.174
-633.857
-662.159
-647.658
-649.835
-634.577
-634.496
-667.073
-650.736
-651.900
-641.911
-631.397
-664.208
-648.445
-649.387
-635.769
-636.953
-670.518
-651.150
-640.739
-630.010
-630.640
-663.740
-649.162
-649.848
-634.032
-630.716
-664.076
-645.317
-648.185
-634.114
-634.574
-668.185
-662.627
-661.274
-642.350
-642.829
-668.671
-652.777
-654.815
-640.376
-641.557
-671.192
-655.660
-656.484
-639.789
-640.222
-671.149
-657.084
-639.699
-640.890
-637.700
-669.779
-654.400
-642.805
-641.392
-642.978
-670.110
-656.111
-659.243
-614.156
-615.447
-646.988
-633.270
-616.308
-617.009
-616.821
-647.889
-636.968
-624.053
-589.244
-587.366
-617.751
-604.473
-607.504
-562.463
-562.759
-590.943
-575.978
-577.558
-563.352
-562.642
-596.302
-581.253
-579.551
-566.738
-568.833
-600.458
-586.485
-574.315
-566.724
-567.550
-600.837
-586.442
-584.139
-574.543
-573.838
-604.712
-587.915
-571.450
-573.185
-573.295
-603.930
-589.091
-590.996
-577.547
-578.303
-609.570
-598.206
-599.766
-581.787
-578.756
-609.195
-592.299
-593.479
-581.348
-565.016
-602.437
-584.516
-585.238
-575.069
-575.494
-609.247
-589.940
-592.476
-585.617
-578.496
-611.078
-574.131
-567.581
-561.323
-559.569
-588.413
-564.152
-567.638
-556.729
-556.375
-755.671
-755.786
-757.115
-738.270
-738.159
-763.796
-759.680
-760.097
-761.769
-762.514
-788.098
-782.679
-783.703
-785.341
-785.787
-809.868
-806.093
-808.026
-807.909
-807.836
-833.849
-827.369
-828.178
-810.471
-798.683
-820.176
-814.513
-814.963
-815.735
-814.428
-839.441
-834.991
-817.323
-816.369
-817.299
-839.989
-834.925
-836.090
-835.892
-835.762
-860.363
-855.462
-856.050
-855.695
-857.248
-881.522
-877.333
-877.564
-877.580
-877.898
-902.815
-899.088
-880.321
-880.885
-881.309
-902.569
-898.298
-893.564
-885.793
-885.950
-910.562
-909.252
-889.372
-889.742
-889.354
-910.077
-906.321
-888.058
-888.023
-887.691
-909.808
-905.376
-906.281
-906.519
-906.294
-930.944
-927.003
-909.533
-909.063
-908.718
-930.997
-925.692
-927.537
-904.273
-903.796
-926.875
-923.778
-900.930
-901.698
-901.207
-923.072
-919.332
-901.384
-902.106
-901.340
-923.291
-921.376
-902.611
-902.030
-902.676
-923.363
-920.077
-906.743
-868.840
-868.334
-889.907
-884.778
-866.560
-866.943
-867.109
-889.289
-888.141
-869.790
-869.755
-870.318
-889.664
-886.426
-870.698
-870.221
-869.744
-894.872
-888.156
-889.493
-888.802
-889.499
-913.275
-908.259
-908.786
-890.550
-891.107
-913.061
-909.302
-890.878
-890.616
-890.918
-913.205
-908.618
-890.196
-890.901
-891.145
-912.856
-908.814
-903.364
-903.435
-903.904
-908.830
-907.918
-889.972
-889.669
-889.758
-908.742
-907.785
-908.553
-889.091
-889.586
-908.551
-904.953
-885.735
-885.053
-885.343
-908.562
-902.633
-905.006
-904.068
-903.760
-929.713
-924.344
-926.070
-917.621
-918.187
-941.745
-938.694
-918.372
-918.948
-919.325
-941.109
-936.726
-936.895
-937.313
-938.557
-962.301
-958.461
-939.445
-939.823
-939.981
-961.653
-957.476
-939.573
-939.181
-938.805
-962.841
-958.048
-957.786
-939.577
-939.681
-962.492
-957.153
-940.778
-941.102
-940.870
-966.131
-960.943
-961.512
-961.223
-953.755
-977.262
-973.971
-955.837
-955.051
-955.572
-977.037
-973.092
-955.417
-952.809
-953.810
-976.286
-971.805
-956.657
-943.873
-943.615
-967.296
-966.357
-947.573
-943.800
-943.008
-965.553
-961.249
-961.983
-911.723
-902.784
-923.937
-919.251
-902.148
-902.362
-902.097
-924.060
-919.572
-921.547
-879.904
-880.685
-902.174
-898.499
-893.349
-865.092
-865.566
-887.828
-883.831
-878.221
-861.266
-861.311
-755.671
-738.152
-727.134
-728.661
-730.465
-770.113
-764.130
-747.330
-747.213
-747.460
-769.647
-755.545
-755.515
-757.415
-756.902
-792.952
-777.071
-761.529
-762.862
-762.484
-793.773
-777.305
-771.537
-770.908
-770.729
-799.645
-786.700
-785.257
-787.184
-788.281
-822.647
-806.488
-805.412
-807.708
-809.903
-845.172
-829.059
-831.170
-826.025
-825.482
-858.628
-844.386
-828.015
-820.432
-821.692
-849.428
-829.799
-833.797
-833.080
-834.424
-869.270
-848.465
-834.049
-834.572
-834.962
-862.102
-845.371
-848.378
-847.022
-850.796
-886.792
-871.264
-866.375
-866.586
-866.906
-896.472
-882.728
-882.001
-879.712
-865.158
-898.378
-879.437
-878.951
-879.658
-879.625
-916.191
-904.614
-902.308
-906.107
-903.518
-938.916
-921.884
-905.697
-906.772
-871.674
-907.571
-892.505
-892.922
-890.177
-889.210
-924.086
-907.060
-907.469
-906.491
-894.958
-932.504
-925.546
-909.352
-908.256
-909.419
-933.502
-915.366
-903.209
-890.960
-877.667
-912.024
-895.776
-899.074
-896.765
-889.089
-923.840
-910.459
-902.212
-895.915
-896.505
-914.058
-897.555
-898.093
-892.821
-886.597
-920.592
-904.839
-904.963
-905.766
-893.377
-922.668
-908.478
-890.430
-878.413
-853.235
-870.558
-854.819
-855.593
-856.850
-854.798
-892.907
-876.341
-877.426
-877.111
-870.890
-906.346
-893.304
-890.613
-883.152
-820.589
-849.619
-840.576
-833.304
-830.797
-829.605
-862.312
-847.872
-847.251
-807.813
-785.316
-813.138
-798.557
-776.099
-769.850
-767.698
-795.324
-778.152
-764.928
-768.302
-769.315
-803.277
-789.036
-763.497
-763.699
-764.647
-793.408
-779.440
-776.294
-775.325
-766.500
-790.510
-769.887
-770.059
-762.553
-751.703
-783.092
-766.865
-752.165
-685.968
-671.647
-698.890
-681.578
-685.593
-686.699
-687.134
-720.955
-703.445
-703.865
-667.407
-666.643
-701.822
-684.355
-686.428
-687.294
-688.135
-721.277
-707.104
-707.496
-705.594
-707.206
-742.458
-726.158
-727.349
-725.935
-724.953
-758.837
-743.444
-745.985
-742.145
-740.385
-779.699
-761.629
-765.619
-729.710
-726.991
-752.921
-748.937
-732.034
-732.706
-733.176
-753.377
-738.107
-738.625
-738.720
-738.421
-775.106
-759.964
-762.081
-759.186
-759.682
-796.748
-778.753
-781.913
-762.166
-763.182
-798.511
-781.322
-785.306
-785.262
-785.179
-819.335
-806.482
-807.039
-796.454
-798.084
-756.160
-753.466
-741.725
-743.578
-743.071
-766.932
-763.934
-764.528
-745.435
-746.119
-766.956
-763.669
-765.504
-765.344
-765.851
-793.688
-791.701
-766.876
-766.729
-766.736
-788.944
-784.535
-785.479
-787.055
-785.989
-812.580
-809.386
-803.609
-790.744
-790.095
-811.427
-806.715
-807.272
-807.940
-808.734
-833.543
-828.638
-829.407
-830.657
-830.765
-856.358
-853.154
-829.609
-828.505
-829.227
-850.616
-847.337
-843.094
-812.767
-811.161
-833.462
-830.186
-830.096
-806.838
-806.202
-827.877
-823.497
-806.329
-804.765
-805.635
-828.383
-826.896
-826.024
-807.860
-808.072
-828.109
-822.234
-822.618
-822.308
-824.208
-847.931
-844.347
-826.336
-826.923
-827.431
-849.492
-845.124
-827.169
-826.959
-826.681
-848.441
-845.849
-845.509
-827.411
-827.084
-848.797
-844.289
-843.740
-826.091
-825.794
-849.207
-845.625
-845.037
-837.589
-838.258
-860.551
-860.144
-860.050
-840.968
-841.558
-860.992
-857.262
-837.743
-837.413
-838.690
-861.631
-857.511
-839.391
-839.808
-838.917
-860.861
-857.005
-851.234
-827.990
-829.291
-850.151
-844.362
-844.881
-846.352
-846.682
-869.635
-865.425
-865.501
-848.608
-848.212
-870.636
-866.907
-848.028
-848.183
-848.552
-870.718
-865.267
-847.771
-848.448
-847.049
-870.602
-867.018
-849.982
-838.013
-825.034
-847.317
-843.073
-842.312
-823.884
-824.343
-847.004
-844.309
-840.007
-826.501
-825.068
-846.739
-843.966
-825.384
-825.016
-825.520
-847.080
-843.708
-826.422
-825.778
-826.692
-850.239
-847.249
-823.032
-824.217
-823.976
-846.449
-842.490
-841.446
-823.790
-823.891
-846.170
-841.038
-842.017
-823.258
-823.769
-846.004
-841.813
-841.652
-823.065
-823.553
-846.040
-842.307
-843.185
-823.574
-823.290
-846.478
-841.478
-841.358
-841.332
-842.124
-866.295
-860.889
-861.450
-843.340
-843.558
-865.923
-863.401
-844.005
-843.513
-844.857
-866.860
-862.723
-844.070
-844.859
-844.700
-866.717
-864.453
-857.366
-844.869
-844.430
-866.693
-862.574
-845.066
-843.747
-843.818
-866.534
-862.191
-863.668
-844.045
-844.782
-866.256
-861.596
-863.213
-844.479
-843.936
-866.528
-862.022
-858.913
-845.641
-844.226
-868.083
-863.616
-864.748
-865.216
-865.096
-891.267
-886.914
-886.707
-862.377
-858.176
-880.857
-876.181
-864.692
-863.507
-863.650
-887.478
-883.454
-864.858
-864.836
-865.011
-756.160
-742.136
-747.201
-746.846
-748.898
-790.407
-782.258
-774.842
-762.918
-763.569
-789.405
-772.434
-774.850
-757.020
-742.871
-777.541
-758.566
-759.484
-759.840
-754.468
-791.000
-779.629
-761.769
-762.954
-763.193
-792.336
-774.321
-777.151
-779.168
-777.753
-816.893
-798.796
-795.414
-787.799
-785.948
-819.678
-805.475
-796.591
-798.788
-798.444
-833.482
-817.654
-815.637
-779.047
-778.342
-808.715
-794.485
-779.942
-738.253
-742.872
-776.791
-765.016
-759.209
-757.492
-758.174
-787.857
-775.476
-771.576
-723.377
-719.882
-752.145
-748.261
-742.113
-729.979
-729.743
-753.084
-735.975
-737.811
-717.213
-718.099
-747.990
-734.942
-732.464
-722.246
-720.073
-757.250
-742.076
-742.382
-733.744
-735.035
-769.781
-760.052
-747.822
-744.718
-743.886
-769.952
-753.037
-739.689
-740.901
-743.610
-773.746
-758.000
-757.613
-755.542
-737.971
-770.795
-758.916
-732.524
-732.597
-733.497
-761.806
-749.002
-730.501
-730.302
-731.955
-761.999
-747.852
-747.457
-746.857
-687.292
-713.698
-709.203
-703.698
-690.136
-690.746
-713.984
-697.540
-695.050
-682.526
-684.361
-716.687
-699.876
-698.670
-688.704
-689.259
-719.924
-707.664
-688.734
-690.068
-689.736
-718.686
-703.389
-687.962
-687.074
-688.340
-722.217
-707.543
-689.738
-691.034
-690.655
-722.742
-705.857
-708.379
-708.723
-701.915
-737.483
-722.397
-721.022
-693.741
-692.719
-718.456
-705.185
-678.382
-677.961
-678.975
-701.469
-686.788
-670.261
-672.740
-665.273
-695.779
-678.869
-682.278
-683.221
-682.318
-721.245
-707.173
-706.298
-707.623
-707.952
-743.520
-729.105
-723.270
-711.316
-710.196
-742.023
-728.856
-728.665
-683.202
-677.048
-708.359
-691.826
-692.933
-693.304
-694.564
-730.952
-715.026
-715.752
-683.043
-652.969
-683.812
-667.833
-668.573
-657.731
-657.283
-690.924
-678.330
-669.556
-646.555
-648.552
-679.130
-666.721
-643.172
-611.369
-604.769
-632.990
-617.705
-604.633
-602.979
-605.377
-633.107
-617.382
-619.497
-617.861
-616.702
-652.886
-637.082
-635.222
-630.563
-628.662
-660.580
-646.485
-639.259
-628.643
-629.779
-656.164
-636.778
-638.982
-624.788
-623.761
-658.590
-641.992
-642.225
-642.378
-629.400
-663.114
-646.643
-639.951
-640.392
-631.880
-666.252
-649.644
-650.435
-629.821
-609.638
-639.180
-624.385
-624.183
-602.285
-600.593
