CF 10 1 0 -748.98672064 101
CF 10 1 1 -743.21257565 101
CF 10 1 2 -744.63864615 101
CF 10 1 3 -743.31049721 101
CF 10 1 4 -731.78771934 99
CF 10 2 0 -748.92645261 101
CF 10 2 1 -743.94954735 101
CF 10 2 2 -743.89645890 101
CF 10 2 3 -730.00476869 99
CF 10 2 4 -728.77230446 99
CF 10 3 0 -742.99634592 101
CF 10 3 1 -736.61695062 101
CF 10 3 2 -736.36682050 101
CF 10 3 3 -738.04833307 101
CF 10 3 4 -738.98950736 101
CF 10 4 0 -760.58031459 103
CF 10 4 1 -755.42335420 103
CF 10 4 2 -753.85811394 103
CF 10 4 3 -753.81041829 103
CF 10 4 4 -752.25705588 103
CF 10 5 0 -766.96879127 105
CF 10 5 1 -759.85467362 105
CF 10 5 2 -763.17897461 105
CF 10 5 3 -764.35574867 105
CF 10 5 4 -764.17547314 105
CF 10 6 0 -780.82018157 107
CF 10 6 1 -775.68313267 107
CF 10 6 2 -773.64906096 107
CF 10 6 3 -775.10366219 107
CF 10 6 4 -776.49454774 107
CF 10 7 0 -791.03146234 109
CF 10 7 1 -784.16098224 109
CF 10 7 2 -783.55264538 109
CF 10 7 3 -784.88155634 109
CF 10 7 4 -787.09606902 109
CF 10 8 0 -799.51371060 111
CF 10 8 1 -786.32491863 111
CF 10 8 2 -793.04912004 111
CF 10 8 3 -792.23202078 111
CF 10 8 4 -793.88818202 111
CF 10 9 0 -811.73618566 113
CF 10 9 1 -799.17895200 113
CF 10 9 2 -803.90863316 113
CF 10 9 3 -806.67787707 113
CF 10 9 4 -801.37886874 113
CF 10 10 0 -817.28636699 115
CF 10 10 1 -815.20036877 115
CF 10 10 2 -800.22072981 113
CF 10 10 3 -800.59427684 113
CF 10 10 4 -799.14022030 113
CF 10 11 0 -812.98957468 115
CF 10 11 1 -804.86601091 115
CF 10 11 2 -808.34476460 115
CF 10 11 3 -810.95762885 115
CF 10 11 4 -808.77375364 115
CF 10 12 0 -823.27787858 117
CF 10 12 1 -817.93751896 117
CF 10 12 2 -820.49554251 117
CF 10 12 3 -820.87054558 117
CF 10 12 4 -811.02402604 117
CF 10 13 0 -825.58990465 119
CF 10 13 1 -818.10892092 119
CF 10 13 2 -815.98479578 119
CF 10 13 3 -819.30634383 119
CF 10 13 4 -823.10691538 119
CF 10 14 0 -837.27961635 121
CF 10 14 1 -828.43622930 121
CF 10 14 2 -834.25594781 121
CF 10 14 3 -826.37456203 121
CF 10 14 4 -825.81372942 121
CF 10 15 0 -838.57012582 123
CF 10 15 1 -839.63669792 123
CF 10 15 2 -843.81966892 123
CF 10 15 3 -843.30694489 123
CF 10 15 4 -842.83736016 123
CF 10 16 0 -851.85852836 125
CF 10 16 1 -850.07986062 125
CF 10 16 2 -855.55529477 125
CF 10 16 3 -857.08459383 125
CF 10 16 4 -853.43706070 125
CF 10 17 0 -865.13031554 127
CF 10 17 1 -867.24409547 127
CF 10 17 2 -870.77361477 127
CF 10 17 3 -851.30938990 123
CF 10 17 4 -846.40947085 123
CF 10 18 0 -859.83212783 125
CF 10 18 1 -858.31959508 125
CF 10 18 2 -859.97387960 125
CF 10 18 3 -855.41872876 125
CF 10 18 4 -848.16327657 124
CF 10 19 0 -863.08685969 126
CF 10 19 1 -857.99951820 126
CF 10 19 2 -861.76782752 126
CF 10 19 3 -862.70223912 126
CF 10 19 4 -863.85310083 126
CF 10 20 0 -874.03464639 128
CF 10 20 1 -865.02757293 128
CF 10 20 2 -869.29260634 128
CF 10 20 3 -864.60344516 128
CF 10 20 4 -861.97779007 128
CF 10 21 0 -879.59453038 130
CF 10 21 1 -878.85568350 130
CF 10 21 2 -877.89845960 130
CF 10 21 3 -871.87155013 130
CF 10 21 4 -871.30809178 130
CF 10 22 0 -883.86954098 132
CF 10 22 1 -884.02240655 132
CF 10 22 2 -882.82957828 132
CF 10 22 3 -890.55471815 132
CF 10 22 4 -887.30512217 132
CF 10 23 0 -903.40635229 134
CF 10 23 1 -898.13090299 134
CF 10 23 2 -896.83213494 134
CF 10 23 3 -894.81162130 134
CF 10 23 4 -900.25993103 134
CF 10 24 0 -912.32046642 136
CF 10 24 1 -905.37271672 136
CF 10 24 2 -909.69343668 136
CF 10 24 3 -910.84058063 136
CF 10 24 4 -915.05017178 136
CF 10 25 0 -923.82866359 138
CF 10 25 1 -925.79502206 138
CF 10 25 2 -936.56897510 138
CF 10 25 3 -929.06542062 138
CF 10 25 4 -909.31608238 134
CF 10 26 0 -923.39825788 136
CF 10 26 1 -914.37026642 136
CF 10 26 2 -897.45459028 134
CF 10 26 3 -901.01460870 134
CF 10 26 4 -896.92521074 134
CF 10 27 0 -905.38389875 136
CF 10 27 1 -901.94623991 136
CF 10 27 2 -903.09920605 136
CF 10 27 3 -897.07370013 136
CF 10 27 4 -910.08807350 136
CF 10 28 0 -919.38234750 138
CF 10 28 1 -915.74680440 138
CF 10 28 2 -906.25203169 138
CF 10 28 3 -908.76892010 138
CF 10 28 4 -920.21540177 137
CF 10 29 0 -928.93301973 139
CF 10 29 1 -928.44096355 139
CF 10 29 2 -934.72179762 139
CF 10 29 3 -930.89560378 139
CF 10 29 4 -921.70788144 137
CF 10 30 0 -932.59584472 139
CF 10 30 1 -932.59635255 139
CF 10 30 2 -930.41742287 139
CF 10 30 3 -933.60013616 139
CF 10 30 4 -932.36476395 139
CF 10 31 0 -946.95634336 141
CF 10 31 1 -936.83683649 141
CF 10 31 2 -928.80867502 141
CF 10 31 3 -929.01790085 141
CF 10 31 4 -928.71435765 141
CF 10 32 0 -950.73230948 143
CF 10 32 1 -949.79151265 143
CF 10 32 2 -933.95317792 142
CF 10 32 3 -920.14906289 140
CF 10 32 4 -918.35617065 138
CF 10 33 0 -948.16057705 140
CF 10 33 1 -936.50765679 140
CF 10 33 2 -934.89842564 140
CF 10 33 3 -935.75590541 140
CF 10 33 4 -933.55989969 140
CF 10 34 0 -937.35338943 142
CF 10 34 1 -931.07948999 142
CF 10 34 2 -925.75766657 142
CF 10 34 3 -931.21170244 142
CF 10 34 4 -949.41689096 142
CF 10 35 0 -954.62839135 144
CF 10 35 1 -958.36043890 144
CF 10 35 2 -960.94158428 144
CF 10 35 3 -955.96552377 144
CF 10 35 4 -944.42042724 143
CF 10 36 0 -956.15956549 145
CF 10 36 1 -959.86066221 145
CF 10 36 2 -945.35176977 145
CF 10 36 3 -956.09150906 145
CF 10 36 4 -949.98162488 145
CF 10 37 0 -954.69427179 147
CF 10 37 1 -946.64363762 147
CF 10 37 2 -951.93966109 147
CF 10 37 3 -953.01524338 147
CF 10 37 4 -953.25588381 147
CF 10 38 0 -971.24673239 149
CF 10 38 1 -982.85255814 149
CF 10 38 2 -965.47407180 146
CF 10 38 3 -955.83266085 146
CF 10 38 4 -955.94860328 146
CF 10 39 0 -968.12103865 148
CF 10 39 1 -975.80209636 148
CF 10 39 2 -991.85238275 148
CF 10 39 3 -986.90306328 148
CF 10 39 4 -978.27237493 148
CF 10 40 0 -990.31344264 150
CF 10 40 1 -988.91192378 150
CF 10 40 2 -983.36108935 150
CF 10 40 3 -976.02253400 149
CF 10 40 4 -974.21326112 149
CF 10 41 0 -988.32048539 151
CF 10 41 1 -978.25753283 151
CF 10 41 2 -982.07081958 151
CF 10 41 3 -981.92204016 151
CF 10 41 4 -992.39938196 151
CF 10 42 0 -997.61080975 153
CF 10 42 1 -1002.74139961 153
CF 10 42 2 -998.38732646 153
CF 10 42 3 -996.42356785 153
CF 10 42 4 -981.14105806 150
CF 10 43 0 -993.65653637 152
CF 10 43 1 -992.95919324 152
CF 10 43 2 -998.82444754 152
CF 10 43 3 -983.43459931 151
CF 10 43 4 -982.30508873 151
CF 10 44 0 -1000.15138792 153
CF 10 44 1 -1001.16150231 153
CF 10 44 2 -1003.07298156 153
CF 10 44 3 -1000.10489309 152
CF 10 44 4 -990.09625773 151
CF 10 45 0 -1014.15942678 153
CF 10 45 1 -1020.21654605 153
CF 10 45 2 -1014.79503210 152
CF 10 45 3 -1010.12355062 150
CF 10 45 4 -968.07489930 146
CF 10 46 0 -983.19695445 147
CF 10 46 1 -982.43774915 147
CF 10 46 2 -972.58418411 147
CF 10 46 3 -968.81799951 147
CF 10 46 4 -973.48627002 147
CF 10 47 0 -990.52694684 149
CF 10 47 1 -986.10586031 149
CF 10 47 2 -990.38327417 149
CF 10 47 3 -991.62121379 149
CF 10 47 4 -988.61765790 149
CF 10 48 0 -1003.84205878 151
CF 10 48 1 -1005.86555440 151
CF 10 48 2 -1007.59653157 151
CF 10 48 3 -1008.79851670 151
CF 10 48 4 -1007.69646143 151
CF 10 49 0 -1020.23635493 153
CF 10 49 1 -1016.03359129 153
CF 10 49 2 -1007.25678547 153
CF 10 49 3 -1014.98813083 153
CF 10 49 4 -1008.85649034 150
CF 10 50 0 -1021.80910296 151
CF 10 50 1 -1014.29346090 151
CF 10 50 2 -1020.41749882 151
CF 10 50 3 -1013.49724996 150
CF 10 50 4 -1007.00088776 149
CF 30 1 0 -749.00358842 101
CF 30 1 1 -731.65904037 101
CF 30 1 2 -722.94614482 100
CF 30 1 3 -723.14186016 100
CF 30 1 4 -722.07072802 100
CF 30 2 0 -748.61399282 102
CF 30 2 1 -728.55041586 102
CF 30 2 2 -730.41814073 102
CF 30 2 3 -731.41583590 102
CF 30 2 4 -729.83509232 102
CF 30 3 0 -757.23935673 104
CF 30 3 1 -750.44705263 104
CF 30 3 2 -741.42138538 104
CF 30 3 3 -744.50990001 104
CF 30 3 4 -743.35626269 104
CF 30 4 0 -768.19855937 106
CF 30 4 1 -753.15408940 106
CF 30 4 2 -755.85133493 106
CF 30 4 3 -746.00651897 104
CF 30 4 4 -743.96880154 104
CF 30 5 0 -769.64111307 106
CF 30 5 1 -752.38206390 106
CF 30 5 2 -755.13204570 106
CF 30 5 3 -755.60793786 106
CF 30 5 4 -754.92051274 106
CF 30 6 0 -783.55652663 108
CF 30 6 1 -764.08514569 108
CF 30 6 2 -764.75447368 108
CF 30 6 3 -766.90807503 108
CF 30 6 4 -770.93183403 108
CF 30 7 0 -795.48598737 110
CF 30 7 1 -777.99008945 110
CF 30 7 2 -777.09742298 110
CF 30 7 3 -777.31315918 110
CF 30 7 4 -782.35788786 110
CF 30 8 0 -804.83814115 112
CF 30 8 1 -791.07261498 112
CF 30 8 2 -791.61779933 112
CF 30 8 3 -778.55460422 110
CF 30 8 4 -763.13065949 108
CF 30 9 0 -789.11620218 110
CF 30 9 1 -773.73029413 110
CF 30 9 2 -771.96909839 110
CF 30 9 3 -759.21593042 108
CF 30 9 4 -762.15931497 108
CF 30 10 0 -786.60535067 110
CF 30 10 1 -761.07827945 110
CF 30 10 2 -764.26202632 110
CF 30 10 3 -765.55403166 110
CF 30 10 4 -754.41193315 108
CF 30 11 0 -773.39992671 110
CF 30 11 1 -769.23963248 110
CF 30 11 2 -767.94480193 110
CF 30 11 3 -756.96154021 108
CF 30 11 4 -757.69550633 108
CF 30 12 0 -784.79881255 110
CF 30 12 1 -761.37237446 110
CF 30 12 2 -761.49384047 109
CF 30 12 3 -763.02338058 109
CF 30 12 4 -763.30970136 109
CF 30 13 0 -783.90137434 111
CF 30 13 1 -762.77439878 110
CF 30 13 2 -762.30104620 110
CF 30 13 3 -762.99648633 110
CF 30 13 4 -756.89266178 109
CF 30 14 0 -776.28962252 111
CF 30 14 1 -764.31663442 111
CF 30 14 2 -763.71597972 111
CF 30 14 3 -761.70424016 111
CF 30 14 4 -759.87913020 111
CF 30 15 0 -788.87553266 113
CF 30 15 1 -779.37662679 113
CF 30 15 2 -764.48761422 111
CF 30 15 3 -769.22810197 111
CF 30 15 4 -763.35057251 111
CF 30 16 0 -791.83424140 113
CF 30 16 1 -772.81594356 113
CF 30 16 2 -778.92255639 113
CF 30 16 3 -775.18961907 113
CF 30 16 4 -777.42217784 113
CF 30 17 0 -802.89426888 115
CF 30 17 1 -786.58274483 115
CF 30 17 2 -772.73792704 114
CF 30 17 3 -775.72050445 113
CF 30 17 4 -740.20997064 108
CF 30 18 0 -764.83817328 110
CF 30 18 1 -747.95784251 109
CF 30 18 2 -748.99835535 109
CF 30 18 3 -737.32574197 107
CF 30 18 4 -736.63953721 107
CF 30 19 0 -761.83664297 109
CF 30 19 1 -748.11237885 109
CF 30 19 2 -749.51338382 109
CF 30 19 3 -750.56047226 109
CF 30 19 4 -748.03116359 109
CF 30 20 0 -775.88476579 111
CF 30 20 1 -755.28194212 111
CF 30 20 2 -754.96219179 111
CF 30 20 3 -757.07177337 111
CF 30 20 4 -754.29509367 111
CF 30 21 0 -782.54264070 113
CF 30 21 1 -766.00399872 113
CF 30 21 2 -766.70269533 113
CF 30 21 3 -755.11723346 111
CF 30 21 4 -759.84284716 111
CF 30 22 0 -780.37117337 113
CF 30 22 1 -767.55055095 113
CF 30 22 2 -770.18392296 113
CF 30 22 3 -768.65479303 112
CF 30 22 4 -748.54229055 109
CF 30 23 0 -766.65673760 111
CF 30 23 1 -759.40372610 111
CF 30 23 2 -758.68407689 111
CF 30 23 3 -757.44599283 111
CF 30 23 4 -755.19606187 111
CF 30 24 0 -783.40876613 113
CF 30 24 1 -765.79994076 113
CF 30 24 2 -767.71396507 113
CF 30 24 3 -767.28872052 113
CF 30 24 4 -766.61825780 113
CF 30 25 0 -791.87946979 115
CF 30 25 1 -776.82097473 115
CF 30 25 2 -775.84177166 115
CF 30 25 3 -778.15856492 115
CF 30 25 4 -771.79854967 115
CF 30 26 0 -799.90793509 117
CF 30 26 1 -784.58827347 117
CF 30 26 2 -789.63733229 117
CF 30 26 3 -789.84452843 117
CF 30 26 4 -784.61424089 116
CF 30 27 0 -804.99722261 118
CF 30 27 1 -793.80459637 118
CF 30 27 2 -794.92463189 118
CF 30 27 3 -782.19302280 117
CF 30 27 4 -784.28095222 116
CF 30 28 0 -807.12824242 118
CF 30 28 1 -800.99026236 118
CF 30 28 2 -798.28390390 118
CF 30 28 3 -759.17867475 113
CF 30 28 4 -732.24263728 109
CF 30 29 0 -755.73785934 111
CF 30 29 1 -735.72808150 111
CF 30 29 2 -737.95147088 111
CF 30 29 3 -724.26497214 109
CF 30 29 4 -720.62544200 108
CF 30 30 0 -739.76265762 110
CF 30 30 1 -731.15182218 110
CF 30 30 2 -729.47369448 110
CF 30 30 3 -717.18100284 108
CF 30 30 4 -680.36131097 102
CF 30 31 0 -704.48876049 104
CF 30 31 1 -686.18703070 104
CF 30 31 2 -690.38690032 104
CF 30 31 3 -689.71759457 103
CF 30 31 4 -687.86076578 103
CF 30 32 0 -710.29266392 105
CF 30 32 1 -696.71589748 105
CF 30 32 2 -695.84118786 103
CF 30 32 3 -695.68369947 103
CF 30 32 4 -694.50922475 103
CF 30 33 0 -712.45993602 105
CF 30 33 1 -693.37035085 104
CF 30 33 2 -694.30466700 104
CF 30 33 3 -693.28729881 104
CF 30 33 4 -698.65593913 104
CF 30 34 0 -719.50141693 106
CF 30 34 1 -698.22999086 105
CF 30 34 2 -694.75379112 105
CF 30 34 3 -696.67829541 105
CF 30 34 4 -644.48388862 96
CF 30 35 0 -661.31268368 97
CF 30 35 1 -632.91855449 94
CF 30 35 2 -629.43405463 93
CF 30 35 3 -632.84916197 93
CF 30 35 4 -631.45503278 93
CF 30 36 0 -654.37609981 95
CF 30 36 1 -615.27886456 92
CF 30 36 2 -618.89470506 92
CF 30 36 3 -620.05412419 92
CF 30 36 4 -621.71377712 92
CF 30 37 0 -626.20208624 91
CF 30 37 1 -608.07890796 91
CF 30 37 2 -613.37108347 91
CF 30 37 3 -617.63526111 91
CF 30 37 4 -613.45716798 91
CF 30 38 0 -642.33304233 93
CF 30 38 1 -628.27684756 93
CF 30 38 2 -624.17937151 93
CF 30 38 3 -612.54102452 91
CF 30 38 4 -613.93264059 91
CF 30 39 0 -633.73282230 93
CF 30 39 1 -618.57609261 93
CF 30 39 2 -618.28224077 92
CF 30 39 3 -616.93356832 92
CF 30 39 4 -618.73573197 92
CF 30 40 0 -638.86786633 94
CF 30 40 1 -616.35933683 94
CF 30 40 2 -621.16056198 94
CF 30 40 3 -615.88881278 94
CF 30 40 4 -596.31616340 90
CF 30 41 0 -618.04995813 92
CF 30 41 1 -603.88523034 92
CF 30 41 2 -610.38757984 92
CF 30 41 3 -604.16199139 92
CF 30 41 4 -565.80000896 86
CF 30 42 0 -590.03263859 88
CF 30 42 1 -574.43169395 88
CF 30 42 2 -575.86298414 88
CF 30 42 3 -583.50375925 88
CF 30 42 4 -555.04930018 83
CF 30 43 0 -580.08431713 85
CF 30 43 1 -560.21719981 84
CF 30 43 2 -560.77981972 84
CF 30 43 3 -559.32216898 84
CF 30 43 4 -544.08953388 82
CF 30 44 0 -563.65364588 83
CF 30 44 1 -551.26184677 82
CF 30 44 2 -555.05205228 82
CF 30 44 3 -554.62681084 82
CF 30 44 4 -538.52332835 80
CF 30 45 0 -560.92010070 82
CF 30 45 1 -551.19358342 82
CF 30 45 2 -546.23586632 82
CF 30 45 3 -550.99817868 82
CF 30 45 4 -550.23367360 82
CF 30 46 0 -557.66733399 83
CF 30 46 1 -549.80097084 82
CF 30 46 2 -552.81863086 82
CF 30 46 3 -539.75663316 80
CF 30 46 4 -540.96402751 80
CF 30 47 0 -566.25766796 82
CF 30 47 1 -559.96160778 82
CF 30 47 2 -551.71941704 80
CF 30 47 3 -553.21846169 80
CF 30 47 4 -553.53097286 80
CF 30 48 0 -566.36834359 82
CF 30 48 1 -546.78327981 82
CF 30 48 2 -540.83049202 80
CF 30 48 3 -537.51714554 80
CF 30 48 4 -538.91186325 80
CF 30 49 0 -561.51048126 82
CF 30 49 1 -544.23485072 82
CF 30 49 2 -544.37249755 82
CF 30 49 3 -533.41616293 81
CF 30 49 4 -508.36400806 75
CF 30 50 0 -523.61411051 77
CF 30 50 1 -510.20499951 76
CF 30 50 2 -501.31700823 75
CF 30 50 3 -467.30515177 68
CF 30 50 4 -469.10203260 68
CF3 10 1 0 -759.32887377 103
CF3 10 1 1 -757.07698840 103
CF3 10 1 2 -755.52990643 103
CF3 10 1 3 -754.71795284 103
CF3 10 1 4 -754.50803044 103
CF3 10 2 0 -782.89055872 107
CF3 10 2 1 -777.88842771 107
CF3 10 2 2 -778.98021850 107
CF3 10 2 3 -779.03300357 107
CF3 10 2 4 -779.18088831 107
CF3 10 3 0 -806.64048098 111
CF3 10 3 1 -802.80470320 111
CF3 10 3 2 -802.64484830 111
CF3 10 3 3 -802.94493743 111
CF3 10 3 4 -801.55017677 111
CF3 10 4 0 -827.31671474 115
CF3 10 4 1 -824.11987556 115
CF3 10 4 2 -822.56439506 115
CF3 10 4 3 -821.83918488 115
CF3 10 4 4 -821.47947143 115
CF3 10 5 0 -846.46835777 119
CF3 10 5 1 -839.89363238 119
CF3 10 5 2 -839.01820189 119
CF3 10 5 3 -833.32069428 118
CF3 10 5 4 -830.69663911 118
CF3 10 6 0 -855.92761198 122
CF3 10 6 1 -847.28820094 122
CF3 10 6 2 -852.00175357 122
CF3 10 6 3 -854.43762928 122
CF3 10 6 4 -853.00768475 122
CF3 10 7 0 -875.98237403 126
CF3 10 7 1 -871.14873110 126
CF3 10 7 2 -871.15806108 126
CF3 10 7 3 -869.15862233 126
CF3 10 7 4 -870.79861330 126
CF3 10 8 0 -893.18189515 130
CF3 10 8 1 -892.35120541 130
CF3 10 8 2 -891.37478068 130
CF3 10 8 3 -872.82389784 127
CF3 10 8 4 -875.41422066 127
CF3 10 9 0 -895.29457585 130
CF3 10 9 1 -891.08393731 130
CF3 10 9 2 -892.32847070 130
CF3 10 9 3 -892.03920161 130
CF3 10 9 4 -874.16449551 128
CF3 10 10 0 -899.54664771 132
CF3 10 10 1 -902.33616141 132
CF3 10 10 2 -904.20586992 132
CF3 10 10 3 -881.79692679 129
CF3 10 10 4 -865.12165820 125
CF3 10 11 0 -889.37083414 129
CF3 10 11 1 -886.69937812 129
CF3 10 11 2 -871.27661320 125
CF3 10 11 3 -871.11719720 125
CF3 10 11 4 -855.21981583 122
CF3 10 12 0 -876.57069166 126
CF3 10 12 1 -871.95258544 126
CF3 10 12 2 -856.12858188 123
CF3 10 12 3 -850.63727852 122
CF3 10 12 4 -846.74570482 121
CF3 10 13 0 -865.85242060 124
CF3 10 13 1 -857.25417488 124
CF3 10 13 2 -854.97231795 123
CF3 10 13 3 -819.71989960 117
CF3 10 13 4 -820.98143518 117
CF3 10 14 0 -843.72088047 121
CF3 10 14 1 -835.21592956 121
CF3 10 14 2 -839.32263976 121
CF3 10 14 3 -836.68958455 121
CF3 10 14 4 -839.92948327 121
CF3 10 15 0 -864.09470843 125
CF3 10 15 1 -862.70181990 125
CF3 10 15 2 -865.41033270 125
CF3 10 15 3 -823.58396697 118
CF3 10 15 4 -823.96106186 117
CF3 10 16 0 -845.06949249 121
CF3 10 16 1 -842.94756943 121
CF3 10 16 2 -839.53649860 120
CF3 10 16 3 -823.09863148 117
CF3 10 16 4 -824.64055487 117
CF3 10 17 0 -845.20577156 121
CF3 10 17 1 -844.78957674 121
CF3 10 17 2 -840.65593755 120
CF3 10 17 3 -826.27120444 117
CF3 10 17 4 -825.81619831 117
CF3 10 18 0 -845.70117247 121
CF3 10 18 1 -840.04090362 121
CF3 10 18 2 -839.68631355 121
CF3 10 18 3 -840.11771953 121
CF3 10 18 4 -839.71455814 121
CF3 10 19 0 -863.48022211 125
CF3 10 19 1 -855.17688806 125
CF3 10 19 2 -852.79605673 125
CF3 10 19 3 -851.91057111 125
CF3 10 19 4 -851.24895432 125
CF3 10 20 0 -874.46122812 129
CF3 10 20 1 -871.89181830 129
CF3 10 20 2 -873.01986624 129
CF3 10 20 3 -861.56953570 127
CF3 10 20 4 -836.10620305 121
CF3 10 21 0 -858.62160756 125
CF3 10 21 1 -854.09977179 125
CF3 10 21 2 -865.27897044 125
CF3 10 21 3 -840.16740451 120
CF3 10 21 4 -836.19927792 120
CF3 10 22 0 -857.31006912 124
CF3 10 22 1 -853.78274486 124
CF3 10 22 2 -850.66942251 123
CF3 10 22 3 -835.17874500 120
CF3 10 22 4 -827.05158365 120
CF3 10 23 0 -848.09933091 124
CF3 10 23 1 -836.18804077 124
CF3 10 23 2 -835.81920999 124
CF3 10 23 3 -840.37823589 124
CF3 10 23 4 -843.94649211 124
CF3 10 24 0 -862.82346333 128
CF3 10 24 1 -864.48864018 128
CF3 10 24 2 -863.37031185 128
CF3 10 24 3 -864.92492982 128
CF3 10 24 4 -864.45779850 128
CF3 10 25 0 -879.13372358 132
CF3 10 25 1 -874.23439404 132
CF3 10 25 2 -866.28752367 131
CF3 10 25 3 -857.98874485 130
CF3 10 25 4 -805.07189433 120
CF3 10 26 0 -824.54512282 123
CF3 10 26 1 -819.20092762 123
CF3 10 26 2 -821.51176911 120
CF3 10 26 3 -811.01010015 120
CF3 10 26 4 -808.04910828 120
CF3 10 27 0 -832.33646726 124
CF3 10 27 1 -830.65186928 124
CF3 10 27 2 -829.54667135 124
CF3 10 27 3 -832.12459379 124
CF3 10 27 4 -830.01212224 124
CF3 10 28 0 -857.38436598 128
CF3 10 28 1 -854.82671204 128
CF3 10 28 2 -855.05447307 128
CF3 10 28 3 -837.31522284 124
CF3 10 28 4 -837.38457442 124
CF3 10 29 0 -855.08203213 128
CF3 10 29 1 -853.40154039 128
CF3 10 29 2 -855.96210389 128
CF3 10 29 3 -856.80352109 128
CF3 10 29 4 -853.73256520 128
CF3 10 30 0 -875.37503268 132
CF3 10 30 1 -872.26614294 132
CF3 10 30 2 -872.89158369 131
CF3 10 30 3 -858.65278241 128
CF3 10 30 4 -854.95970972 128
CF3 10 31 0 -872.64076422 132
CF3 10 31 1 -869.87148622 132
CF3 10 31 2 -870.96702191 132
CF3 10 31 3 -856.85064344 128
CF3 10 31 4 -855.31868732 128
CF3 10 32 0 -872.83026183 132
CF3 10 32 1 -871.50862069 132
CF3 10 32 2 -862.75907164 130
CF3 10 32 3 -863.91690050 130
CF3 10 32 4 -870.61360780 130
CF3 10 33 0 -877.22346972 132
CF3 10 33 1 -874.45943266 132
CF3 10 33 2 -872.65955747 131
CF3 10 33 3 -847.13986213 127
CF3 10 33 4 -840.57134738 126
CF3 10 34 0 -867.75920698 130
CF3 10 34 1 -863.74735491 130
CF3 10 34 2 -860.22568199 129
CF3 10 34 3 -842.58958584 126
CF3 10 34 4 -849.11013983 126
CF3 10 35 0 -864.76155327 130
CF3 10 35 1 -858.41262397 130
CF3 10 35 2 -862.84407052 130
CF3 10 35 3 -861.10563774 130
CF3 10 35 4 -861.08972224 130
CF3 10 36 0 -884.33769540 134
CF3 10 36 1 -878.79306566 134
CF3 10 36 2 -876.73197469 134
CF3 10 36 3 -874.91535338 134
CF3 10 36 4 -862.24316272 132
CF3 10 37 0 -882.23617519 135
CF3 10 37 1 -881.28815188 135
CF3 10 37 2 -884.37671179 134
CF3 10 37 3 -880.71506667 134
CF3 10 37 4 -876.10918791 134
CF3 10 38 0 -899.32804381 138
CF3 10 38 1 -899.51944788 138
CF3 10 38 2 -879.84127303 134
CF3 10 38 3 -877.17375218 134
CF3 10 38 4 -867.55586123 133
CF3 10 39 0 -890.44657484 137
CF3 10 39 1 -886.15872700 137
CF3 10 39 2 -887.31897319 137
CF3 10 39 3 -876.54864431 135
CF3 10 39 4 -855.45856917 130
CF3 10 40 0 -875.56861038 134
CF3 10 40 1 -878.34187275 134
CF3 10 40 2 -856.24873236 130
CF3 10 40 3 -858.03887720 130
CF3 10 40 4 -856.20737097 130
CF3 10 41 0 -877.93419432 134
CF3 10 41 1 -877.77511485 134
CF3 10 41 2 -884.82674269 134
CF3 10 41 3 -886.17706530 134
CF3 10 41 4 -878.06185120 134
CF3 10 42 0 -900.25209956 138
CF3 10 42 1 -894.89511780 138
CF3 10 42 2 -901.05928872 138
CF3 10 42 3 -876.18740355 134
CF3 10 42 4 -877.03603164 134
CF3 10 43 0 -899.80451289 138
CF3 10 43 1 -880.44165739 138
CF3 10 43 2 -895.53579781 138
CF3 10 43 3 -866.70562953 134
CF3 10 43 4 -877.46971676 133
CF3 10 44 0 -898.81244340 137
CF3 10 44 1 -897.37427664 137
CF3 10 44 2 -883.00222727 134
CF3 10 44 3 -884.31944624 134
CF3 10 44 4 -884.67527312 134
CF3 10 45 0 -904.01928490 138
CF3 10 45 1 -901.35746340 138
CF3 10 45 2 -902.30138532 138
CF3 10 45 3 -886.59939782 135
CF3 10 45 4 -885.76784598 135
CF3 10 46 0 -907.88884695 139
CF3 10 46 1 -905.98735369 139
CF3 10 46 2 -908.63140716 139
CF3 10 46 3 -904.94692435 139
CF3 10 46 4 -914.37469578 139
CF3 10 47 0 -933.76242486 143
CF3 10 47 1 -927.50924398 143
CF3 10 47 2 -933.90392399 143
CF3 10 47 3 -904.36247770 138
CF3 10 47 4 -891.16431563 134
CF3 10 48 0 -902.82326635 138
CF3 10 48 1 -900.06100499 138
CF3 10 48 2 -900.22532469 138
CF3 10 48 3 -900.25637099 138
CF3 10 48 4 -905.08337111 138
CF3 10 49 0 -926.05786346 142
CF3 10 49 1 -922.98240653 142
CF3 10 49 2 -907.19552284 138
CF3 10 49 3 -908.27878632 138
CF3 10 49 4 -910.46629417 138
CF3 10 50 0 -931.05446693 142
CF3 10 50 1 -922.38327946 142
CF3 10 50 2 -926.30544262 142
CF3 10 50 3 -923.77442810 142
CF3 10 50 4 -922.41016442 142
CF3 30 1 0 -759.32602239 103
CF3 30 1 1 -742.58830779 103
CF3 30 1 2 -742.23506960 103
CF3 30 1 3 -736.83333858 102
CF3 30 1 4 -725.06792424 99
CF3 30 2 0 -757.53014856 103
CF3 30 2 1 -739.98290695 103
CF3 30 2 2 -742.39111954 103
CF3 30 2 3 -740.49491206 103
CF3 30 2 4 -740.41883998 103
CF3 30 3 0 -777.92587901 107
CF3 30 3 1 -769.22209976 107
CF3 30 3 2 -755.04780750 105
CF3 30 3 3 -754.15134890 104
CF3 30 3 4 -754.77105504 104
CF3 30 4 0 -783.65713272 108
CF3 30 4 1 -767.72295880 108
CF3 30 4 2 -766.99234752 108
CF3 30 4 3 -766.65650214 108
CF3 30 4 4 -769.28386499 108
CF3 30 5 0 -804.28557133 112
CF3 30 5 1 -786.93195540 112
CF3 30 5 2 -788.33228979 112
CF3 30 5 3 -763.99500615 108
CF3 30 5 4 -766.17633818 108
CF3 30 6 0 -798.97543971 112
CF3 30 6 1 -784.08107925 112
CF3 30 6 2 -784.89177893 112
CF3 30 6 3 -787.17837347 112
CF3 30 6 4 -789.04067828 112
CF3 30 7 0 -829.00548866 116
CF3 30 7 1 -812.02069697 116
CF3 30 7 2 -812.52364531 116
CF3 30 7 3 -786.33439250 112
CF3 30 7 4 -785.79414144 112
CF3 30 8 0 -818.56218457 116
CF3 30 8 1 -806.25869345 116
CF3 30 8 2 -801.06769600 116
CF3 30 8 3 -805.24405662 116
CF3 30 8 4 -790.23514464 114
CF3 30 9 0 -827.05489614 118
CF3 30 9 1 -814.06197886 118
CF3 30 9 2 -815.50469349 118
CF3 30 9 3 -806.69172632 117
CF3 30 9 4 -801.00443921 115
CF3 30 10 0 -832.44574661 119
CF3 30 10 1 -812.62422423 119
CF3 30 10 2 -818.12346105 119
CF3 30 10 3 -787.20424008 114
CF3 30 10 4 -786.16959877 113
CF3 30 11 0 -796.35907097 114
CF3 30 11 1 -783.21540919 114
CF3 30 11 2 -783.49613356 114
CF3 30 11 3 -774.08688213 113
CF3 30 11 4 -765.21851703 111
CF3 30 12 0 -791.91992699 114
CF3 30 12 1 -773.16141755 114
CF3 30 12 2 -783.18639240 114
CF3 30 12 3 -778.44845599 114
CF3 30 12 4 -784.94182036 114
CF3 30 13 0 -819.99608164 118
CF3 30 13 1 -801.10725617 118
CF3 30 13 2 -803.90249172 118
CF3 30 13 3 -799.85853400 118
CF3 30 13 4 -803.80545581 118
CF3 30 14 0 -834.49414023 122
CF3 30 14 1 -821.81894036 122
CF3 30 14 2 -823.29756903 122
CF3 30 14 3 -815.37800118 120
CF3 30 14 4 -730.83158506 106
CF3 30 15 0 -765.14748886 110
CF3 30 15 1 -751.43804092 110
CF3 30 15 2 -748.64142503 110
CF3 30 15 3 -754.56003204 110
CF3 30 15 4 -754.63367364 110
CF3 30 16 0 -790.67220513 114
CF3 30 16 1 -779.27931720 114
CF3 30 16 2 -776.53781168 114
CF3 30 16 3 -777.89775552 114
CF3 30 16 4 -743.59542607 109
CF3 30 17 0 -776.94931203 113
CF3 30 17 1 -765.75642551 113
CF3 30 17 2 -750.88195668 110
CF3 30 17 3 -750.02394687 110
CF3 30 17 4 -744.17435190 108
CF3 30 18 0 -776.33992270 112
CF3 30 18 1 -760.23161286 112
CF3 30 18 2 -760.65710109 112
CF3 30 18 3 -759.29389933 112
CF3 30 18 4 -759.36862404 112
CF3 30 19 0 -792.50038039 116
CF3 30 19 1 -775.25314231 116
CF3 30 19 2 -780.46641748 116
CF3 30 19 3 -781.06909657 116
CF3 30 19 4 -730.28617440 108
CF3 30 20 0 -765.71417032 112
CF3 30 20 1 -753.22274176 112
CF3 30 20 2 -754.39459755 112
CF3 30 20 3 -702.76177864 104
CF3 30 20 4 -670.86711530 101
CF3 30 21 0 -711.29400169 105
CF3 30 21 1 -693.55317467 105
CF3 30 21 2 -699.75571099 105
CF3 30 21 3 -702.49468164 105
CF3 30 21 4 -630.49394199 95
CF3 30 22 0 -664.25436589 98
CF3 30 22 1 -662.67171339 98
CF3 30 22 2 -658.94191694 98
CF3 30 22 3 -656.16183444 98
CF3 30 22 4 -638.35886884 94
CF3 30 23 0 -664.59222519 98
CF3 30 23 1 -647.48132183 98
CF3 30 23 2 -654.55390394 98
CF3 30 23 3 -649.01702571 98
CF3 30 23 4 -647.07441397 97
CF3 30 24 0 -681.09267549 101
CF3 30 24 1 -663.76392636 100
CF3 30 24 2 -647.32685529 98
CF3 30 24 3 -640.79527741 98
CF3 30 24 4 -641.36607808 98
CF3 30 25 0 -675.11747740 102
CF3 30 25 1 -663.36544557 102
CF3 30 25 2 -667.08407995 102
CF3 30 25 3 -658.52440492 102
CF3 30 25 4 -660.84598393 101
CF3 30 26 0 -688.51062530 103
CF3 30 26 1 -673.85478814 103
CF3 30 26 2 -672.80442003 102
CF3 30 26 3 -645.16169421 98
CF3 30 26 4 -605.48947838 90
CF3 30 27 0 -631.37382325 94
CF3 30 27 1 -614.61927014 94
CF3 30 27 2 -592.20661836 92
CF3 30 27 3 -599.55029714 92
CF3 30 27 4 -591.46268985 92
CF3 30 28 0 -629.13753422 96
CF3 30 28 1 -622.66785078 96
CF3 30 28 2 -620.78888461 96
CF3 30 28 3 -606.05686308 92
CF3 30 28 4 -606.28185616 92
CF3 30 29 0 -630.90763928 96
CF3 30 29 1 -618.95984355 96
CF3 30 29 2 -615.78481799 96
CF3 30 29 3 -620.71238613 96
CF3 30 29 4 -585.56616322 90
CF3 30 30 0 -612.50690227 94
CF3 30 30 1 -602.34843840 94
CF3 30 30 2 -605.21124720 94
CF3 30 30 3 -585.93696191 90
CF3 30 30 4 -543.05631124 84
CF3 30 31 0 -575.21032877 87
CF3 30 31 1 -553.62509115 87
CF3 30 31 2 -559.09449214 87
CF3 30 31 3 -556.42600815 87
CF3 30 31 4 -556.78144418 87
CF3 30 32 0 -591.87569913 91
CF3 30 32 1 -581.63821505 91
CF3 30 32 2 -586.12617541 91
CF3 30 32 3 -556.07222440 87
CF3 30 32 4 -519.93422713 80
CF3 30 33 0 -546.29669729 84
CF3 30 33 1 -537.26546673 84
CF3 30 33 2 -535.39834269 84
CF3 30 33 3 -539.09083058 84
CF3 30 33 4 -539.79010467 84
CF3 30 34 0 -574.41405588 88
CF3 30 34 1 -561.83381352 88
CF3 30 34 2 -558.74217570 88
CF3 30 34 3 -545.55667218 86
CF3 30 34 4 -520.46148997 82
CF3 30 35 0 -548.92359308 85
CF3 30 35 1 -529.16281862 85
CF3 30 35 2 -515.36483469 81
CF3 30 35 3 -516.37475111 81
CF3 30 35 4 -494.88147262 78
CF3 30 36 0 -527.91963887 82
CF3 30 36 1 -507.30408080 82
CF3 30 36 2 -512.71285992 81
CF3 30 36 3 -512.43377275 80
CF3 30 36 4 -509.45888533 80
CF3 30 37 0 -546.70197759 84
CF3 30 37 1 -526.81561902 84
CF3 30 37 2 -530.56002704 84
CF3 30 37 3 -493.34560149 77
CF3 30 37 4 -495.19974132 77
CF3 30 38 0 -532.63867912 81
CF3 30 38 1 -519.85370063 81
CF3 30 38 2 -502.19552588 77
CF3 30 38 3 -501.54128992 77
CF3 30 38 4 -504.25408018 77
CF3 30 39 0 -532.58989903 81
CF3 30 39 1 -520.34477712 81
CF3 30 39 2 -519.88489303 81
CF3 30 39 3 -506.60357972 78
CF3 30 39 4 -458.50601542 69
CF3 30 40 0 -481.97699357 73
CF3 30 40 1 -465.14866877 73
CF3 30 40 2 -467.36387415 73
CF3 30 40 3 -435.23650492 68
CF3 30 40 4 -433.45804063 68
CF3 30 41 0 -463.86105652 72
CF3 30 41 1 -436.66945158 69
CF3 30 41 2 -440.02046968 69
CF3 30 41 3 -434.71326135 67
CF3 30 41 4 -435.22980400 67
CF3 30 42 0 -461.96686606 71
CF3 30 42 1 -448.06959548 71
CF3 30 42 2 -449.35548748 71
CF3 30 42 3 -433.25929232 69
CF3 30 42 4 -432.08244016 68
CF3 30 43 0 -445.58924690 69
CF3 30 43 1 -426.93082189 68
CF3 30 43 2 -404.15018882 63
CF3 30 43 3 -398.70805318 63
CF3 30 43 4 -389.15190042 60
CF3 30 44 0 -421.89802828 64
CF3 30 44 1 -404.91285734 64
CF3 30 44 2 -401.35016067 63
CF3 30 44 3 -401.45743391 63
CF3 30 44 4 -405.56685975 63
CF3 30 45 0 -441.97613499 67
CF3 30 45 1 -421.33971046 67
CF3 30 45 2 -371.94091808 59
CF3 30 45 3 -366.94245533 58
CF3 30 45 4 -369.34518074 58
CF3 30 46 0 -401.55109787 62
CF3 30 46 1 -384.75377407 62
CF3 30 46 2 -390.96102769 62
CF3 30 46 3 -379.91853328 60
CF3 30 46 4 -339.04579909 53
CF3 30 47 0 -370.65603335 57
CF3 30 47 1 -356.64925689 57
CF3 30 47 2 -354.08081262 57
CF3 30 47 3 -319.58760985 52
CF3 30 47 4 -319.48769679 51
CF3 30 48 0 -354.37560845 55
CF3 30 48 1 -333.60764984 54
CF3 30 48 2 -328.58289206 53
CF3 30 48 3 -325.11296490 53
CF3 30 48 4 -311.38638525 50
CF3 30 49 0 -339.82079450 54
CF3 30 49 1 -322.69834517 54
CF3 30 49 2 -327.69355721 54
CF3 30 49 3 -312.16133792 52
CF3 30 49 4 -257.84415973 43
CF3 30 50 0 -287.84267831 47
CF3 30 50 1 -270.40890391 47
CF3 30 50 2 -264.22871537 47
CF3 30 50 3 -267.21349260 47
CF3 30 50 4 -236.45542730 41
CH2F 10 1 0 -759.02365518 103
CH2F 10 1 1 -748.75976974 103
CH2F 10 1 2 -751.28607066 103
CH2F 10 1 3 -752.94301030 103
CH2F 10 1 4 -752.75868330 103
CH2F 10 2 0 -777.53612596 107
CH2F 10 2 1 -775.21097054 107
CH2F 10 2 2 -776.16591309 107
CH2F 10 2 3 -757.46194739 103
CH2F 10 2 4 -757.30663815 103
CH2F 10 3 0 -778.52966820 107
CH2F 10 3 1 -768.86706243 107
CH2F 10 3 2 -770.56821759 107
CH2F 10 3 3 -770.69658573 107
CH2F 10 3 4 -768.76696881 107
CH2F 10 4 0 -790.30119981 111
CH2F 10 4 1 -785.02735706 111
CH2F 10 4 2 -787.85917780 111
CH2F 10 4 3 -789.29443911 111
CH2F 10 4 4 -787.64523478 111
CH2F 10 5 0 -811.99491258 115
CH2F 10 5 1 -809.75294013 115
CH2F 10 5 2 -810.50214561 115
CH2F 10 5 3 -807.78694454 115
CH2F 10 5 4 -808.00689915 115
CH2F 10 6 0 -831.54449133 119
CH2F 10 6 1 -834.36815496 119
CH2F 10 6 2 -833.14679888 119
CH2F 10 6 3 -832.92018803 119
CH2F 10 6 4 -831.19389083 119
CH2F 10 7 0 -855.03915712 123
CH2F 10 7 1 -852.63063478 123
CH2F 10 7 2 -852.47108317 123
CH2F 10 7 3 -851.64298368 123
CH2F 10 7 4 -829.07313474 118
CH2F 10 8 0 -853.58083772 122
CH2F 10 8 1 -845.63875769 122
CH2F 10 8 2 -846.47155954 122
CH2F 10 8 3 -847.28716925 122
CH2F 10 8 4 -847.83356629 122
CH2F 10 9 0 -872.64834778 126
CH2F 10 9 1 -863.31185073 126
CH2F 10 9 2 -865.46734255 126
CH2F 10 9 3 -868.78613316 126
CH2F 10 9 4 -867.87977255 126
CH2F 10 10 0 -892.67938157 130
CH2F 10 10 1 -888.50600894 130
CH2F 10 10 2 -885.15105658 130
CH2F 10 10 3 -886.05930484 130
CH2F 10 10 4 -887.21313216 130
CH2F 10 11 0 -909.20027213 134
CH2F 10 11 1 -904.64481022 134
CH2F 10 11 2 -903.26573610 133
CH2F 10 11 3 -879.02310570 129
CH2F 10 11 4 -882.53014085 129
CH2F 10 12 0 -906.54417267 133
CH2F 10 12 1 -902.17361647 133
CH2F 10 12 2 -899.48599348 133
CH2F 10 12 3 -903.67326127 133
CH2F 10 12 4 -900.98160248 133
CH2F 10 13 0 -924.26783012 137
CH2F 10 13 1 -907.26613032 137
CH2F 10 13 2 -911.87373303 137
CH2F 10 13 3 -918.46512225 137
CH2F 10 13 4 -910.09990732 136
CH2F 10 14 0 -940.70100304 140
CH2F 10 14 1 -936.52194558 140
CH2F 10 14 2 -927.10102945 139
CH2F 10 14 3 -911.83771079 135
CH2F 10 14 4 -873.20757351 129
CH2F 10 15 0 -894.96887232 133
CH2F 10 15 1 -891.92319590 133
CH2F 10 15 2 -886.22200799 133
CH2F 10 15 3 -893.12062871 133
CH2F 10 15 4 -887.81190003 131
CH2F 10 16 0 -908.33830622 135
CH2F 10 16 1 -898.33596205 135
CH2F 10 16 2 -897.88745774 135
CH2F 10 16 3 -864.12946276 128
CH2F 10 16 4 -867.66090547 128
CH2F 10 17 0 -889.67116705 132
CH2F 10 17 1 -888.83789641 132
CH2F 10 17 2 -870.93875538 128
CH2F 10 17 3 -870.77276205 128
CH2F 10 17 4 -871.11339546 128
CH2F 10 18 0 -888.70482970 132
CH2F 10 18 1 -889.19191122 132
CH2F 10 18 2 -890.00831918 132
CH2F 10 18 3 -893.63450269 132
CH2F 10 18 4 -896.68603728 132
CH2F 10 19 0 -919.52408483 136
CH2F 10 19 1 -915.53819609 136
CH2F 10 19 2 -917.50046737 136
CH2F 10 19 3 -916.67361100 136
CH2F 10 19 4 -916.81732325 136
CH2F 10 20 0 -939.37235166 140
CH2F 10 20 1 -933.87383314 140
CH2F 10 20 2 -936.50652931 140
CH2F 10 20 3 -934.52427318 140
CH2F 10 20 4 -934.34913147 140
CH2F 10 21 0 -956.12539592 144
CH2F 10 21 1 -946.98835994 144
CH2F 10 21 2 -946.54310497 144
CH2F 10 21 3 -946.48929494 144
CH2F 10 21 4 -944.12382026 144
CH2F 10 22 0 -969.80495217 148
CH2F 10 22 1 -970.06266603 148
CH2F 10 22 2 -957.58366969 146
CH2F 10 22 3 -949.48759227 143
CH2F 10 22 4 -948.60245971 143
CH2F 10 23 0 -967.24687175 147
CH2F 10 23 1 -967.84163782 147
CH2F 10 23 2 -975.09417022 147
CH2F 10 23 3 -948.04690516 142
CH2F 10 23 4 -948.28118590 142
CH2F 10 24 0 -973.23401597 146
CH2F 10 24 1 -971.08661720 146
CH2F 10 24 2 -967.52281362 146
CH2F 10 24 3 -967.30597661 146
CH2F 10 24 4 -964.94666312 146
CH2F 10 25 0 -987.78726846 150
CH2F 10 25 1 -987.66683674 150
CH2F 10 25 2 -983.17363869 149
CH2F 10 25 3 -956.06544327 143
CH2F 10 25 4 -945.97611648 143
CH2F 10 26 0 -972.72248673 147
CH2F 10 26 1 -969.55108214 147
CH2F 10 26 2 -965.32777689 147
CH2F 10 26 3 -962.36980233 147
CH2F 10 26 4 -945.66501486 144
CH2F 10 27 0 -967.91416234 148
CH2F 10 27 1 -967.21528001 148
CH2F 10 27 2 -964.93195117 147
CH2F 10 27 3 -961.21525869 147
CH2F 10 27 4 -961.73539527 147
CH2F 10 28 0 -984.34080507 151
CH2F 10 28 1 -981.04173431 151
CH2F 10 28 2 -975.60998444 151
CH2F 10 28 3 -981.19297430 151
CH2F 10 28 4 -965.22682911 148
CH2F 10 29 0 -992.87230743 152
CH2F 10 29 1 -989.83019734 152
CH2F 10 29 2 -985.20597055 152
CH2F 10 29 3 -975.16956157 150
CH2F 10 29 4 -977.89847760 150
CH2F 10 30 0 -1002.14153806 154
CH2F 10 30 1 -1001.50705447 154
CH2F 10 30 2 -999.48895090 154
CH2F 10 30 3 -979.00607277 151
CH2F 10 30 4 -899.09961886 135
CH2F 10 31 0 -920.48443842 138
CH2F 10 31 1 -911.64773927 138
CH2F 10 31 2 -907.34178812 137
CH2F 10 31 3 -907.60642063 137
CH2F 10 31 4 -890.77489669 132
CH2F 10 32 0 -909.05312415 136
CH2F 10 32 1 -898.35837250 136
CH2F 10 32 2 -897.46324967 136
CH2F 10 32 3 -901.33526727 136
CH2F 10 32 4 -894.87331996 136
CH2F 10 33 0 -918.22978180 140
CH2F 10 33 1 -914.90808051 140
CH2F 10 33 2 -917.26158190 140
CH2F 10 33 3 -910.73388557 140
CH2F 10 33 4 -908.49932606 140
CH2F 10 34 0 -933.46380052 144
CH2F 10 34 1 -927.56688636 144
CH2F 10 34 2 -923.65106662 144
CH2F 10 34 3 -922.08925206 144
CH2F 10 34 4 -928.87169836 144
CH2F 10 35 0 -950.04092932 148
CH2F 10 35 1 -946.56621290 148
CH2F 10 35 2 -952.32203206 148
CH2F 10 35 3 -927.04777024 143
CH2F 10 35 4 -927.68137823 143
CH2F 10 36 0 -949.55443676 147
CH2F 10 36 1 -940.97080090 147
CH2F 10 36 2 -948.52421279 147
CH2F 10 36 3 -945.72992822 147
CH2F 10 36 4 -948.52178452 147
CH2F 10 37 0 -972.66777802 151
CH2F 10 37 1 -972.04951938 151
CH2F 10 37 2 -968.71694516 151
CH2F 10 37 3 -965.31885229 150
CH2F 10 37 4 -963.24326304 150
CH2F 10 38 0 -987.46577732 154
CH2F 10 38 1 -983.97565791 154
CH2F 10 38 2 -960.52975700 150
CH2F 10 38 3 -962.58143344 150
CH2F 10 38 4 -963.52883491 150
CH2F 10 39 0 -984.01809325 154
CH2F 10 39 1 -978.93253194 154
CH2F 10 39 2 -974.24635538 151
CH2F 10 39 3 -964.57845912 150
CH2F 10 39 4 -961.29696092 150
CH2F 10 40 0 -988.64742677 154
CH2F 10 40 1 -984.35971534 154
CH2F 10 40 2 -981.59432749 154
CH2F 10 40 3 -990.75665613 154
CH2F 10 40 4 -988.35448449 154
CH2F 10 41 0 -1006.94866924 158
CH2F 10 41 1 -985.73132778 158
CH2F 10 41 2 -999.68967316 158
CH2F 10 41 3 -997.14334526 158
CH2F 10 41 4 -1001.99171661 158
CH2F 10 42 0 -1016.80816784 162
CH2F 10 42 1 -1017.76190718 162
CH2F 10 42 2 -1012.74430123 162
CH2F 10 42 3 -994.08844288 158
CH2F 10 42 4 -995.77827969 158
CH2F 10 43 0 -1015.28324518 162
CH2F 10 43 1 -1009.74455369 162
CH2F 10 43 2 -1010.25656110 162
CH2F 10 43 3 -1002.36044334 161
CH2F 10 43 4 -1000.45099555 160
CH2F 10 44 0 -1024.80693333 164
CH2F 10 44 1 -1023.19787745 164
CH2F 10 44 2 -1018.68817204 164
CH2F 10 44 3 -1016.04229984 164
CH2F 10 44 4 -1013.69714348 164
CH2F 10 45 0 -1034.30969900 168
CH2F 10 45 1 -1034.17407797 168
CH2F 10 45 2 -1029.13059516 168
CH2F 10 45 3 -1011.25721915 163
CH2F 10 45 4 -1008.08944264 163
CH2F 10 46 0 -1031.27746768 167
CH2F 10 46 1 -1027.41340293 167
CH2F 10 46 2 -1021.66086241 165
CH2F 10 46 3 -1016.04232600 164
CH2F 10 46 4 -1006.67992713 160
CH2F 10 47 0 -1026.03590506 164
CH2F 10 47 1 -1023.63878030 164
CH2F 10 47 2 -985.19054461 159
CH2F 10 47 3 -982.01317490 157
CH2F 10 47 4 -993.86588579 157
CH2F 10 48 0 -1009.51638212 161
CH2F 10 48 1 -1005.71691454 161
CH2F 10 48 2 -990.53985694 157
CH2F 10 48 3 -992.17286641 157
CH2F 10 48 4 -990.68615339 157
CH2F 10 49 0 -1009.95113741 161
CH2F 10 49 1 -1008.99139587 161
CH2F 10 49 2 -986.26938228 156
CH2F 10 49 3 -988.42889511 156
CH2F 10 49 4 -990.18939876 156
CH2F 10 50 0 -1008.78307087 160
CH2F 10 50 1 -1002.60227936 160
CH2F 10 50 2 -1000.87588858 160
CH2F 10 50 3 -1003.67818169 160
CH2F 10 50 4 -993.84611159 160
CH2F 30 1 0 -759.03803213 103
CH2F 30 1 1 -740.09986113 103
CH2F 30 1 2 -741.04786545 103
CH2F 30 1 3 -745.74965369 103
CH2F 30 1 4 -742.01523430 103
CH2F 30 2 0 -778.01937927 107
CH2F 30 2 1 -762.01674297 107
CH2F 30 2 2 -758.47022679 105
CH2F 30 2 3 -758.81245096 105
CH2F 30 2 4 -760.39120202 105
CH2F 30 3 0 -791.91451785 109
CH2F 30 3 1 -783.62891021 109
CH2F 30 3 2 -775.61957309 107
CH2F 30 3 3 -762.57367550 105
CH2F 30 3 4 -760.51584740 105
CH2F 30 4 0 -786.87709534 109
CH2F 30 4 1 -773.00670546 109
CH2F 30 4 2 -760.72569052 109
CH2F 30 4 3 -743.96480572 105
CH2F 30 4 4 -744.11527969 103
CH2F 30 5 0 -776.77465497 107
CH2F 30 5 1 -754.95882545 107
CH2F 30 5 2 -759.24109676 107
CH2F 30 5 3 -754.49469854 107
CH2F 30 5 4 -757.96424607 107
CH2F 30 6 0 -790.96875076 111
CH2F 30 6 1 -777.70657782 111
CH2F 30 6 2 -763.85671261 109
CH2F 30 6 3 -764.72107698 108
CH2F 30 6 4 -762.32489224 108
CH2F 30 7 0 -793.96778144 112
CH2F 30 7 1 -771.06198218 111
CH2F 30 7 2 -771.72886706 110
CH2F 30 7 3 -766.96389455 109
CH2F 30 7 4 -768.93410459 109
CH2F 30 8 0 -798.88583350 113
CH2F 30 8 1 -782.50647547 113
CH2F 30 8 2 -783.00311516 113
CH2F 30 8 3 -784.55256680 113
CH2F 30 8 4 -783.99726360 113
CH2F 30 9 0 -804.69522346 114
CH2F 30 9 1 -785.99186421 114
CH2F 30 9 2 -786.99671386 114
CH2F 30 9 3 -792.43659582 114
CH2F 30 9 4 -770.93139450 112
CH2F 30 10 0 -804.87860016 116
CH2F 30 10 1 -791.43832047 116
CH2F 30 10 2 -789.82042132 116
CH2F 30 10 3 -793.56364086 116
CH2F 30 10 4 -790.27705733 116
CH2F 30 11 0 -830.20940295 120
CH2F 30 11 1 -819.27647812 120
CH2F 30 11 2 -808.26192875 119
CH2F 30 11 3 -756.31446365 110
CH2F 30 11 4 -757.37745674 110
CH2F 30 12 0 -788.13303508 114
CH2F 30 12 1 -768.72638863 114
CH2F 30 12 2 -768.58824740 114
CH2F 30 12 3 -771.39067400 114
CH2F 30 12 4 -766.82059391 114
CH2F 30 13 0 -806.96361062 118
CH2F 30 13 1 -794.68099726 118
CH2F 30 13 2 -762.77823116 114
CH2F 30 13 3 -750.84454342 110
CH2F 30 13 4 -740.97070799 108
CH2F 30 14 0 -772.71183853 112
CH2F 30 14 1 -754.61832407 112
CH2F 30 14 2 -751.36728940 111
CH2F 30 14 3 -754.88770230 111
CH2F 30 14 4 -754.93042753 111
CH2F 30 15 0 -785.52115754 115
CH2F 30 15 1 -768.18350264 115
CH2F 30 15 2 -757.73264204 113
CH2F 30 15 3 -729.40492846 107
CH2F 30 15 4 -713.53500770 105
CH2F 30 16 0 -742.56022847 109
CH2F 30 16 1 -737.38041061 109
CH2F 30 16 2 -702.04519374 102
CH2F 30 16 3 -705.72588757 102
CH2F 30 16 4 -705.81814909 102
CH2F 30 17 0 -738.45461706 106
CH2F 30 17 1 -725.27462429 106
CH2F 30 17 2 -723.88096212 106
CH2F 30 17 3 -695.65231759 99
CH2F 30 17 4 -696.36306160 99
CH2F 30 18 0 -725.11189015 103
CH2F 30 18 1 -705.93133646 103
CH2F 30 18 2 -708.43061046 103
CH2F 30 18 3 -708.69204540 103
CH2F 30 18 4 -707.47525920 103
CH2F 30 19 0 -739.07008141 107
CH2F 30 19 1 -721.59758522 105
CH2F 30 19 2 -723.79802733 105
CH2F 30 19 3 -723.87713594 105
CH2F 30 19 4 -714.60732063 102
CH2F 30 20 0 -747.31197627 106
CH2F 30 20 1 -729.69682226 106
CH2F 30 20 2 -728.95019070 106
CH2F 30 20 3 -729.44890726 106
CH2F 30 20 4 -730.58086582 106
CH2F 30 21 0 -764.41205944 110
CH2F 30 21 1 -753.65031931 110
CH2F 30 21 2 -741.66694224 108
CH2F 30 21 3 -739.18878800 108
CH2F 30 21 4 -738.90051566 108
CH2F 30 22 0 -768.79856781 112
CH2F 30 22 1 -756.16728923 112
CH2F 30 22 2 -746.36250170 110
CH2F 30 22 3 -747.39834867 110
CH2F 30 22 4 -746.85686384 110
CH2F 30 23 0 -781.30892934 114
CH2F 30 23 1 -762.21189338 113
CH2F 30 23 2 -761.79711276 113
CH2F 30 23 3 -766.76995475 113
CH2F 30 23 4 -765.13325871 113
CH2F 30 24 0 -800.98055076 117
CH2F 30 24 1 -781.54074133 116
CH2F 30 24 2 -786.10135721 116
CH2F 30 24 3 -769.46584149 112
CH2F 30 24 4 -754.94112479 110
CH2F 30 25 0 -784.18957387 114
CH2F 30 25 1 -764.32822297 114
CH2F 30 25 2 -757.17294152 112
CH2F 30 25 3 -758.46032537 112
CH2F 30 25 4 -758.00784128 112
CH2F 30 26 0 -789.36867409 116
CH2F 30 26 1 -769.55421437 116
CH2F 30 26 2 -767.95577281 113
CH2F 30 26 3 -766.06369480 113
CH2F 30 26 4 -769.19665687 113
CH2F 30 27 0 -798.72052124 117
CH2F 30 27 1 -784.96362198 117
CH2F 30 27 2 -787.76027898 117
CH2F 30 27 3 -785.59311047 117
CH2F 30 27 4 -781.78506825 117
CH2F 30 28 0 -818.91522746 121
CH2F 30 28 1 -803.00123261 121
CH2F 30 28 2 -803.55954224 121
CH2F 30 28 3 -803.39379654 121
CH2F 30 28 4 -801.60915528 121
CH2F 30 29 0 -838.09602832 125
CH2F 30 29 1 -819.07218688 125
CH2F 30 29 2 -822.53087222 125
CH2F 30 29 3 -823.62066697 125
CH2F 30 29 4 -824.39862596 125
CH2F 30 30 0 -854.24750572 129
CH2F 30 30 1 -836.87575535 129
CH2F 30 30 2 -846.57724176 129
CH2F 30 30 3 -841.40784032 129
CH2F 30 30 4 -847.88420030 129
CH2F 30 31 0 -885.82826618 133
CH2F 30 31 1 -872.48667795 133
CH2F 30 31 2 -866.85881970 132
CH2F 30 31 3 -848.08731396 128
CH2F 30 31 4 -805.63071794 120
CH2F 30 32 0 -834.22730485 124
CH2F 30 32 1 -809.85009908 124
CH2F 30 32 2 -807.63979814 123
CH2F 30 32 3 -803.72578558 123
CH2F 30 32 4 -807.70863826 122
CH2F 30 33 0 -836.10835293 126
CH2F 30 33 1 -816.46335167 125
CH2F 30 33 2 -822.37810737 125
CH2F 30 33 3 -815.95692234 125
CH2F 30 33 4 -800.22092223 120
CH2F 30 34 0 -832.58427058 124
CH2F 30 34 1 -814.61011003 124
CH2F 30 34 2 -816.27346019 124
CH2F 30 34 3 -790.94615367 121
CH2F 30 34 4 -725.39553994 112
CH2F 30 35 0 -770.06837300 116
CH2F 30 35 1 -753.35109647 116
CH2F 30 35 2 -757.37556206 116
CH2F 30 35 3 -755.57569647 116
CH2F 30 35 4 -694.36481560 105
CH2F 30 36 0 -728.39330460 109
CH2F 30 36 1 -707.07612615 109
CH2F 30 36 2 -698.12338147 109
CH2F 30 36 3 -702.94154390 109
CH2F 30 36 4 -700.43045811 109
CH2F 30 37 0 -730.55509819 113
CH2F 30 37 1 -709.10139441 111
CH2F 30 37 2 -712.56957646 111
CH2F 30 37 3 -711.20138720 111
CH2F 30 37 4 -710.71389328 111
CH2F 30 38 0 -739.15971504 115
CH2F 30 38 1 -721.98224030 115
CH2F 30 38 2 -716.74809402 114
CH2F 30 38 3 -688.75290157 109
CH2F 30 38 4 -688.05235101 107
CH2F 30 39 0 -709.82261302 110
CH2F 30 39 1 -703.62523532 110
CH2F 30 39 2 -697.32341301 109
CH2F 30 39 3 -670.28843365 104
CH2F 30 39 4 -670.63632863 104
CH2F 30 40 0 -695.16886047 108
CH2F 30 40 1 -677.41063572 108
CH2F 30 40 2 -679.06657091 108
CH2F 30 40 3 -686.90931318 108
CH2F 30 40 4 -686.37010637 108
CH2F 30 41 0 -702.46027055 108
CH2F 30 41 1 -681.13470034 106
CH2F 30 41 2 -682.45302358 106
CH2F 30 41 3 -681.20956176 106
CH2F 30 41 4 -685.41998819 106
CH2F 30 42 0 -713.67005253 110
CH2F 30 42 1 -689.81661219 109
CH2F 30 42 2 -699.72646189 108
CH2F 30 42 3 -695.67913461 108
CH2F 30 42 4 -685.96221418 106
CH2F 30 43 0 -719.23046702 110
CH2F 30 43 1 -692.34946557 108
CH2F 30 43 2 -693.43305108 108
CH2F 30 43 3 -689.23100679 108
CH2F 30 43 4 -701.00562131 108
CH2F 30 44 0 -727.29455757 112
CH2F 30 44 1 -704.92575094 110
CH2F 30 44 2 -715.56140461 110
CH2F 30 44 3 -715.96672799 110
CH2F 30 44 4 -715.75438381 110
CH2F 30 45 0 -745.59333161 114
CH2F 30 45 1 -722.28173998 113
CH2F 30 45 2 -717.16309855 112
CH2F 30 45 3 -717.05181183 112
CH2F 30 45 4 -715.94012453 112
CH2F 30 46 0 -750.14286101 116
CH2F 30 46 1 -730.94507779 116
CH2F 30 46 2 -733.38151491 116
CH2F 30 46 3 -729.78178650 116
CH2F 30 46 4 -733.84545264 115
CH2F 30 47 0 -767.96430602 119
CH2F 30 47 1 -753.56679613 119
CH2F 30 47 2 -757.47940614 119
CH2F 30 47 3 -703.40260184 109
CH2F 30 47 4 -684.27365427 107
CH2F 30 48 0 -719.70791455 111
CH2F 30 48 1 -695.20319167 111
CH2F 30 48 2 -695.41172742 111
CH2F 30 48 3 -697.66550307 111
CH2F 30 48 4 -642.66468636 99
CH2F 30 49 0 -649.87408518 99
CH2F 30 49 1 -629.71708441 98
CH2F 30 49 2 -630.98400503 98
CH2F 30 49 3 -629.86319080 98
CH2F 30 49 4 -603.51014358 94
CH2F 30 50 0 -638.17604123 98
CH2F 30 50 1 -621.61570654 98
CH2F 30 50 2 -626.80623286 98
CH2F 30 50 3 -627.01843047 98
CH2F 30 50 4 -617.05198108 97
CHF2 10 1 0 -759.23701606 103
CHF2 10 1 1 -751.95253580 103
CHF2 10 1 2 -752.20080763 103
CHF2 10 1 3 -751.13483294 103
CHF2 10 1 4 -752.32575708 103
CHF2 10 2 0 -776.22027135 107
CHF2 10 2 1 -771.71290533 107
CHF2 10 2 2 -773.59536444 107
CHF2 10 2 3 -772.93939367 107
CHF2 10 2 4 -774.57696639 107
CHF2 10 3 0 -801.58211784 111
CHF2 10 3 1 -795.50010089 111
CHF2 10 3 2 -797.53239236 111
CHF2 10 3 3 -788.75742720 109
CHF2 10 3 4 -790.27111053 109
CHF2 10 4 0 -813.97624374 113
CHF2 10 4 1 -808.02936678 113
CHF2 10 4 2 -810.30234441 113
CHF2 10 4 3 -809.40326805 113
CHF2 10 4 4 -806.64087668 113
CHF2 10 5 0 -831.47332287 117
CHF2 10 5 1 -826.84593518 117
CHF2 10 5 2 -826.04995283 117
CHF2 10 5 3 -826.48350590 117
CHF2 10 5 4 -827.78457234 117
CHF2 10 6 0 -850.86594795 121
CHF2 10 6 1 -852.69348268 121
CHF2 10 6 2 -844.61402973 120
CHF2 10 6 3 -830.73621067 117
CHF2 10 6 4 -830.81408272 117
CHF2 10 7 0 -852.54714366 121
CHF2 10 7 1 -846.76885514 121
CHF2 10 7 2 -847.11646341 121
CHF2 10 7 3 -846.04143137 121
CHF2 10 7 4 -846.47371507 121
CHF2 10 8 0 -870.55843609 125
CHF2 10 8 1 -860.61444424 125
CHF2 10 8 2 -868.46889977 125
CHF2 10 8 3 -861.02845146 125
CHF2 10 8 4 -862.29637196 125
CHF2 10 9 0 -888.21612265 129
CHF2 10 9 1 -880.29974920 129
CHF2 10 9 2 -881.83851333 129
CHF2 10 9 3 -878.39785795 129
CHF2 10 9 4 -883.63244020 129
CHF2 10 10 0 -906.80847257 133
CHF2 10 10 1 -906.40276604 133
CHF2 10 10 2 -905.87178259 133
CHF2 10 10 3 -906.84595303 133
CHF2 10 10 4 -905.39302114 133
CHF2 10 11 0 -928.85357810 137
CHF2 10 11 1 -925.96508005 137
CHF2 10 11 2 -928.38173423 137
CHF2 10 11 3 -927.37473995 137
CHF2 10 11 4 -916.21224614 135
CHF2 10 12 0 -936.66204120 139
CHF2 10 12 1 -936.50713578 139
CHF2 10 12 2 -910.75341467 134
CHF2 10 12 3 -909.73464085 133
CHF2 10 12 4 -911.18361208 133
CHF2 10 13 0 -935.65739699 137
CHF2 10 13 1 -930.88350817 137
CHF2 10 13 2 -929.81378693 137
CHF2 10 13 3 -920.74825519 136
CHF2 10 13 4 -916.81597713 136
CHF2 10 14 0 -937.65197947 140
CHF2 10 14 1 -936.24333273 140
CHF2 10 14 2 -935.36036868 140
CHF2 10 14 3 -935.51221198 140
CHF2 10 14 4 -928.99193989 139
CHF2 10 15 0 -940.47200037 142
CHF2 10 15 1 -942.47676737 142
CHF2 10 15 2 -929.13692254 140
CHF2 10 15 3 -926.50763787 140
CHF2 10 15 4 -926.66873221 140
CHF2 10 16 0 -957.59044427 144
CHF2 10 16 1 -954.30264514 144
CHF2 10 16 2 -957.84496796 144
CHF2 10 16 3 -924.64003603 138
CHF2 10 16 4 -906.75040212 133
CHF2 10 17 0 -929.45463085 137
CHF2 10 17 1 -928.85758900 137
CHF2 10 17 2 -924.89963859 136
CHF2 10 17 3 -910.17311067 133
CHF2 10 17 4 -909.33169697 133
CHF2 10 18 0 -930.72713206 137
CHF2 10 18 1 -925.56601777 137
CHF2 10 18 2 -926.54157092 137
CHF2 10 18 3 -903.77218580 133
CHF2 10 18 4 -896.35167691 131
CHF2 10 19 0 -918.69067868 135
CHF2 10 19 1 -912.13267492 135
CHF2 10 19 2 -907.59816739 135
CHF2 10 19 3 -913.95907121 135
CHF2 10 19 4 -910.51222713 135
CHF2 10 20 0 -938.14738952 139
CHF2 10 20 1 -935.03656038 139
CHF2 10 20 2 -933.44285949 138
CHF2 10 20 3 -910.44727082 134
CHF2 10 20 4 -888.07201971 130
CHF2 10 21 0 -910.46750203 134
CHF2 10 21 1 -912.27610750 134
CHF2 10 21 2 -893.08770809 131
CHF2 10 21 3 -889.14097272 129
CHF2 10 21 4 -896.04315807 129
CHF2 10 22 0 -912.81119442 132
CHF2 10 22 1 -905.60438665 132
CHF2 10 22 2 -905.49854981 132
CHF2 10 22 3 -906.27707566 132
CHF2 10 22 4 -908.32657371 132
CHF2 10 23 0 -931.20855985 136
CHF2 10 23 1 -931.00233000 136
CHF2 10 23 2 -919.05568683 134
CHF2 10 23 3 -904.97187769 132
CHF2 10 23 4 -906.70270492 132
CHF2 10 24 0 -928.33254670 136
CHF2 10 24 1 -924.55558683 136
CHF2 10 24 2 -929.20216481 136
CHF2 10 24 3 -927.82667093 136
CHF2 10 24 4 -919.01336268 134
CHF2 10 25 0 -942.00788921 138
CHF2 10 25 1 -936.99872539 138
CHF2 10 25 2 -936.19865293 138
CHF2 10 25 3 -937.03749651 138
CHF2 10 25 4 -927.87440601 137
CHF2 10 26 0 -952.76527564 141
CHF2 10 26 1 -949.84953292 141
CHF2 10 26 2 -947.74220081 140
CHF2 10 26 3 -940.49623677 139
CHF2 10 26 4 -912.44713841 135
CHF2 10 27 0 -933.55994880 139
CHF2 10 27 1 -929.45895681 139
CHF2 10 27 2 -928.15210496 139
CHF2 10 27 3 -927.07532230 139
CHF2 10 27 4 -929.05587206 139
CHF2 10 28 0 -953.41202402 143
CHF2 10 28 1 -948.58154670 143
CHF2 10 28 2 -949.47586661 143
CHF2 10 28 3 -932.74172441 139
CHF2 10 28 4 -933.25395543 139
CHF2 10 29 0 -955.14036936 143
CHF2 10 29 1 -952.32659289 143
CHF2 10 29 2 -953.21790941 143
CHF2 10 29 3 -950.29594462 143
CHF2 10 29 4 -947.13320826 143
CHF2 10 30 0 -973.68640107 147
CHF2 10 30 1 -969.12897180 147
CHF2 10 30 2 -953.01816656 143
CHF2 10 30 3 -923.65033558 137
CHF2 10 30 4 -918.76149384 136
CHF2 10 31 0 -940.82536255 140
CHF2 10 31 1 -936.16914796 140
CHF2 10 31 2 -926.57970868 138
CHF2 10 31 3 -921.07585104 136
CHF2 10 31 4 -896.46854947 130
CHF2 10 32 0 -908.46627915 132
CHF2 10 32 1 -902.59539975 132
CHF2 10 32 2 -898.67344151 132
CHF2 10 32 3 -871.26080964 128
CHF2 10 32 4 -870.20883725 128
CHF2 10 33 0 -898.22044834 132
CHF2 10 33 1 -897.87239253 132
CHF2 10 33 2 -896.03722672 132
CHF2 10 33 3 -896.28974444 132
CHF2 10 33 4 -890.15922515 132
CHF2 10 34 0 -916.46044753 136
CHF2 10 34 1 -913.87515698 136
CHF2 10 34 2 -918.03614110 136
CHF2 10 34 3 -918.17385273 136
CHF2 10 34 4 -893.31749647 131
CHF2 10 35 0 -913.40566443 135
CHF2 10 35 1 -909.84121301 135
CHF2 10 35 2 -904.18004177 134
CHF2 10 35 3 -879.30909884 129
CHF2 10 35 4 -877.02883276 129
CHF2 10 36 0 -901.90375780 133
CHF2 10 36 1 -902.06352176 133
CHF2 10 36 2 -901.00805627 133
CHF2 10 36 3 -901.02295189 133
CHF2 10 36 4 -888.39513553 129
CHF2 10 37 0 -911.41501025 133
CHF2 10 37 1 -903.66192342 133
CHF2 10 37 2 -903.85464250 133
CHF2 10 37 3 -905.26477978 133
CHF2 10 37 4 -905.16189893 133
CHF2 10 38 0 -931.11564080 137
CHF2 10 38 1 -925.44049286 137
CHF2 10 38 2 -909.30743782 133
CHF2 10 38 3 -909.18170480 133
CHF2 10 38 4 -909.08354062 133
CHF2 10 39 0 -930.08022359 137
CHF2 10 39 1 -924.55491181 137
CHF2 10 39 2 -911.27396429 135
CHF2 10 39 3 -917.36174158 135
CHF2 10 39 4 -917.59113654 135
CHF2 10 40 0 -937.93150837 139
CHF2 10 40 1 -926.01151393 139
CHF2 10 40 2 -935.15506525 139
CHF2 10 40 3 -932.33585748 139
CHF2 10 40 4 -929.68668020 139
CHF2 10 41 0 -954.44287237 143
CHF2 10 41 1 -952.50577419 143
CHF2 10 41 2 -951.63049470 143
CHF2 10 41 3 -950.48268387 143
CHF2 10 41 4 -949.38419306 143
CHF2 10 42 0 -972.61262367 147
CHF2 10 42 1 -966.95588397 147
CHF2 10 42 2 -973.41798260 147
CHF2 10 42 3 -969.02885031 147
CHF2 10 42 4 -974.99633094 147
CHF2 10 43 0 -996.55759465 151
CHF2 10 43 1 -990.41664800 151
CHF2 10 43 2 -995.72229005 151
CHF2 10 43 3 -996.86301546 151
CHF2 10 43 4 -997.96495577 151
CHF2 10 44 0 -1020.20927474 155
CHF2 10 44 1 -1020.46833096 155
CHF2 10 44 2 -1020.40702478 155
CHF2 10 44 3 -1020.62510509 155
CHF2 10 44 4 -1012.99910623 154
CHF2 10 45 0 -1019.91632867 154
CHF2 10 45 1 -1009.03481141 154
CHF2 10 45 2 -990.22907018 151
CHF2 10 45 3 -978.80576710 149
CHF2 10 45 4 -982.84148526 149
CHF2 10 46 0 -1008.81508112 153
CHF2 10 46 1 -1005.03401350 153
CHF2 10 46 2 -1002.98626124 153
CHF2 10 46 3 -996.73800117 153
CHF2 10 46 4 -1000.57876228 153
CHF2 10 47 0 -1016.29611800 157
CHF2 10 47 1 -1002.59248193 157
CHF2 10 47 2 -998.28932768 157
CHF2 10 47 3 -1008.02690393 157
CHF2 10 47 4 -1003.05782849 157
CHF2 10 48 0 -1029.13998053 161
CHF2 10 48 1 -1026.02010105 161
CHF2 10 48 2 -1003.66881231 157
CHF2 10 48 3 -1008.28224766 157
CHF2 10 48 4 -998.49957561 157
CHF2 10 49 0 -1020.90330878 161
CHF2 10 49 1 -1023.67136608 161
CHF2 10 49 2 -1009.56952052 159
CHF2 10 49 3 -998.01527873 156
CHF2 10 49 4 -999.25133706 156
CHF2 10 50 0 -1016.87401673 160
CHF2 10 50 1 -1014.06161481 160
CHF2 10 50 2 -1017.27217106 160
CHF2 10 50 3 -999.83276461 156
CHF2 10 50 4 -992.96806909 156
CHF2 30 1 0 -759.24180413 103
CHF2 30 1 1 -741.18210652 103
CHF2 30 1 2 -741.28984661 103
CHF2 30 1 3 -743.81903785 103
CHF2 30 1 4 -741.63838176 103
CHF2 30 2 0 -777.53036188 107
CHF2 30 2 1 -761.95341940 107
CHF2 30 2 2 -766.24994727 107
CHF2 30 2 3 -747.84496571 104
CHF2 30 2 4 -746.98959839 103
CHF2 30 3 0 -780.98048033 107
CHF2 30 3 1 -776.38631438 107
CHF2 30 3 2 -775.59244433 107
CHF2 30 3 3 -759.32981181 103
CHF2 30 3 4 -758.80199122 103
CHF2 30 4 0 -780.79594679 107
CHF2 30 4 1 -770.23745311 107
CHF2 30 4 2 -761.58516554 105
CHF2 30 4 3 -764.07767937 105
CHF2 30 4 4 -747.72269449 103
CHF2 30 5 0 -779.77283999 107
CHF2 30 5 1 -764.99487435 107
CHF2 30 5 2 -766.28749917 107
CHF2 30 5 3 -763.00398459 107
CHF2 30 5 4 -763.28252125 107
CHF2 30 6 0 -798.34404420 111
CHF2 30 6 1 -783.02443817 111
CHF2 30 6 2 -766.99686347 108
CHF2 30 6 3 -772.21159920 108
CHF2 30 6 4 -767.15213986 108
CHF2 30 7 0 -801.08777699 112
CHF2 30 7 1 -782.26225610 112
CHF2 30 7 2 -785.47127766 112
CHF2 30 7 3 -786.33911189 112
CHF2 30 7 4 -788.09527653 112
CHF2 30 8 0 -821.48537509 116
CHF2 30 8 1 -807.39630621 116
CHF2 30 8 2 -807.70242740 116
CHF2 30 8 3 -806.11521368 116
CHF2 30 8 4 -808.80852260 116
CHF2 30 9 0 -841.77673066 120
CHF2 30 9 1 -823.72934560 120
CHF2 30 9 2 -827.65392240 120
CHF2 30 9 3 -827.18319352 120
CHF2 30 9 4 -828.63916306 120
CHF2 30 10 0 -861.04346221 124
CHF2 30 10 1 -846.66900169 124
CHF2 30 10 2 -843.15898847 122
CHF2 30 10 3 -807.66562702 116
CHF2 30 10 4 -805.05852397 116
CHF2 30 11 0 -835.17614608 120
CHF2 30 11 1 -807.80365083 120
CHF2 30 11 2 -819.28493898 120
CHF2 30 11 3 -821.05156196 120
CHF2 30 11 4 -821.36653669 120
CHF2 30 12 0 -853.00308430 124
CHF2 30 12 1 -832.28538101 124
CHF2 30 12 2 -836.46745507 124
CHF2 30 12 3 -829.94824208 122
CHF2 30 12 4 -830.42046026 122
CHF2 30 13 0 -861.80092881 126
CHF2 30 13 1 -837.06963892 125
CHF2 30 13 2 -833.79010599 125
CHF2 30 13 3 -837.43232269 125
CHF2 30 13 4 -833.06142834 125
CHF2 30 14 0 -870.62749478 129
CHF2 30 14 1 -848.62431231 129
CHF2 30 14 2 -840.53979024 129
CHF2 30 14 3 -849.30896524 129
CHF2 30 14 4 -848.79777261 129
CHF2 30 15 0 -883.55557573 133
CHF2 30 15 1 -861.04482119 133
CHF2 30 15 2 -862.39503632 131
CHF2 30 15 3 -867.49875815 131
CHF2 30 15 4 -853.15602114 129
CHF2 30 16 0 -879.24353592 133
CHF2 30 16 1 -875.25036744 133
CHF2 30 16 2 -857.74621830 129
CHF2 30 16 3 -855.39770344 129
CHF2 30 16 4 -850.46967638 129
CHF2 30 17 0 -880.11621264 133
CHF2 30 17 1 -870.92983962 133
CHF2 30 17 2 -857.70981942 130
CHF2 30 17 3 -857.36966718 130
CHF2 30 17 4 -858.76811819 130
CHF2 30 18 0 -884.02644039 134
CHF2 30 18 1 -886.49125245 134
CHF2 30 18 2 -864.39356608 131
CHF2 30 18 3 -858.04390315 131
CHF2 30 18 4 -842.35286265 131
CHF2 30 19 0 -878.87629726 135
CHF2 30 19 1 -876.64394216 135
CHF2 30 19 2 -887.65852548 135
CHF2 30 19 3 -876.57712526 133
CHF2 30 19 4 -835.68287076 126
CHF2 30 20 0 -865.03265220 130
CHF2 30 20 1 -849.15382904 130
CHF2 30 20 2 -851.35934873 130
CHF2 30 20 3 -843.18731826 129
CHF2 30 20 4 -815.56179080 123
CHF2 30 21 0 -846.34459924 127
CHF2 30 21 1 -830.88841018 127
CHF2 30 21 2 -832.16867047 127
CHF2 30 21 3 -790.26096039 119
CHF2 30 21 4 -791.39300219 119
CHF2 30 22 0 -817.94363480 123
CHF2 30 22 1 -803.50509399 123
CHF2 30 22 2 -796.42153383 123
CHF2 30 22 3 -807.09300090 123
CHF2 30 22 4 -799.81479403 121
CHF2 30 23 0 -829.13753957 125
CHF2 30 23 1 -815.50327605 125
CHF2 30 23 2 -805.36491433 122
CHF2 30 23 3 -754.76641520 116
CHF2 30 23 4 -755.97607257 116
CHF2 30 24 0 -776.17475958 118
CHF2 30 24 1 -768.78854803 118
CHF2 30 24 2 -773.36182914 118
CHF2 30 24 3 -770.53690368 118
CHF2 30 24 4 -774.81944777 118
CHF2 30 25 0 -810.68241114 122
CHF2 30 25 1 -790.14614164 122
CHF2 30 25 2 -796.26272979 122
CHF2 30 25 3 -778.68526845 119
CHF2 30 25 4 -782.39077974 119
CHF2 30 26 0 -814.47129320 123
CHF2 30 26 1 -801.78545025 123
CHF2 30 26 2 -792.78159772 120
CHF2 30 26 3 -791.94184076 120
CHF2 30 26 4 -789.54360225 120
CHF2 30 27 0 -821.01550767 124
CHF2 30 27 1 -808.74139974 124
CHF2 30 27 2 -808.11137196 124
CHF2 30 27 3 -810.82746453 124
CHF2 30 27 4 -807.12618800 124
CHF2 30 28 0 -850.55917135 128
CHF2 30 28 1 -830.66808313 128
CHF2 30 28 2 -830.32588663 128
CHF2 30 28 3 -802.21595813 121
CHF2 30 28 4 -805.36924630 121
CHF2 30 29 0 -829.63313171 125
CHF2 30 29 1 -811.09476861 125
CHF2 30 29 2 -808.70583965 125
CHF2 30 29 3 -805.38384743 125
CHF2 30 29 4 -790.35234392 123
CHF2 30 30 0 -826.01744751 127
CHF2 30 30 1 -815.64506593 127
CHF2 30 30 2 -805.78488668 125
CHF2 30 30 3 -751.39263025 115
CHF2 30 30 4 -753.09397858 115
CHF2 30 31 0 -782.47832190 119
CHF2 30 31 1 -774.54308918 119
CHF2 30 31 2 -782.26745900 119
CHF2 30 31 3 -778.28648762 119
CHF2 30 31 4 -776.56592452 119
CHF2 30 32 0 -807.84883473 123
CHF2 30 32 1 -796.25494610 123
CHF2 30 32 2 -796.26093292 122
CHF2 30 32 3 -786.48054215 119
CHF2 30 32 4 -784.94155553 119
CHF2 30 33 0 -813.12491009 123
CHF2 30 33 1 -792.75076965 123
CHF2 30 33 2 -791.16444836 123
CHF2 30 33 3 -784.65334657 122
CHF2 30 33 4 -791.71949427 122
CHF2 30 34 0 -824.56307237 126
CHF2 30 34 1 -807.44739590 126
CHF2 30 34 2 -811.10513908 126
CHF2 30 34 3 -790.37511934 122
CHF2 30 34 4 -794.48867254 122
CHF2 30 35 0 -824.62655178 126
CHF2 30 35 1 -806.73336758 126
CHF2 30 35 2 -807.24938944 124
CHF2 30 35 3 -798.73951115 122
CHF2 30 35 4 -753.26914766 116
CHF2 30 36 0 -788.06420436 120
CHF2 30 36 1 -776.64135311 120
CHF2 30 36 2 -770.66507577 120
CHF2 30 36 3 -765.47866273 119
CHF2 30 36 4 -759.82001682 118
CHF2 30 37 0 -798.86077903 122
CHF2 30 37 1 -780.90481174 122
CHF2 30 37 2 -785.99014858 122
CHF2 30 37 3 -786.48103203 122
CHF2 30 37 4 -764.43044912 119
CHF2 30 38 0 -790.08620695 122
CHF2 30 38 1 -771.48388439 122
CHF2 30 38 2 -742.95605240 115
CHF2 30 38 3 -744.99728660 115
CHF2 30 38 4 -745.82005796 115
CHF2 30 39 0 -779.65498046 119
CHF2 30 39 1 -756.58609201 119
CHF2 30 39 2 -763.04243028 119
CHF2 30 39 3 -739.02950504 114
CHF2 30 39 4 -742.09217235 114
CHF2 30 40 0 -769.36728553 118
CHF2 30 40 1 -753.24244653 118
CHF2 30 40 2 -754.71516877 116
CHF2 30 40 3 -753.54358038 116
CHF2 30 40 4 -713.87932210 111
CHF2 30 41 0 -751.44775992 115
CHF2 30 41 1 -734.97347350 115
CHF2 30 41 2 -736.06349301 115
CHF2 30 41 3 -721.80241149 113
CHF2 30 41 4 -708.09136008 111
CHF2 30 42 0 -739.57027928 115
CHF2 30 42 1 -720.91282130 115
CHF2 30 42 2 -715.87833818 114
CHF2 30 42 3 -687.75649838 109
CHF2 30 42 4 -674.66623302 108
CHF2 30 43 0 -708.29664793 112
CHF2 30 43 1 -699.41643834 112
CHF2 30 43 2 -703.87815678 112
CHF2 30 43 3 -708.32140361 112
CHF2 30 43 4 -710.08926804 112
CHF2 30 44 0 -740.60763433 116
CHF2 30 44 1 -729.10446621 116
CHF2 30 44 2 -733.83004782 116
CHF2 30 44 3 -712.94237364 114
CHF2 30 44 4 -708.16084873 114
CHF2 30 45 0 -745.71114778 118
CHF2 30 45 1 -726.45598441 118
CHF2 30 45 2 -732.69751932 118
CHF2 30 45 3 -730.82559891 118
CHF2 30 45 4 -731.94466964 118
CHF2 30 46 0 -766.12074223 122
CHF2 30 46 1 -750.13376521 122
CHF2 30 46 2 -755.48659223 122
CHF2 30 46 3 -756.57695580 122
CHF2 30 46 4 -716.30984098 115
CHF2 30 47 0 -722.59115892 115
CHF2 30 47 1 -709.56357226 115
CHF2 30 47 2 -685.65610225 112
CHF2 30 47 3 -676.58547867 109
CHF2 30 47 4 -680.67306485 109
CHF2 30 48 0 -713.51640145 113
CHF2 30 48 1 -692.58004913 113
CHF2 30 48 2 -700.94143460 113
CHF2 30 48 3 -672.77573082 108
CHF2 30 48 4 -651.62244965 104
CHF2 30 49 0 -683.55145862 108
CHF2 30 49 1 -666.73838564 108
CHF2 30 49 2 -670.82307916 108
CHF2 30 49 3 -637.31077653 101
CHF2 30 49 4 -643.96840544 101
CHF2 30 50 0 -663.89724033 105
CHF2 30 50 1 -653.49852522 105
CHF2 30 50 2 -658.53895885 105
CHF2 30 50 3 -655.61788120 103
CHF2 30 50 4 -631.28036368 99
