-748.446507597647
-745.874848195418
-745.472812776477
-745.468021637943
-732.02419019694
-748.524435445923
-744.095300088784
-744.638012407033
-730.466339475196
-729.567644950014
-742.477420190428
-739.860819317941
-738.632448314127
-740.340108720099
-741.798978205039
-762.58980239384
-757.882576338867
-758.397522183667
-758.749392087743
-758.225977617452
-772.038347340576
-769.107925615078
-769.984065125788
-768.931138150675
-768.596108571772
-785.245456293784
-781.637572597497
-780.695035367847
-782.3973033441
-783.405131286908
-797.56507529945
-792.53303165298
-793.485910365348
-794.13948291255
-794.404270531314
-808.845407793877
-804.587641783508
-804.203318434452
-806.273888166068
-806.199397536007
-822.686715846537
-819.34439641829
-819.202911359557
-819.279464238329
-818.787694921726
-835.518093917756
-830.901028656268
-818.370900764621
-817.654024411474
-817.995438937771
-829.538754171595
-825.930460772336
-826.644072364991
-829.908290086839
-827.061441239113
-843.65848115149
-839.858263526561
-840.240284618831
-839.323220122078
-840.247558001423
-856.358519343028
-852.469320237665
-853.597916443377
-853.487039980834
-854.178451070016
-870.544548740654
-865.870310844574
-866.831386467008
-867.444464290759
-867.919645491834
-880.554654997399
-876.08158406623
-877.822490819668
-877.642836615778
-877.097017090576
-892.610090752428
-888.246714583417
-887.448213134576
-887.734081924795
-888.75372545428
-903.258758361888
-900.565027847466
-899.086563041291
-881.472287131367
-881.689212987478
-893.278582016329
-889.132480347435
-889.557066313413
-889.613689119044
-883.878599359321
-899.330454574149
-895.909090464399
-895.880793089716
-896.139451739529
-897.610634544461
-912.408707815848
-909.705221754919
-909.398600442154
-909.975267845106
-909.04250874222
-926.465636824538
-921.537995429437
-922.896706400976
-921.284143452316
-921.769752369433
-939.090981310252
-934.432789576365
-936.343961484931
-936.009098947487
-936.810204855204
-951.697187162756
-947.15243295893
-947.882979479901
-948.990570134659
-948.250197293452
-964.110660727292
-960.595697817645
-961.457902748817
-962.521315419268
-961.683048633219
-977.29971411015
-971.267819596411
-972.383998298978
-973.377956582982
-949.706974721362
-965.34849029177
-963.01439428676
-949.520351479845
-948.114069301853
-948.548020516871
-961.97729717252
-958.255838385533
-957.936458877566
-957.485702586267
-957.264778316022
-974.12125394903
-969.307353372809
-970.964249848284
-969.19716303409
-963.237760662959
-982.232045118977
-976.841522694748
-978.263438324299
-977.925353517356
-962.343358256069
-977.427933052916
-974.486171690799
-974.269295167093
-973.46125773138
-974.009735872703
-989.713630336322
-985.186405657088
-982.274879917612
-982.153020273669
-981.465333937377
-1004.49592981425
-997.057772728677
-993.493687803293
-977.614656154748
-958.865937147145
-985.005104635419
-981.359572348711
-981.416079028711
-983.514437391096
-982.654742179318
-999.502445360525
-994.923991768371
-994.782188918602
-996.154907294283
-996.157923098102
-1013.26633230713
-1010.00141408488
-1010.1444847444
-1010.24401099651
-999.795115378771
-1021.45999601135
-1016.99939621987
-1017.61927777344
-1016.59781569544
-1018.06147221612
-1033.44792558406
-1029.33916961068
-1028.88087279269
-1029.14048740189
-1029.11759407978
-1044.39598206071
-1040.76552568025
-1027.52354224195
-1028.16124787227
-1027.63087052743
-1039.79995627702
-1033.94548525021
-1034.80118869083
-1034.17511402055
-1033.85819569062
-1053.34274055793
-1049.06380348627
-1047.04075298322
-1042.15560016174
-1041.62776360989
-1055.87588235083
-1050.5937237166
-1050.30891291729
-1050.50143482971
-1049.97391385413
-1067.04030884837
-1064.31395022896
-1064.31770863148
-1064.46476418636
-1047.94681592385
-1065.99876568642
-1061.09932188315
-1062.44502065478
-1051.76036239652
-1050.74085835555
-1066.92691488299
-1064.39882887516
-1064.51021707849
-1059.49311965207
-1048.10728206056
-1070.28203995926
-1066.64638451499
-1062.17514871813
-1049.24646348015
-1013.86889651485
-1029.85478165041
-1026.20096067889
-1026.37467109379
-1028.075914528
-1027.86799512791
-1047.96097975892
-1043.775803361
-1046.45311910177
-1044.70265810295
-1047.46728566261
-1064.28153720083
-1060.82835112569
-1059.39503154544
-1059.55754834802
-1060.41875309817
-1075.30198882347
-1070.96542445824
-1070.5396021949
-1070.90208854035
-1051.28971164496
-1063.44255239717
-1060.20614178719
-1060.34846313451
-1049.1743085902
-1044.15527081733
-748.446507597648
-734.120085258871
-724.998223454411
-724.919497170465
-725.428573225773
-750.500246842486
-736.111138867735
-736.207720880026
-737.620948522072
-736.624802759407
-762.176996707067
-756.716008458597
-747.580659067629
-751.789072481351
-750.917934832221
-776.088621658869
-761.581131464477
-762.389153375885
-752.590833184241
-751.600243720364
-779.380456740461
-763.730484133736
-766.232970157385
-764.285861891464
-762.822868187821
-792.817944672216
-776.883128848609
-777.269508588159
-777.08506648187
-780.64248700044
-805.287033958785
-790.528843682485
-791.888140946356
-789.693338508161
-793.348749217209
-817.295445608005
-802.073146686616
-803.083992164417
-789.165241887581
-773.377334861719
-797.667263460835
-783.195980903121
-783.190280195983
-769.26374222253
-771.745410278518
-796.190935294406
-778.014365558391
-780.06501682893
-784.48587026882
-768.709705556658
-794.136607637064
-782.153457069783
-782.056815849298
-768.332020334053
-765.699044658076
-792.612803081006
-777.251542415564
-770.498963965844
-772.742336405887
-771.168273763446
-792.743029329184
-776.086022330918
-774.742793110606
-776.126404931326
-768.174928481182
-789.324336015089
-775.23124466057
-774.655287273618
-773.772342027708
-777.608443342565
-804.473153596164
-787.606077493206
-775.356563872973
-776.540524890098
-775.067680030667
-800.736441015122
-783.902805458891
-787.428295569124
-785.671897183599
-787.41633272432
-814.136652518316
-798.58038834849
-784.503324366268
-784.487544367225
-750.865440924213
-775.11714686124
-756.307498193004
-756.6722918807
-743.91271740333
-744.315638231095
-768.959399731111
-755.636131970357
-758.229783052394
-757.354168922704
-757.401122343937
-785.268907889314
-767.959305049745
-768.50907401449
-770.846020723963
-769.170262895617
-795.837219041843
-780.4085621246
-780.937517420205
-767.719308218513
-770.201378304043
-793.741595799136
-779.886957529759
-778.882251154193
-775.031899375477
-756.70037476403
-776.570481500979
-765.604624934662
-764.520584796669
-763.718562059927
-763.426406104105
-791.327274838235
-778.23416820671
-778.972026320108
-777.466323300381
-777.406731736981
-803.164938349074
-788.805544851047
-787.904328909977
-788.134656752139
-786.765020255954
-815.916875449818
-801.813620599905
-804.521979004718
-805.125397251839
-797.362341193496
-821.582167109336
-807.447241032218
-808.512270177235
-800.974607205118
-798.663914061904
-824.41574108105
-809.185169304317
-807.549796457596
-776.4946175332
-746.775961836608
-773.21671052482
-759.130770969693
-759.186954767795
-746.486689942946
-735.140759904291
-765.723995849866
-752.140987559795
-751.755993883092
-736.439126655087
-692.366579566189
-719.685218999274
-707.099001674715
-703.092186050298
-699.444712401887
-701.845712736273
-727.474614938206
-707.58055361051
-707.418927520553
-705.679827030358
-713.154913870577
-725.898722528621
-703.557224510047
-704.6865107456
-702.583097058095
-708.096440473523
-733.178061230865
-716.697364002326
-713.670423983292
-715.287143384423
-658.105851537146
-675.910033025785
-645.273087546572
-643.671179526297
-645.620760666735
-645.844989069508
-668.393226454318
-630.686322718169
-632.456040623948
-634.662208351113
-634.95992161099
-636.771194870764
-620.447047167717
-622.310798901428
-626.109766590013
-622.294751565028
-651.402058117222
-639.062203259365
-635.541211756914
-624.39661134027
-623.916027308427
-646.912856422277
-631.415248408985
-631.075132855955
-630.98682037979
-633.214288554669
-650.631790570664
-636.369542248789
-637.854859597439
-637.16361142839
-610.733220041322
-634.571455487162
-620.513896557308
-623.884750364679
-620.822505250667
-580.439883054524
-603.656976779151
-589.269552105956
-588.439406661257
-590.670593860297
-566.630921795907
-591.915768853053
-574.94957350896
-575.557137194619
-574.696527141867
-561.313154825459
-573.847026216759
-562.164110932588
-563.126774870612
-566.379493835601
-549.808997558576
-572.512316707729
-560.922557263778
-556.283170526176
-559.744423802687
-558.716020741088
-572.712260239643
-556.891369916221
-557.715358261145
-544.267145433432
-544.310401449022
-569.145707803198
-563.774666724874
-556.621420007069
-556.932365213736
-557.809586195051
-570.317783877038
-554.592475501212
-546.433703989054
-543.86034090042
-543.84732951621
-566.272915445119
-550.254941104287
-552.382057285965
-539.891818886337
-512.234279889708
-529.376754943882
-512.81814677105
-506.101229757802
-472.07884282745
-472.892531585674
-759.315424850647
-758.649063702061
-757.061168359337
-756.583540006455
-756.458324624141
-783.722676255469
-781.380534177756
-781.505218830978
-780.882408857377
-781.450745544844
-808.503275418388
-806.420908313841
-804.676465288999
-806.86679056233
-806.405835889077
-832.243903114702
-829.368809327455
-828.905010917788
-827.542909089323
-828.050215466928
-853.016313414011
-849.679018195108
-847.941101086016
-843.388119126342
-842.660344691488
-868.618343439134
-863.304177637627
-863.840722242748
-864.874689263046
-865.260552265037
-888.031522374734
-884.620294811398
-884.37867607634
-883.931994898266
-884.812801843114
-908.95439576212
-904.772746262008
-903.660352139506
-886.698654065009
-886.888923361306
-908.613167571363
-904.909518808721
-904.924163182513
-904.584391264359
-891.122168195022
-915.273275394224
-912.066573180823
-911.986809780633
-888.646771753222
-871.264492917013
-897.035659629346
-893.883385146506
-875.003522178252
-875.14432366833
-859.723736126032
-881.266387998913
-876.135833834988
-860.917601220842
-858.820668761661
-853.932442016141
-872.563824948372
-868.531987187108
-863.052012194744
-828.008181028119
-828.505914983116
-851.897854554869
-846.173799375609
-848.26387478213
-847.178629923768
-848.297017404729
-872.726303268202
-868.460569602695
-869.522787815504
-830.441669987273
-829.959675318752
-852.361347925598
-849.31157959948
-845.17921823541
-831.08457047588
-831.785450366911
-852.929369856107
-851.427308824846
-847.185997153635
-832.697116714288
-832.637631645617
-852.352628792731
-848.053341847978
-848.188136997944
-849.744721477495
-847.743244673002
-872.146390209389
-867.292747422219
-869.456360450989
-869.607650251595
-868.826599802866
-894.270146416001
-889.825529682197
-890.287276189465
-881.133126416044
-853.390132421628
-875.006324949054
-870.228883783263
-870.515372220531
-845.664145879058
-847.795070220745
-870.864439637388
-869.242115268894
-864.41277798207
-850.85192715597
-850.969600850066
-870.956833672758
-866.011412278759
-867.134762455506
-866.240137772338
-867.048810643936
-890.55087190826
-886.036895930256
-885.805177690235
-885.617512473766
-886.316847439282
-911.232915191679
-906.59359787023
-900.546538424988
-895.422006290032
-835.311121519005
-856.627117459804
-853.824597982984
-843.329522244085
-844.60543614707
-842.443609463921
-865.980937335646
-861.901520480544
-862.08982843843
-862.135794746729
-862.277346271508
-888.104571572712
-884.407638527291
-884.124554360539
-865.653372292428
-866.543653730106
-887.65224367982
-882.624224957171
-883.7649477415
-883.440016752505
-884.11065961976
-908.573805246882
-906.918829232314
-902.189101540371
-888.151006923245
-889.147056389394
-908.396244353714
-902.622348671077
-902.80073460929
-884.98111097991
-886.171808249457
-908.410242893034
-905.01985300092
-893.663285402623
-894.201830517903
-894.504802615295
-902.985994032209
-898.315593931728
-897.852403000774
-874.957606167565
-874.531997401515
-898.608276011022
-893.532411895208
-888.976834829599
-874.721385997155
-875.52754757813
-898.156937337125
-892.711690888712
-892.719905561623
-893.370225634904
-893.346714475702
-916.355473059808
-911.925197466373
-912.410339722929
-912.520930814898
-897.133409639727
-920.225960600659
-915.138257416316
-914.984161911741
-914.786181639122
-915.862557701847
-941.060459073915
-940.271528437255
-921.798370371152
-922.090864234947
-914.832336399234
-935.25112315329
-931.579116236658
-931.565480089709
-921.351593514104
-899.512478151876
-921.432046843944
-919.361184950116
-901.336074068866
-900.60271167541
-901.12723357352
-921.709559706405
-915.187288959679
-917.156950738069
-917.371293716206
-916.629890699948
-942.360982820055
-937.302396422025
-939.403829723492
-920.91963615223
-920.802443036331
-943.688332068879
-939.160838417771
-938.659522843804
-914.687987404344
-914.656046756569
-938.839009511065
-935.001818942329
-920.154773183563
-920.382263008326
-920.190755987793
-943.838889007092
-938.591998613655
-939.50171063376
-925.479131295148
-925.300804293526
-948.747796272086
-944.465833764145
-943.460476106502
-942.999892680435
-944.869622880335
-967.577546106481
-962.906937273657
-961.559124345762
-934.978728074657
-921.441836722627
-943.194921701762
-938.992694333524
-939.308941645419
-939.212924216214
-939.558848671105
-963.974966906083
-961.352144704359
-942.729690006512
-942.012514400771
-942.669317843174
-963.802860803624
-959.387809506782
-959.048974956686
-959.382050416031
-959.757289861076
-759.315424850647
-744.214088410393
-744.369571330856
-737.741555679793
-725.931475744811
-757.184250031322
-742.132276752659
-742.92104432604
-742.30058852687
-742.936139488153
-779.804477285118
-771.943697757495
-757.286995258351
-756.815138774191
-757.465164061478
-784.022205949388
-771.117565087655
-770.298164091742
-769.609993035164
-771.25010082155
-805.746880215887
-792.083925325014
-791.474147692656
-768.000969263702
-769.951857068447
-803.160384782453
-788.551616616157
-787.825973922691
-789.941339952637
-792.685284973501
-832.671553433051
-817.157534514948
-819.063517356224
-791.240276419461
-791.062005707728
-823.347083159296
-812.236123562633
-807.034918491271
-810.175374826262
-793.544935753455
-832.43615591557
-820.316512278285
-821.784736554286
-814.068210613043
-806.479032728095
-839.955530486031
-826.714041866495
-824.78370524183
-792.105661697917
-788.685420611742
-798.723574451508
-787.063883154961
-786.172147244192
-775.039828606793
-768.661029775231
-801.547211027696
-785.729561968689
-787.58170350711
-784.218057810313
-788.443862544756
-824.645885645851
-808.68637858702
-810.313446854648
-810.124621347727
-811.428708840404
-846.180765079399
-830.362047661521
-830.998608711374
-818.957031018426
-735.262505376111
-769.849116032072
-758.735005028884
-755.814930796411
-759.264399778956
-759.037396781757
-795.692344473576
-783.307972024674
-783.986813781362
-784.823108855018
-748.275912834514
-784.244344613324
-771.026398275647
-757.245451426944
-756.690244365426
-747.608603280432
-779.080416102554
-765.96642382873
-765.325598948329
-763.845100005673
-764.822666304073
-797.374833247257
-783.902440155758
-787.316357716648
-787.261994240725
-735.746629499484
-771.312771583989
-760.151804430064
-759.890583534524
-708.151931126793
-683.525614779893
-722.074208396427
-705.262064402532
-707.033240436152
-711.15225887045
-635.189769105073
-669.65003072681
-667.769157908945
-664.220500046584
-662.475661378941
-644.021540331063
-669.823808251187
-653.909154455864
-657.939883912246
-652.451738992777
-651.643322317447
-685.855911676225
-669.979581876372
-654.624053785398
-653.725889240506
-653.094459870181
-687.961314828843
-672.447066710462
-677.683399969169
-674.01619967273
-668.6591765511
-694.04798554039
-680.784561928444
-679.695732464279
-652.800012915738
-612.30276719081
-638.246074485089
-626.093787143287
-609.795760310937
-611.483215170061
-607.338457210377
-642.835047646404
-634.699490704105
-635.500308357721
-617.388219888568
-619.745464727082
-646.730493931169
-633.009167933166
-631.537141321136
-630.804838888687
-591.644264536936
-625.853096405417
-612.381892902793
-613.779591820497
-593.261517753932
-554.648874642017
-582.427971951087
-567.789423049662
-569.899463340619
-568.373785694761
-568.8636218499
-606.751093790779
-591.61178002583
-592.459063005483
-574.466785979763
-530.392298698783
-562.32102937607
-550.365957857413
-548.72019555072
-547.890967383993
-550.185904040814
-584.897937750804
-573.262773711546
-569.075700470087
-555.002530809995
-533.746339854769
-559.569833722977
-544.224053433177
-521.72384386543
-522.679405590727
-507.064656939822
-541.727043048637
-525.618762798267
-525.528118581045
-519.856973668906
-517.311742715203
-554.550784140235
-537.770284780551
-540.790434800526
-495.215096604521
-497.315151927297
-535.247206849344
-523.951655055863
-504.984854423128
-504.425678969155
-507.747859052289
-536.390154960613
-525.00063217082
-523.590001521493
-511.533265273269
-459.92533485857
-483.970995106721
-469.705717292186
-472.83611580548
-440.738457718712
-441.869713304469
-475.057339115836
-451.328987527575
-452.916606465482
-440.724373037272
-440.297871320951
-467.81523611083
-453.614107501029
-454.816954751847
-437.939307956428
-435.638793885193
-448.695185101559
-434.14468858729
-408.002550696795
-404.331169022177
-393.125031853675
-426.5086799846
-411.935054785144
-407.375639545428
-407.554729185655
-409.856797087501
-443.763205280007
-427.370302134456
-376.233277543691
-371.967511326472
-373.348856572662
-404.320322678096
-390.398526275261
-394.148689779736
-381.598986596876
-340.860971686195
-372.335605963319
-362.828264485843
-358.122133882498
-322.289805444053
-322.911120601257
-355.950596188439
-337.778428228346
-333.176256101285
-335.761302191657
-314.274291230145
-342.224995109172
-329.099858653169
-329.860680150888
-313.51708751927
-259.861150800441
-289.039132357416
-275.587921391664
-272.391731854478
-273.079348101275
-240.128739887556
-758.470409941691
-753.607211237869
-755.112561046628
-756.668514270043
-756.242445142
-780.638284658557
-778.633141563992
-778.96204214516
-761.145968206836
-761.15358395472
-781.315495605517
-775.259141596092
-776.276369110166
-775.728540279237
-776.727168487368
-799.281027937949
-793.299133871244
-795.685581242903
-796.36753526806
-794.914346718625
-821.146463171561
-817.799039022654
-818.823548728333
-817.919754622353
-818.864375352867
-843.891376839735
-839.800470979803
-839.776032250845
-838.909667360815
-839.864463496153
-863.297052241487
-860.233741519277
-859.047085632022
-859.864997589675
-836.898774710053
-861.050129879997
-857.41844701438
-855.913433693685
-857.552411921275
-857.441182549676
-882.530532791017
-878.454605096864
-878.765503952135
-878.99220703162
-877.280222163272
-903.368181997115
-898.831919186324
-898.758629861174
-898.566386900456
-899.250658240806
-922.836339463431
-918.929334850046
-913.595933151037
-895.945266641473
-896.768553462138
-919.251748866609
-915.602375566375
-914.962158430963
-917.107483162538
-914.427134513088
-939.844855062576
-936.503038945119
-935.178446833405
-937.182918679183
-931.642961060786
-958.809593725186
-954.989678144669
-948.738570346668
-933.275875885287
-896.002349038316
-918.320227283588
-914.061758339033
-915.200803348477
-916.139285124984
-907.541517484283
-932.186747668616
-926.159450291279
-928.104890089711
-888.024816354514
-889.676809442116
-912.624435930727
-911.441511240432
-893.754899048381
-893.367711815764
-893.559156477343
-913.170780509196
-909.048262914103
-910.239339130513
-909.773048442248
-909.252421432786
-935.378233059897
-930.557768304949
-930.869744743155
-930.496907511361
-930.247669004616
-955.343963689833
-951.254420581083
-952.375604343249
-951.832585736287
-953.080125001861
-976.368612909487
-971.205384788038
-972.464544755383
-972.074304787163
-971.871215253371
-997.174152751529
-996.786870685339
-984.432181825337
-973.87907498202
-974.670465311634
-993.319834749256
-988.338821439165
-990.230159144421
-964.288368676287
-965.345936773144
-989.319769461807
-985.017285957701
-984.554359772582
-985.524955604988
-985.563539753872
-1008.74197528065
-1005.65136790463
-999.149489069693
-970.955532380418
-972.305097396194
-996.300902304063
-992.973514158967
-991.795110213121
-992.156357846844
-978.925179593021
-1003.97077847581
-1000.0057156765
-994.776735496485
-994.344427940038
-994.260372155285
-1019.86970809856
-1016.73391122729
-1017.33672929351
-1016.62833314444
-1001.49005236405
-1028.77891391221
-1024.87810466394
-1024.47267083081
-1015.67831141901
-1017.09108743773
-1043.17422308705
-1038.08988225947
-1038.44718633888
-1017.78334054116
-930.100981027838
-955.09438158929
-951.27135108975
-945.736487255704
-945.722959379713
-924.203488487997
-950.185644764729
-946.051675930725
-945.006562098615
-944.524124217251
-945.241516776194
-968.190079252291
-963.429457692028
-964.376900738373
-964.109878645242
-963.426987064595
-987.404171458405
-980.855559812789
-982.202102451427
-982.423441862954
-982.820816248736
-1006.93395544517
-1003.38952091635
-1003.01642535261
-979.747280644123
-979.601368513708
-1002.24409491335
-997.470706514874
-999.490811295226
-998.581690760951
-998.568151133059
-1024.80085581948
-1020.07339022312
-1020.38244091723
-1015.39727109553
-1016.93802720875
-1041.15923390164
-1035.97206959773
-1015.59825650058
-1016.48834707282
-1016.0535948003
-1039.14164644034
-1036.95067355454
-1023.64227308952
-1019.6280049802
-1017.70100490714
-1044.82751193466
-1041.92867225675
-1041.25434203961
-1040.53943535359
-1041.42722343525
-1065.12460293516
-1060.32243432143
-1062.04242858055
-1061.0505231736
-1061.67319254784
-1085.15881223487
-1082.10747226908
-1082.23230628955
-1060.9851527701
-1059.67778163601
-1085.18883743607
-1080.36859794273
-1082.00872692047
-1076.04432526426
-1071.33180918949
-1098.58355623665
-1094.29688081712
-1094.50892159995
-1094.06025346589
-1093.97784705917
-1119.77734245305
-1113.91094329166
-1115.22203591206
-1089.88365449496
-1091.02870494192
-1114.76447086813
-1111.88865900757
-1096.49147671861
-1090.1116559797
-1075.51955170653
-1104.35795539728
-1099.41233464389
-1067.67062016434
-1061.47225557906
-1061.82482308494
-1087.80556680086
-1083.32140922239
-1068.366070234
-1067.84963605576
-1067.28256477752
-1088.86543269926
-1086.19921780416
-1064.05835890548
-1064.61476000043
-1064.08250712968
-1084.83730354504
-1078.97694688765
-1079.52469718807
-1080.07439806322
-1078.78354958506
-758.470409941691
-742.637951429167
-742.082064752302
-746.607584264476
-744.226794690008
-779.686228101115
-765.398810318194
-761.60566944697
-761.854941957384
-762.438965979069
-793.580381484129
-784.729156101627
-777.902788017139
-764.760273563746
-762.863241823008
-789.179627579918
-776.470334866045
-772.469060104484
-754.864248117105
-746.009868540045
-777.846309074962
-760.645177775324
-763.254385597241
-760.419272951975
-762.652265201568
-796.757226181384
-782.06604290813
-767.446952111487
-767.255975500219
-765.325608971398
-797.5112751615
-781.648506807221
-779.625614769052
-770.717464041968
-772.999184638465
-802.390047220027
-790.440299476764
-789.790004111838
-788.562605941665
-789.401802620951
-810.071735715806
-795.5246459307
-797.010729338029
-795.431050732772
-777.921966224352
-812.802847407819
-799.033405885026
-798.069812982136
-799.314801456546
-797.46042733107
-836.633158080896
-823.796263591342
-814.219146043797
-762.899012333558
-763.596797346455
-796.055394077364
-780.144560863635
-778.667662410823
-782.932910877107
-779.127265882783
-816.311791893458
-801.557286237005
-777.603367851636
-758.637288615674
-748.067671528698
-779.059308076176
-762.493285783103
-759.493993192029
-761.559328641815
-762.62223695639
-793.67971126309
-778.241343003553
-771.290515793999
-744.932889934653
-728.60229244235
-758.777407231231
-749.006691478118
-712.202135950315
-713.29658320706
-712.772011637585
-745.182118853442
-733.667306796215
-732.040012424515
-703.335863617509
-704.11181453726
-732.450040214865
-715.607302046718
-718.463892565354
-717.103293273109
-717.967583956712
-749.999911734526
-729.73021849201
-730.978038333169
-730.911495746701
-719.172189702646
-752.565762299318
-736.499390795485
-736.412189373575
-735.539410017936
-736.742315888874
-770.549930801794
-757.314463664176
-745.334365087338
-744.485254906019
-743.597138938186
-776.578185988808
-764.261905926771
-755.353593873066
-756.145477584247
-755.212756196639
-789.960140628719
-771.624382188677
-773.834962291069
-775.08448351527
-772.781908542907
-809.860143446775
-791.810475362305
-792.487926407566
-777.103343152414
-762.840261638893
-792.185659362738
-776.738844389072
-769.088907420402
-769.551254373957
-768.743481865614
-800.558292523167
-783.871471004974
-778.230041291939
-777.277370842766
-777.404767649532
-807.862626902052
-792.825666898746
-795.762691180629
-791.422156342409
-790.921967896562
-827.835993600196
-812.308025960735
-813.394276891511
-812.210668124105
-813.13128786592
-849.578972814793
-832.38371506012
-834.771026835866
-833.461021821583
-832.985111024215
-867.131884079513
-851.904675986504
-854.66924597132
-853.710814504759
-856.853078457587
-894.495704565988
-882.776379298364
-875.723495789193
-854.859672258728
-806.688671219087
-840.966479779556
-825.655277571775
-819.464181645157
-819.914242960017
-817.596907784126
-851.622276953093
-833.931699179945
-835.954560459337
-837.422967780853
-809.727016988273
-843.164426868148
-827.621519212169
-830.249745048337
-804.271510264005
-737.119732702329
-782.802524983238
-765.145530938662
-768.51840102991
-766.428638873716
-702.772826746357
-736.589456744044
-719.35407340889
-720.801430059497
-721.067866024595
-720.503552929914
-754.108247308576
-734.925988968097
-734.279363524466
-734.919524393512
-732.527721845763
-765.892662984257
-749.529273274689
-743.952441014659
-717.011336128339
-711.869648115522
-736.126313613371
-720.764516928054
-717.324642875959
-699.096626413099
-699.867902056206
-726.90412393717
-710.92967086159
-709.393291476381
-708.986360682624
-711.388230259663
-724.363955582318
-703.486124121114
-703.961953305707
-703.316520130762
-702.799249441259
-736.900415110361
-713.679219740661
-713.779288117651
-711.81248369691
-706.617963648402
-741.048015635976
-715.101624579301
-715.668829944715
-716.979313196511
-715.348959544558
-747.189401999689
-728.293973890601
-727.979362765632
-727.858219368036
-726.471154658027
-761.799118666509
-744.711715577301
-740.206132277196
-739.748952367467
-738.521584120849
-771.511915315802
-754.635802222443
-757.464905496347
-755.23196301901
-750.997915518701
-790.155820292449
-775.6313433751
-776.481281758791
-721.984872345749
-706.095637051285
-740.053424303443
-722.849245806351
-724.822881694958
-725.763023795741
-662.246919985918
-672.33214109724
-651.717129695452
-652.30622279057
-654.174839993906
-624.901595030735
-657.24258740083
-641.470556566309
-644.496470633197
-642.677469118339
-628.887667673603
-758.951719618312
-753.896631351987
-756.17640824396
-755.395318022026
-756.321443890733
-779.5446864928
-777.683263269953
-778.681901600576
-777.282119814281
-778.971126543556
-806.355268806612
-801.609024972728
-802.848955971033
-794.4403823179
-795.021671945626
-818.255610556951
-814.704534636411
-815.203364360112
-814.073228502846
-813.445448169173
-839.200782386445
-834.421358721889
-834.469425957625
-834.071042735492
-835.748510272351
-858.484259971865
-856.776063802588
-850.775228370818
-838.280863223736
-837.891682290503
-860.543644744565
-857.530402417852
-856.52746552002
-855.34799251393
-856.486834950004
-880.218223723399
-874.002342759674
-876.943050394736
-876.353104112542
-878.547942050819
-903.544816217542
-898.335526298135
-899.367047206567
-898.520591512759
-899.019402685225
-924.118964691718
-920.254797115454
-919.251321677057
-919.919512142484
-920.814380482741
-946.506198358623
-942.007940214399
-942.299156960559
-942.211843384446
-932.415616565744
-956.282515070125
-952.556241790757
-923.184560496013
-922.540773761243
-922.371873835384
-947.26328550438
-943.571273116773
-942.867248761038
-936.893336202328
-938.007511449432
-962.174240477032
-956.303536917912
-957.413582765976
-956.545195865958
-953.641152162592
-965.443841096152
-965.869673085844
-949.751339019892
-949.245689658655
-951.04735498671
-980.17885628198
-977.989402308908
-977.646607522108
-947.717068383655
-923.940638800968
-948.001653982025
-947.046594953652
-941.474677964991
-928.064607972754
-928.595212560939
-949.209532780824
-945.081774675989
-944.826029094282
-921.560223687852
-914.070741740654
-939.837573198124
-933.52852464052
-935.908089641394
-936.430418545019
-936.044706713447
-959.582098388879
-954.791388060434
-948.711041425145
-928.652083318769
-913.664719397091
-938.000955221695
-934.535280109685
-917.221864786679
-911.655502317294
-912.059263077633
-930.783258831034
-926.743203131343
-925.876744408234
-926.413744336892
-926.503077201338
-952.873506717033
-950.412631099863
-941.067093535256
-926.184741133959
-926.438310428196
-949.864597773257
-946.37719139173
-945.851867897479
-945.227450243211
-937.849397015966
-961.911477031054
-957.873101026958
-955.780224143738
-957.239200571535
-952.123500657655
-977.142418782845
-971.631571443259
-967.514741459276
-958.172007297282
-932.580035997457
-960.605070487373
-955.211177278322
-956.31493707248
-956.554697234631
-956.400306790803
-981.474570846474
-976.638160414741
-976.053571441578
-958.937839397069
-957.989084935936
-979.823688136202
-976.092061873591
-976.343369555359
-975.620827398334
-977.012605222476
-1001.58954688014
-998.796586035202
-979.494948853525
-951.946988928857
-946.635435350939
-969.510779041341
-966.012067948535
-958.067694450652
-947.748159634042
-911.631927994932
-924.843660687555
-918.941834518997
-919.810875000347
-889.883059632479
-887.535875133305
-917.583530501946
-914.186439643996
-914.233772454017
-915.534340319266
-915.723055907283
-941.707884492263
-936.296515321239
-937.622927705556
-937.862023891035
-913.187382882203
-935.431571208093
-931.355258042797
-926.738901841162
-902.57584515057
-903.145327589102
-927.296741682158
-922.439428014068
-922.105357467647
-924.019782633548
-904.971784607014
-926.990433911312
-922.27382108294
-922.855966679343
-922.537835334611
-922.987773161947
-948.798650570199
-945.243197145446
-927.09615309747
-927.192715113375
-928.083142628123
-948.498973375039
-943.964661289857
-937.948613307916
-938.06317336397
-938.320176430676
-961.371178554974
-956.884458371968
-958.23807785635
-956.658212341861
-957.55283752609
-983.314476355143
-978.227213624384
-978.406628971277
-978.533898125785
-978.478736011761
-1002.66074393848
-997.143353962597
-997.664316793347
-999.240768584846
-999.306927054913
-1024.45623890989
-1018.94976500316
-1019.80753303032
-1019.64440118718
-1019.13343201159
-1045.46296921315
-1041.88452002414
-1040.74057914623
-1040.9992991296
-1034.15683072021
-1041.21173395789
-1037.58215248607
-1018.56657013231
-1011.99531282071
-1011.21902226445
-1037.49149599149
-1032.28432059508
-1032.61512135942
-1032.55343060548
-1033.1522084488
-1058.06910423266
-1052.04871988858
-1053.02541895497
-1052.46367129346
-1053.74509299566
-1079.69787278986
-1076.01041720336
-1057.36236215965
-1057.77023657454
-1056.9707077547
-1080.89022066635
-1078.08383127323
-1065.13278268994
-1052.07532214968
-1053.30052138558
-1076.57258449093
-1072.91214135764
-1072.18503927753
-1047.50066920757
-1050.60404868244
-758.951719618312
-744.679861360791
-743.76556367145
-745.698534317027
-744.940440161556
-781.047089826316
-766.291851123281
-768.854272247565
-750.044647716961
-749.228883550389
-782.621541784727
-777.637998388917
-777.821824555838
-761.470783751033
-761.273739835294
-782.545094866261
-773.846439236126
-764.555808216406
-767.288215073273
-750.824839061444
-782.109874348576
-768.154695271373
-768.40659818104
-766.172057861797
-766.979719586912
-801.150919802965
-789.12719555701
-773.532013135528
-775.74087018639
-771.909790670454
-805.068311495233
-789.901255911981
-789.971142837326
-791.089465481846
-793.167526558366
-828.576502872197
-813.53119243735
-813.488204134215
-814.802650736368
-817.485688430154
-849.993515621727
-834.062313347705
-836.922111114278
-834.374347949251
-836.184784044684
-870.393286824771
-857.448196152201
-852.247880045572
-815.909675134053
-815.991950279463
-844.771296714117
-828.102427121048
-829.232951642914
-829.527336648583
-831.905813404062
-864.103822727889
-847.202044157555
-847.230625042711
-843.529883990882
-843.231918159202
-874.823173448745
-851.778889718549
-855.285551500967
-853.742633124729
-854.0349409278
-892.884538270561
-879.56028996583
-877.910310666862
-879.441553773258
-878.322894160478
-912.845158302445
-896.037570328549
-889.748902802972
-891.210633258297
-877.170487107216
-911.672110108221
-904.195205483713
-886.9780069245
-886.271856991203
-886.947067328438
-911.534903031109
-903.825538267934
-890.399789647209
-892.209044872825
-890.435706776734
-916.055893830993
-900.342061199608
-884.796937438417
-885.591927387304
-885.859979436358
-921.233579903784
-904.59267912828
-906.981016518053
-898.857858642045
-859.496788851753
-889.908923744406
-873.918286675129
-873.240552958155
-867.067512568754
-835.610378384203
-869.987591372609
-854.343026973221
-855.833964231107
-815.157688047265
-816.346194076334
-846.359776370274
-832.693577541742
-830.954059038799
-832.9721497232
-825.379378285938
-858.341586729184
-842.951946906798
-824.564123568727
-787.819536105634
-787.779670256611
-811.591709837215
-798.326047226461
-799.548709904589
-798.388625104971
-799.304956892586
-835.41929836877
-817.666851762556
-823.232121889152
-798.20166146783
-802.534206065112
-838.340695194148
-824.344541462486
-815.809109300745
-814.610559847061
-813.9440215322
-845.499763083937
-831.373387861151
-835.305542350656
-832.382759570043
-831.240052623546
-869.426281544346
-852.321837309306
-852.7695227937
-821.383332199466
-822.316694021102
-849.940800755454
-834.371308577905
-832.322472885177
-832.513122008379
-816.902367318337
-852.832720431503
-838.02564824965
-831.812842352055
-774.824864852862
-775.361263957755
-806.751301697699
-792.128042859163
-794.094867836996
-792.706296223113
-792.146744911346
-828.194282592845
-812.587572412823
-812.600739730809
-799.937375017175
-798.478908235713
-827.035586373241
-810.514202980976
-812.73443423013
-807.601048020706
-808.136564148366
-843.301345845223
-827.152644496066
-828.525388638917
-806.833237426587
-807.052865979199
-840.80195829723
-826.627274723876
-821.024048616467
-812.488778101125
-768.889894062464
-802.318078743702
-790.910478606936
-786.78135039042
-780.815933381045
-773.042376891916
-813.851238416266
-800.108749400871
-799.04271435061
-800.643024456496
-775.907325146843
-804.310107018474
-787.410803594239
-755.533992428517
-755.072536627865
-754.322635713989
-790.272380714679
-771.600033024187
-773.46901506666
-753.137128177715
-756.050832705096
-785.596937834315
-770.192148328038
-765.283906488767
-764.419428082076
-732.865254840931
-765.653227198735
-751.063531494514
-750.306375292714
-737.33971520619
-724.313631998112
-756.227848683992
-742.195724313195
-736.593396307768
-712.750071089917
-704.022877393271
-740.840916095081
-726.173366308584
-726.747254635998
-727.109091526256
-728.396699677243
-762.190892321547
-748.394232643902
-747.274437719263
-734.066420859407
-732.579723376651
-768.598970025009
-753.081068177618
-755.548182576745
-754.477893165697
-754.923221393164
-790.940914094325
-773.125913605132
-774.879178952677
-777.590664082101
-739.052126134253
-748.020996434151
-731.479193918328
-713.372725793417
-703.056793927185
-702.324448911625
-736.72968903551
-723.802926541994
-725.327058806858
-691.902400753858
-674.044736562797
-706.201263494405
-688.862118825343
-691.137670321703
-658.320430230991
-659.182397641794
-684.795111304388
-671.209643561861
-672.040032028926
-666.36389504358
-642.929909952651
