**********************************CF at 20 eV***********************************
      E_before (dft)       E_after (dft)     E_before (bpnn)      E_after (bpnn)         E_rxn (dft)        E_rxn (bpnn)
                   -             -736.36             -746.43             -744.15                   -                2.28
             -734.89             -741.98             -742.55             -749.71               -7.09               -7.16
             -741.98             -736.41             -749.71             -744.71                5.57                5.01
             -734.94             -737.96             -743.11             -747.14               -3.02               -4.03
             -745.50             -751.84             -754.71             -764.67               -6.33               -9.96
             -751.84             -753.42             -764.67             -764.96               -1.59               -0.29
             -760.96             -764.22             -772.53             -774.59               -3.25               -2.06
             -764.22             -766.30             -774.59             -777.37               -2.08               -2.78
             -773.84             -775.41             -784.94             -782.85               -1.57                2.09
             -775.41             -776.13             -782.85             -781.31               -0.73                1.54
             -783.68             -789.27             -788.88             -795.99               -5.59               -7.11
             -789.27             -780.99             -795.99             -791.40                8.27                4.59
             -779.53             -785.53             -789.80             -797.21               -6.01               -7.40
             -785.53             -776.51             -797.21             -782.35                9.02               14.85
             -775.04             -782.83             -780.75             -793.31               -7.79              -12.55
             -782.83             -775.50             -793.31             -784.94                7.33                8.37
             -774.03             -773.11             -783.34             -782.88                0.93                0.46
             -771.20             -773.08             -781.04             -782.87               -1.88               -1.83
             -740.44             -744.20             -750.03             -753.89               -3.76               -3.87
             -744.20             -743.38             -753.89             -756.01                0.81               -2.12
             -750.93             -761.67             -763.58             -772.38              -10.74               -8.80
             -761.67             -758.56             -772.38             -769.16                3.11                3.22
             -758.56             -758.21             -769.16             -769.05                0.34                0.11
             -735.54             -733.99             -746.39             -745.31                1.55                1.08
             -733.99             -736.34             -745.31             -747.57               -2.35               -2.26
             -729.10             -739.42             -740.34             -748.97              -10.32               -8.63
             -739.42             -729.34             -748.97             -739.84               10.08                9.13
             -727.43             -727.13             -738.00             -738.00                0.30                0.00
             -727.13             -718.63             -738.00             -736.73                8.50                1.27
             -718.63             -728.99             -736.73             -738.16              -10.37               -1.42
             -736.54             -741.47             -745.73             -749.86               -4.94               -4.13
             -741.47             -732.99             -749.86             -742.15                8.49                7.71
             -733.43             -735.68             -742.39             -746.53               -2.25               -4.14
             -733.77             -730.73             -744.70             -739.83                3.04                4.87
**********************************CF at 50 eV***********************************
      E_before (dft)       E_after (dft)     E_before (bpnn)      E_after (bpnn)         E_rxn (dft)        E_rxn (bpnn)
             -736.27             -735.21             -753.16             -746.61                1.06                6.55
             -735.65             -741.07             -746.85             -751.54               -5.42               -4.70
             -739.17             -734.78             -749.71             -745.87                4.38                3.84
             -742.33             -746.09             -753.44             -759.19               -3.76               -5.75
             -746.09             -747.68             -759.19             -755.79               -1.59                3.40
             -746.21             -737.08             -754.19             -747.21                9.12                6.98
             -735.18             -737.87             -745.37             -748.36               -2.69               -2.99
             -736.40             -733.56             -746.76             -745.24                2.84                1.53
             -733.56             -735.91             -745.24             -747.40               -2.35               -2.16
             -736.35                   -             -747.63                   -                   -                   -
             -730.06             -724.48             -740.16             -729.78                5.59               10.38
             -732.02             -733.30             -737.36             -746.24               -1.28               -8.88
             -733.30             -741.04             -746.24             -751.57               -7.74               -5.33
             -726.70             -684.71             -737.01             -701.25               41.99               35.76
             -684.71             -688.26             -701.25             -708.05               -3.55               -6.81
             -663.45             -668.38             -684.85             -680.85               -4.93                4.01
             -631.98             -620.78             -644.14             -636.51               11.20                7.63
             -626.42             -585.73             -642.24             -594.68               40.68               47.56
             -585.73             -570.66             -594.68             -584.72               15.07                9.96
             -571.10             -539.15             -584.96             -556.49               31.95               28.47
             -500.73             -498.44             -509.48             -512.46                2.29               -2.98
             -401.03             -398.85             -410.35             -410.28                2.18                0.07
             -396.94             -400.26             -408.45             -411.87               -3.32               -3.42
             -407.80             -398.45             -419.44             -405.75                9.34               13.69
             -398.45             -398.95             -405.75             -409.42               -0.50               -3.67
             -398.95             -397.75             -409.42             -413.59                1.20               -4.16
             -345.42                   -             -349.41                   -                   -                   -
             -322.74             -312.02             -336.37             -324.46               10.72               11.91
             -308.63             -309.81             -321.09             -320.55               -1.18                0.55
**********************************CF3 at 20 eV**********************************
      E_before (dft)       E_after (dft)     E_before (bpnn)      E_after (bpnn)         E_rxn (dft)        E_rxn (bpnn)
             -738.54             -739.51             -748.04             -749.10               -0.96               -1.06
             -739.95             -744.86             -749.33             -756.38               -4.91               -7.05
             -763.07             -768.31             -775.18             -777.43               -5.25               -2.25
             -768.31             -768.98             -777.43             -777.46               -0.67               -0.03
             -787.19             -789.77             -796.26             -799.51               -2.58               -3.25
             -789.77             -792.20             -799.51             -800.74               -2.44               -1.23
             -810.41             -816.63             -819.53             -826.76               -6.21               -7.23
             -795.60             -795.87             -801.99             -804.42               -0.27               -2.43
             -771.91             -769.99             -780.73             -778.21                1.93                2.53
             -769.99             -764.18             -778.21             -771.89                5.81                6.32
             -762.27             -764.71             -770.05             -772.40               -2.44               -2.35
             -742.19             -745.97             -749.67             -756.56               -3.78               -6.89
             -746.41             -747.47             -756.80             -757.29               -1.06               -0.49
             -746.00             -753.54             -755.69             -762.09               -7.54               -6.40
             -753.54             -745.74             -762.09             -752.98                7.80                9.10
**********************************CF3 at 50 eV**********************************
      E_before (dft)       E_after (dft)     E_before (bpnn)      E_after (bpnn)         E_rxn (dft)        E_rxn (bpnn)
             -733.69             -731.62             -747.72             -744.52                2.07                3.20
             -730.15             -735.87             -742.92             -749.76               -5.71               -6.84
             -726.01             -722.99             -739.91             -735.78                3.02                4.12
             -721.52             -725.35             -734.18             -738.41               -3.83               -4.23
             -725.35             -717.35             -738.41             -731.69                8.00                6.72
             -728.45             -734.99             -744.42             -745.24               -6.53               -0.82
             -738.37                   -             -748.60             -747.55                   -                1.05
                   -             -738.42             -747.55             -753.09                   -               -5.54
             -741.37             -750.34             -756.21             -760.90               -8.97               -4.69
             -750.34             -746.89             -760.90             -760.45                3.45                0.45
             -750.27             -751.86             -763.81             -763.08               -1.59                0.73
             -749.95             -744.61             -761.24             -754.63                5.34                6.62
             -744.61             -754.02             -754.63             -761.48               -9.41               -6.86
             -754.46             -754.16             -761.72             -764.63                0.30               -2.91
             -747.69             -754.44             -758.14             -766.87               -6.75               -8.74
             -754.44             -757.12             -766.87             -770.76               -2.68               -3.89
             -757.12             -751.38             -770.76             -764.23                5.74                6.53
             -751.38             -746.29             -764.23             -756.52                5.09                7.71
             -710.26             -711.36             -721.07             -726.10               -1.10               -5.03
             -711.36                   -             -726.10             -719.22                   -                6.88
                   -             -679.15             -699.92             -693.04                   -                6.88
             -679.15             -683.38             -693.04             -701.83               -4.23               -8.80
             -683.38             -700.32             -701.83             -713.61              -16.93              -11.78
             -690.46             -698.69             -703.75             -701.92               -8.24                1.83
             -698.69             -688.39             -701.92             -698.70               10.30                3.22
             -686.49             -685.31             -696.86             -697.48                1.17               -0.62
             -685.75             -691.87             -697.72             -700.89               -6.12               -3.17
             -691.87             -688.41             -700.89             -701.68                3.46               -0.79
             -698.75             -712.27             -712.31             -725.94              -13.52              -13.64
             -712.27             -697.79             -725.94             -703.43               14.48               22.52
             -698.23             -683.97             -703.66             -701.37               14.26                2.30
             -668.95             -680.27             -678.65             -691.66              -11.31              -13.01
             -680.27             -643.82             -691.66             -656.61               36.44               35.05
*********************************CH2F at 20 eV**********************************
      E_before (dft)       E_after (dft)     E_before (bpnn)      E_after (bpnn)         E_rxn (dft)        E_rxn (bpnn)
             -738.37                   -             -748.56             -746.77                   -                1.78
                   -             -766.41             -765.12             -773.90                   -               -8.78
             -766.41             -767.85             -773.90             -775.60               -1.44               -1.70
             -773.40             -779.68             -781.17             -789.46               -6.28               -8.29
             -779.68             -778.61             -789.46             -787.96                1.07                1.50
             -764.81             -768.25             -775.42             -776.95               -3.44               -1.53
             -786.59             -789.91             -795.29             -796.94               -3.32               -1.65
             -789.91             -794.95             -796.94             -803.58               -5.04               -6.64
             -794.95             -792.77             -803.58             -801.71                2.18                1.86
             -792.77             -793.52             -801.71             -804.38               -0.74               -2.67
             -811.85             -813.08             -822.73             -821.71               -1.23                1.02
             -777.00             -779.87             -788.39             -791.11               -2.87               -2.72
             -779.87             -779.89             -791.11             -790.77               -0.01                0.34
             -798.22             -799.97             -809.12             -811.75               -1.75               -2.63
             -799.97             -801.00             -811.75             -807.29               -1.03                4.45
             -801.00             -798.22             -807.29             -808.27                2.78               -0.97
             -740.36             -739.97             -748.36             -746.46                0.39                1.90
             -739.97             -739.46             -746.46             -747.69                0.51               -1.23
             -738.79             -743.12             -747.22             -751.80               -4.33               -4.58
             -743.12             -743.97             -751.80             -754.99               -0.85               -3.19
             -762.31             -761.96             -773.34             -772.86                0.35                0.47
             -761.96             -763.08             -772.86             -770.44               -1.13                2.42
             -781.42             -785.64             -788.79             -792.67               -4.23               -3.89
             -785.64             -781.37             -792.67             -786.57                4.28                6.11
*********************************CH2F at 50 eV**********************************
      E_before (dft)       E_after (dft)     E_before (bpnn)      E_after (bpnn)         E_rxn (dft)        E_rxn (bpnn)
             -735.81             -734.54             -746.35             -746.82                1.28               -0.48
             -734.54             -755.01             -746.82             -765.74              -20.47              -18.92
             -753.10             -756.55             -763.90             -763.52               -3.45                0.38
             -763.27             -758.06             -770.14             -768.47                5.21                1.67
             -758.06             -763.62             -768.47             -773.12               -5.56               -4.66
             -741.11             -747.45             -750.39             -756.32               -6.34               -5.93
             -747.45             -747.35             -756.32             -757.31                0.10               -0.99
             -747.35             -735.44             -757.31             -745.75               11.91               11.55
             -735.44             -737.83             -745.75             -745.91               -2.40               -0.15
             -737.04             -736.47             -744.78             -746.72                0.58               -1.94
             -736.47             -739.68             -746.72             -744.68               -3.21                2.05
             -739.68             -729.88             -744.68             -738.62                9.80                6.05
             -728.76             -719.65             -737.91             -733.53                9.11                4.38
             -719.65             -733.27             -733.53             -744.85              -13.62              -11.32
             -731.36             -715.73             -743.01             -732.20               15.63               10.82
             -713.82             -729.48             -730.36             -739.73              -15.66               -9.37
             -727.57             -729.29             -737.89             -742.55               -1.72               -4.66
             -747.63             -746.75             -760.90             -755.43                0.88                5.47
             -744.84             -730.76             -753.59             -738.61               14.08               14.98
             -738.01             -738.46             -745.99             -748.29               -0.45               -2.30
             -736.55             -735.73             -746.45             -745.55                0.82                0.90
             -735.73             -743.34             -745.55             -756.81               -7.61              -11.26
             -741.43             -735.97             -754.97             -743.17                5.46               11.81
             -735.97             -729.79             -743.17             -742.01                6.18                1.16
             -722.25             -725.77             -734.44             -741.02               -3.52               -6.58
             -727.03             -729.52             -743.02             -737.58               -2.48                5.44
             -727.61             -721.42             -735.74             -727.40                6.19                8.34
             -727.21             -719.07             -733.18             -730.54                8.14                2.63
             -718.24             -711.55             -729.41             -721.79                6.70                7.61
             -719.09             -714.24             -729.36             -725.57                4.84                3.80
             -714.24             -720.18             -725.57             -728.92               -5.94               -3.35
             -727.72             -723.61             -736.49             -729.00                4.11                7.49
             -723.61             -695.53             -729.00             -707.36               28.07               21.64
             -696.80             -648.06             -709.36             -655.93               48.73               53.43
             -648.06             -636.55             -655.93             -648.07               11.51                7.86
             -642.18             -638.63             -653.81             -652.93                3.55                0.88
             -638.63             -637.31             -652.93             -649.38                1.32                3.55
             -650.53             -645.64             -661.63             -655.07                4.89                6.56
