# key etched_amount(A)
0.000000000000000000e+00 0.000000000000000000e+00
1.000000000000000000e+01 8.264850505850134255e-01
2.000000000000000000e+01 1.572077248027547114e+00
3.000000000000000000e+01 1.998999569857346614e+00
4.000000000000000000e+01 2.282959533296050836e+00
5.000000000000000000e+01 2.584376995438724123e+00
6.000000000000000000e+01 2.859059338786195781e+00
7.000000000000000000e+01 3.111956438397626812e+00
8.000000000000000000e+01 3.586954491148873103e+00
9.000000000000000000e+01 3.832929269473922318e+00
1.000000000000000000e+02 4.108908730197427417e+00
1.100000000000000000e+02 4.351388299303366125e+00
1.200000000000000000e+02 4.768397653929284274e+00
1.300000000000000000e+02 5.097308908978646969e+00
1.400000000000000000e+02 4.896728182416893560e+00
1.500000000000000000e+02 4.996705171269496759e+00
1.600000000000000000e+02 5.013778672110404955e+00
1.700000000000000000e+02 5.144289221901857445e+00
1.800000000000000000e+02 5.415203783655400116e+00
1.900000000000000000e+02 5.639589286291183612e+00
2.000000000000000000e+02 5.820059414182637170e+00
2.100000000000000000e+02 6.217250957567813430e+00
2.200000000000000000e+02 6.410889225320559603e+00
2.300000000000000000e+02 6.859733201999489438e+00
2.400000000000000000e+02 6.920064146178162900e+00
2.500000000000000000e+02 7.150810419616590252e+00
2.600000000000000000e+02 7.692047448851880631e+00
2.700000000000000000e+02 8.202863854979838720e+00
2.800000000000000000e+02 8.524752981688237696e+00
2.900000000000000000e+02 8.669599572799185694e+00
3.000000000000000000e+02 8.733552129719029722e+00
3.100000000000000000e+02 8.752519239991528366e+00
3.200000000000000000e+02 9.083420248838393718e+00
3.300000000000000000e+02 9.261216195328671574e+00
3.400000000000000000e+02 9.678500122052184906e+00
3.500000000000000000e+02 9.589139600849080125e+00
3.600000000000000000e+02 9.854867833146613521e+00
3.700000000000000000e+02 9.785283040430599044e+00
3.800000000000000000e+02 9.904270966290013689e+00
3.900000000000000000e+02 9.576066853219131758e+00
4.000000000000000000e+02 9.786523510226189160e+00
4.100000000000000000e+02 1.006605446613519916e+01
4.200000000000000000e+02 1.021230502774680815e+01
4.300000000000000000e+02 1.031336168886993221e+01
4.400000000000000000e+02 1.073976388623027844e+01
4.500000000000000000e+02 1.116957916711568544e+01
4.600000000000000000e+02 1.183852973532519570e+01
4.700000000000000000e+02 1.221701348599141568e+01
4.800000000000000000e+02 1.218961910498413204e+01
4.900000000000000000e+02 1.249058809033199680e+01
5.000000000000000000e+02 1.268050002312044455e+01
5.100000000000000000e+02 1.342505454320165370e+01
5.200000000000000000e+02 1.370502885786693525e+01
5.300000000000000000e+02 1.412748665450624230e+01
5.400000000000000000e+02 1.460966528942608988e+01
5.500000000000000000e+02 1.510068322036588029e+01
5.600000000000000000e+02 1.540396322418808950e+01
5.700000000000000000e+02 1.561467015760024424e+01
5.800000000000000000e+02 1.598973485801116112e+01
5.900000000000000000e+02 1.625172260192675822e+01
6.000000000000000000e+02 1.656770271607828704e+01
6.100000000000000000e+02 1.661418850098102951e+01
6.200000000000000000e+02 1.727867137307036671e+01
6.300000000000000000e+02 1.700660138114942299e+01
6.400000000000000000e+02 1.749096564633795481e+01
6.500000000000000000e+02 1.762782998288665226e+01
6.600000000000000000e+02 1.813588465751182355e+01
6.700000000000000000e+02 1.824754215878617458e+01
6.800000000000000000e+02 1.762977870574464134e+01
6.900000000000000000e+02 1.797323215568283672e+01
7.000000000000000000e+02 1.803316888470267543e+01
7.100000000000000000e+02 1.868292322086524848e+01
7.200000000000000000e+02 1.850465723461852008e+01
7.300000000000000000e+02 1.817665526224372741e+01
7.400000000000000000e+02 1.860994359822156241e+01
7.500000000000000000e+02 1.881807166120172781e+01
7.600000000000000000e+02 1.903873750649553642e+01
7.700000000000000000e+02 1.879260149031487970e+01
7.800000000000000000e+02 1.923631020991621199e+01
7.900000000000000000e+02 1.932090895778453898e+01
8.000000000000000000e+02 1.999710945963448694e+01
8.100000000000000000e+02 2.055390206206342896e+01
8.200000000000000000e+02 2.093999347917200282e+01
8.300000000000000000e+02 2.084330193485115501e+01
8.400000000000000000e+02 2.116171647030580516e+01
8.500000000000000000e+02 2.130166228388884520e+01
8.600000000000000000e+02 2.139066511471122567e+01
8.700000000000000000e+02 2.066306124303625325e+01
8.800000000000000000e+02 2.046624651789231564e+01
8.900000000000000000e+02 2.063605611903430770e+01
9.000000000000000000e+02 2.124907728321183242e+01
9.100000000000000000e+02 2.076418739904084987e+01
9.200000000000000000e+02 2.115055869916558606e+01
9.300000000000000000e+02 2.107971669848349450e+01
9.400000000000000000e+02 2.155855136616132484e+01
9.500000000000000000e+02 2.211887232106033707e+01
9.600000000000000000e+02 2.181505911175464973e+01
9.700000000000000000e+02 2.203236584874967718e+01
9.800000000000000000e+02 2.243717570759504554e+01
9.900000000000000000e+02 2.249692854866512448e+01
1.000000000000000000e+03 2.257619536910723923e+01
1.010000000000000000e+03 2.287515087708344197e+01
1.020000000000000000e+03 2.361738520477277348e+01
1.030000000000000000e+03 2.423106783586169399e+01
1.040000000000000000e+03 2.486469442856044054e+01
1.050000000000000000e+03 2.430358157611408387e+01
1.060000000000000000e+03 2.425776456649849422e+01
1.070000000000000000e+03 2.469735823219049564e+01
1.080000000000000000e+03 2.433972076832257869e+01
1.090000000000000000e+03 2.543601782969021485e+01
1.100000000000000000e+03 2.533215274352242830e+01
1.110000000000000000e+03 2.613032664883071732e+01
1.120000000000000000e+03 2.636322599892285723e+01
1.130000000000000000e+03 2.717750373906029893e+01
1.140000000000000000e+03 2.766755447506014320e+01
1.150000000000000000e+03 2.785461625805234576e+01
1.160000000000000000e+03 2.809529411499883622e+01
1.170000000000000000e+03 2.794151844387370431e+01
1.180000000000000000e+03 2.812714067981522703e+01
1.190000000000000000e+03 2.736375693865646497e+01
1.200000000000000000e+03 2.790174899781636952e+01
1.210000000000000000e+03 2.734300174819588847e+01
1.220000000000000000e+03 2.729402726103472787e+01
1.230000000000000000e+03 2.689565483979771443e+01
1.240000000000000000e+03 2.759800207012392548e+01
1.250000000000000000e+03 2.779439546410233675e+01
1.260000000000000000e+03 2.775098623671692621e+01
1.270000000000000000e+03 2.739059968584759019e+01
1.280000000000000000e+03 2.751114927127234466e+01
1.290000000000000000e+03 2.747955424769713773e+01
1.300000000000000000e+03 2.724236123544409338e+01
1.310000000000000000e+03 2.756013697344862123e+01
1.320000000000000000e+03 2.790220954232619022e+01
1.330000000000000000e+03 2.864994515293930988e+01
1.340000000000000000e+03 2.824053448597378235e+01
1.350000000000000000e+03 2.790188981398920021e+01
1.360000000000000000e+03 2.844825812373170493e+01
1.370000000000000000e+03 2.859237254562552266e+01
1.380000000000000000e+03 2.931326103444153830e+01
1.390000000000000000e+03 2.911888626569194116e+01
1.400000000000000000e+03 2.880632049249881277e+01
1.410000000000000000e+03 2.854366915948143912e+01
1.420000000000000000e+03 2.876610527984034604e+01
1.430000000000000000e+03 2.892744280601937135e+01
1.440000000000000000e+03 2.874060078151680386e+01
1.450000000000000000e+03 2.808991190971444496e+01
1.460000000000000000e+03 2.833916476240302984e+01
1.470000000000000000e+03 2.837829894411304110e+01
1.480000000000000000e+03 2.855931005854195348e+01
1.490000000000000000e+03 2.846575254382044307e+01
1.500000000000000000e+03 2.894259494175696545e+01
1.510000000000000000e+03 2.908358369727777415e+01
1.520000000000000000e+03 2.994694464109323917e+01
1.530000000000000000e+03 2.974521416787544581e+01
1.540000000000000000e+03 2.918397413540076002e+01
1.550000000000000000e+03 2.991975108652948734e+01
1.560000000000000000e+03 3.014843510846615970e+01
1.570000000000000000e+03 3.075484756465635883e+01
1.580000000000000000e+03 3.068328208319566386e+01
1.590000000000000000e+03 3.065692394257693820e+01
1.600000000000000000e+03 3.074923567562174753e+01
1.610000000000000000e+03 3.056665181302767564e+01
1.620000000000000000e+03 3.013785427639690795e+01
1.630000000000000000e+03 2.935336489731203358e+01
1.640000000000000000e+03 2.809370811537968393e+01
1.650000000000000000e+03 2.811077992685333982e+01
1.660000000000000000e+03 2.794233987906444838e+01
1.670000000000000000e+03 2.811089767893572855e+01
1.680000000000000000e+03 2.806336499430814513e+01
1.690000000000000000e+03 2.884473955588427430e+01
1.700000000000000000e+03 2.832097594975844856e+01
1.710000000000000000e+03 2.843452083328834590e+01
1.720000000000000000e+03 2.817567176715517974e+01
1.730000000000000000e+03 2.812540056318887594e+01
1.740000000000000000e+03 2.863775582383738083e+01
1.750000000000000000e+03 2.776468069526835336e+01
1.760000000000000000e+03 2.791434819922092458e+01
1.770000000000000000e+03 2.776999745965319732e+01
1.780000000000000000e+03 2.763661541347511275e+01
1.790000000000000000e+03 2.825957023469537432e+01
1.800000000000000000e+03 2.904153582467857575e+01
1.810000000000000000e+03 2.920898985636978296e+01
1.820000000000000000e+03 2.894230584777352533e+01
1.830000000000000000e+03 2.846225329020487038e+01
1.840000000000000000e+03 2.728140239100758890e+01
1.850000000000000000e+03 2.680983189041572246e+01
1.860000000000000000e+03 2.520369198880125339e+01
1.870000000000000000e+03 2.349949790135840999e+01
1.880000000000000000e+03 9.155288632201077803e+00
1.890000000000000000e+03 8.526971103795062845e+00
1.900000000000000000e+03 7.819619224710066874e+00
1.910000000000000000e+03 7.581749300988207096e+00
1.920000000000000000e+03 6.806334073941386009e+00
1.930000000000000000e+03 7.678950066889740356e+00
1.940000000000000000e+03 7.010030977074066527e+00
1.950000000000000000e+03 7.010703782560000263e+00
1.960000000000000000e+03 6.988130973301593940e+00
1.970000000000000000e+03 6.919455697388059434e+00
1.980000000000000000e+03 7.018239861391947443e+00
1.990000000000000000e+03 7.133420164842348754e+00
2.000000000000000000e+03 8.142239802662075476e+00
2.010000000000000000e+03 8.207417623864742495e+00
2.020000000000000000e+03 8.512319739597089097e+00
2.030000000000000000e+03 7.202098935182434047e+00
2.040000000000000000e+03 7.168847762325881945e+00
2.050000000000000000e+03 5.916140285521464648e+00
2.060000000000000000e+03 5.899029416113478419e+00
2.070000000000000000e+03 6.142752683859995955e+00
2.080000000000000000e+03 4.947114303324596563e+00
2.090000000000000000e+03 5.437656322822959964e+00
2.100000000000000000e+03 4.741658516303360216e+00
2.110000000000000000e+03 4.728954569742526814e+00
2.120000000000000000e+03 4.510661728968671014e+00
2.130000000000000000e+03 3.118443669187328737e+00
2.140000000000000000e+03 2.902684876416032012e+00
2.150000000000000000e+03 2.893817357692441306e+00
2.160000000000000000e+03 3.880321811104877838e+00
2.170000000000000000e+03 4.326886591832476370e+00
2.180000000000000000e+03 3.455124515027975463e+00
2.190000000000000000e+03 2.750206482950133591e+00
2.200000000000000000e+03 4.988263638623678276e+00
2.210000000000000000e+03 6.325392926583347730e+00
2.220000000000000000e+03 1.330189772540521176e+00
2.230000000000000000e+03 1.979596831480705532e-01
2.240000000000000000e+03 -2.428865715773227407e+00
2.250000000000000000e+03 -5.043258853688755039e+00
2.260000000000000000e+03 -5.902797190652776749e+00
2.270000000000000000e+03 -2.988406389741655289e+00
2.280000000000000000e+03 -2.613320814045962948e+00
2.290000000000000000e+03 -1.522156915542083766e+00
2.300000000000000000e+03 -3.113854915195943818e+00
2.310000000000000000e+03 -2.418379417319073355e+00
2.320000000000000000e+03 -3.112953418019273499e+00
2.330000000000000000e+03 -3.487790895953423842e+00
2.340000000000000000e+03 -3.694298820653941107e+00
2.350000000000000000e+03 -4.643189775900594896e+00
2.360000000000000000e+03 -5.121078006813775119e+00
2.370000000000000000e+03 -5.386655829100973847e+00
2.380000000000000000e+03 -5.269074991750855474e+00
2.390000000000000000e+03 -5.843562404943767774e+00
2.400000000000000000e+03 -6.187154941638482342e+00
2.410000000000000000e+03 -6.165448043140060008e+00
2.420000000000000000e+03 -6.463157165703833584e+00
2.430000000000000000e+03 -6.624459531793974065e+00
2.440000000000000000e+03 -6.514209012906619023e+00
2.450000000000000000e+03 -6.542721799933502780e+00
2.460000000000000000e+03 -6.599274473470515545e+00
2.470000000000000000e+03 -7.566287570702769472e+00
2.480000000000000000e+03 -8.003985131998646807e+00
2.490000000000000000e+03 -8.585171986909927000e+00
2.500000000000000000e+03 -8.616770265152496222e+00
2.510000000000000000e+03 -9.722644906451662905e+00
2.520000000000000000e+03 -9.572607307090279960e+00
2.530000000000000000e+03 -1.010221836926849903e+01
2.540000000000000000e+03 -1.125663359377242045e+01
2.550000000000000000e+03 -1.062948733139455726e+01
2.560000000000000000e+03 -1.077300949941481178e+01
2.570000000000000000e+03 -1.161122570541925825e+01
2.580000000000000000e+03 -1.193708166883972410e+01
2.590000000000000000e+03 -1.238216450100053123e+01
2.600000000000000000e+03 -1.227058116098727680e+01
2.610000000000000000e+03 -1.243912671431360195e+01
2.620000000000000000e+03 -1.226232079087391469e+01
2.630000000000000000e+03 -1.146519938864656751e+01
2.640000000000000000e+03 -1.207544090584489993e+01
2.650000000000000000e+03 -1.227675257220140281e+01
2.660000000000000000e+03 -1.213291998244632452e+01
2.670000000000000000e+03 -1.225118298564541419e+01
2.680000000000000000e+03 -1.241012499771045441e+01
2.690000000000000000e+03 -1.210557414733295900e+01
2.700000000000000000e+03 -1.238775850206286577e+01
2.710000000000000000e+03 -1.233461080281973921e+01
2.720000000000000000e+03 -1.259222577252855046e+01
2.730000000000000000e+03 -1.300605260203386138e+01
2.740000000000000000e+03 -1.341448683830890332e+01
2.750000000000000000e+03 -1.388005459513048834e+01
2.760000000000000000e+03 -1.340200620732163372e+01
2.770000000000000000e+03 -1.371760368338004810e+01
2.780000000000000000e+03 -1.413062533195191151e+01
2.790000000000000000e+03 -1.409889137880549015e+01
2.800000000000000000e+03 -1.404800682333240047e+01
2.810000000000000000e+03 -1.415815922644544855e+01
2.820000000000000000e+03 -1.375680794181744204e+01
2.830000000000000000e+03 -1.406720142965487952e+01
2.840000000000000000e+03 -1.429522509560020893e+01
2.850000000000000000e+03 -1.453024269919776401e+01
2.860000000000000000e+03 -1.442746092212777143e+01
2.870000000000000000e+03 -1.397295182601180841e+01
2.880000000000000000e+03 -1.403119490104543132e+01
2.890000000000000000e+03 -1.381230007116831615e+01
2.900000000000000000e+03 -1.453481258921730301e+01
2.910000000000000000e+03 -1.461818916854075212e+01
2.920000000000000000e+03 -1.525582682926052769e+01
2.930000000000000000e+03 -1.508544408809492410e+01
2.940000000000000000e+03 -1.526629916257392949e+01
2.950000000000000000e+03 -1.545315630107442928e+01
2.960000000000000000e+03 -1.559118383299036736e+01
2.970000000000000000e+03 -1.547561498085849507e+01
2.980000000000000000e+03 -1.552761785931504335e+01
2.990000000000000000e+03 -1.576303380467315662e+01
3.000000000000000000e+03 -1.574719856228340120e+01
3.010000000000000000e+03 -1.573920215237063758e+01
3.020000000000000000e+03 -1.602943664109375277e+01
3.030000000000000000e+03 -1.614600992101457422e+01
3.040000000000000000e+03 -1.644170881217726787e+01
3.050000000000000000e+03 -1.639228259183207825e+01
3.060000000000000000e+03 -1.627073855887164200e+01
3.070000000000000000e+03 -1.624950539560989426e+01
3.080000000000000000e+03 -1.607743721578012241e+01
3.090000000000000000e+03 -1.596631933720082230e+01
3.100000000000000000e+03 -1.569808700848184913e+01
3.110000000000000000e+03 -1.624219228016514194e+01
3.120000000000000000e+03 -1.648912965934526653e+01
3.130000000000000000e+03 -1.615495439460108429e+01
3.140000000000000000e+03 -1.638948748298491864e+01
3.150000000000000000e+03 -1.650408096363835853e+01
3.160000000000000000e+03 -1.679841299277303790e+01
3.170000000000000000e+03 -1.732508574520271338e+01
3.180000000000000000e+03 -1.724079382598296206e+01
3.190000000000000000e+03 -1.726675688949423204e+01
3.200000000000000000e+03 -1.741892984252687882e+01
3.210000000000000000e+03 -1.733565995768116608e+01
3.220000000000000000e+03 -1.724400589869970446e+01
3.230000000000000000e+03 -1.710213836288727407e+01
3.240000000000000000e+03 -1.748664012209543728e+01
3.250000000000000000e+03 -1.771943451752563448e+01
3.260000000000000000e+03 -1.703923124635611686e+01
3.270000000000000000e+03 -1.677098302390739804e+01
3.280000000000000000e+03 -1.689285309794322387e+01
3.290000000000000000e+03 -1.709375079348714621e+01
3.300000000000000000e+03 -1.759772236937676126e+01
3.310000000000000000e+03 -1.783743299664954662e+01
3.320000000000000000e+03 -1.801171951719690867e+01
3.330000000000000000e+03 -1.835200147092179179e+01
3.340000000000000000e+03 -1.848816862511182535e+01
3.350000000000000000e+03 -1.885681243029520004e+01
3.360000000000000000e+03 -1.905011327940560761e+01
3.370000000000000000e+03 -1.911159119605978418e+01
3.380000000000000000e+03 -1.896983407767357477e+01
3.390000000000000000e+03 -1.863725562037996042e+01
3.400000000000000000e+03 -1.909431857096362961e+01
3.410000000000000000e+03 -1.916482878322555905e+01
3.420000000000000000e+03 -1.933527289910112756e+01
3.430000000000000000e+03 -1.901443792109775899e+01
3.440000000000000000e+03 -1.851176348665602234e+01
3.450000000000000000e+03 -1.851198397322426104e+01
3.460000000000000000e+03 -1.922540597440127641e+01
3.470000000000000000e+03 -1.911296554945367632e+01
3.480000000000000000e+03 -1.878633347492819894e+01
3.490000000000000000e+03 -1.834065896060247525e+01
3.500000000000000000e+03 -1.899531028980027259e+01
3.510000000000000000e+03 -1.933346624304554950e+01
3.520000000000000000e+03 -1.899300124199810824e+01
3.530000000000000000e+03 -1.862271023131361147e+01
3.540000000000000000e+03 -1.911546060726547580e+01
3.550000000000000000e+03 -1.875186873540425836e+01
3.560000000000000000e+03 -1.861185955240478052e+01
3.570000000000000000e+03 -1.951739039106073648e+01
3.580000000000000000e+03 -1.918823263148170355e+01
3.590000000000000000e+03 -1.861823225313817431e+01
3.600000000000000000e+03 -1.937882308193997005e+01
3.610000000000000000e+03 -1.859803688667925314e+01
3.620000000000000000e+03 -1.880304651207444522e+01
3.630000000000000000e+03 -1.859465936093950233e+01
3.640000000000000000e+03 -1.884312635206664055e+01
3.650000000000000000e+03 -1.924991594038630893e+01
3.660000000000000000e+03 -1.930328809421559555e+01
3.670000000000000000e+03 -1.924681941996166756e+01
3.680000000000000000e+03 -1.815789081111867631e+01
3.690000000000000000e+03 -1.842848102405758937e+01
3.700000000000000000e+03 -1.813267448649594371e+01
3.710000000000000000e+03 -1.811894872365985520e+01
3.720000000000000000e+03 -1.882920597310518929e+01
3.730000000000000000e+03 -1.911788992165440959e+01
3.740000000000000000e+03 -1.926230895946776656e+01
3.750000000000000000e+03 -1.984236195558427340e+01
3.760000000000000000e+03 -1.980016737371323643e+01
3.770000000000000000e+03 -1.949709678041956806e+01
3.780000000000000000e+03 -1.966918437747706605e+01
3.790000000000000000e+03 -1.965313277639472744e+01
3.800000000000000000e+03 -1.992574673546830155e+01
3.810000000000000000e+03 -1.979614947672522618e+01
3.820000000000000000e+03 -2.028974483928429606e+01
3.830000000000000000e+03 -2.051517475981026450e+01
3.840000000000000000e+03 -2.069624027589235027e+01
3.850000000000000000e+03 -2.102723193316850114e+01
3.860000000000000000e+03 -2.110729875309146308e+01
3.870000000000000000e+03 -2.215492586883061676e+01
3.880000000000000000e+03 -2.172448673213155246e+01
3.890000000000000000e+03 -2.205670768439599527e+01
3.900000000000000000e+03 -2.173616878364085636e+01
3.910000000000000000e+03 -2.171764524848133959e+01
3.920000000000000000e+03 -2.125915448402201235e+01
3.930000000000000000e+03 -2.166233739501123523e+01
3.940000000000000000e+03 -2.165044631798264874e+01
3.950000000000000000e+03 -2.168078309483973953e+01
3.960000000000000000e+03 -2.156548988668865974e+01
3.970000000000000000e+03 -2.181755358523540167e+01
3.980000000000000000e+03 -2.204169302633227545e+01
3.990000000000000000e+03 -2.219713553868427880e+01
4.000000000000000000e+03 -2.256027414127835584e+01
4.010000000000000000e+03 -2.225069834926747347e+01
4.020000000000000000e+03 -2.260005460900650576e+01
4.030000000000000000e+03 -2.277402788833546055e+01
4.040000000000000000e+03 -2.214799082012765297e+01
4.050000000000000000e+03 -2.314272257484481798e+01
4.060000000000000000e+03 -2.242341329086394097e+01
4.070000000000000000e+03 -2.273139371382173834e+01
4.080000000000000000e+03 -2.231329633162109616e+01
4.090000000000000000e+03 -2.268500940940013066e+01
4.100000000000000000e+03 -2.237506776001961839e+01
4.110000000000000000e+03 -2.223567360624394240e+01
4.120000000000000000e+03 -2.154784377359372627e+01
4.130000000000000000e+03 -2.173338359291582833e+01
4.140000000000000000e+03 -2.130587386597634492e+01
4.150000000000000000e+03 -2.080971362370947020e+01
4.160000000000000000e+03 -2.117827805617438486e+01
4.170000000000000000e+03 -2.090369366484004843e+01
4.180000000000000000e+03 -2.126827066993973858e+01
4.190000000000000000e+03 -2.103405850185264114e+01
4.200000000000000000e+03 -2.125479573697391800e+01
4.210000000000000000e+03 -2.145217533571488389e+01
4.220000000000000000e+03 -2.214734256774949017e+01
4.230000000000000000e+03 -2.226953190016357098e+01
4.240000000000000000e+03 -2.249747500163141467e+01
4.250000000000000000e+03 -2.234732274590812295e+01
4.260000000000000000e+03 -2.230511782765066187e+01
4.270000000000000000e+03 -2.294513891459034483e+01
4.280000000000000000e+03 -2.402540108802884333e+01
4.290000000000000000e+03 -2.376551178650446161e+01
4.300000000000000000e+03 -2.407901306057755164e+01
4.310000000000000000e+03 -2.423731456321122835e+01
4.320000000000000000e+03 -2.422808672282259579e+01
4.330000000000000000e+03 -2.435990564471030950e+01
4.340000000000000000e+03 -2.457122636899909196e+01
4.350000000000000000e+03 -2.469920100973453714e+01
4.360000000000000000e+03 -2.484981146484292225e+01
4.370000000000000000e+03 -2.481838542492430122e+01
4.380000000000000000e+03 -2.528104678494105428e+01
4.390000000000000000e+03 -2.552038638759902511e+01
4.400000000000000000e+03 -2.524959945682765294e+01
4.410000000000000000e+03 -2.478979528768728358e+01
4.420000000000000000e+03 -2.558561952614294199e+01
4.430000000000000000e+03 -2.574044410104429659e+01
4.440000000000000000e+03 -2.571733218458263082e+01
4.450000000000000000e+03 -2.546386962094996420e+01
4.460000000000000000e+03 -2.512956639895821809e+01
4.470000000000000000e+03 -2.507247885372174778e+01
4.480000000000000000e+03 -2.530132132036700909e+01
4.490000000000000000e+03 -2.487899380058501464e+01
4.500000000000000000e+03 -2.540467939708187828e+01
4.510000000000000000e+03 -2.540095451546872596e+01
4.520000000000000000e+03 -2.510059484763910831e+01
4.530000000000000000e+03 -2.478767578798764504e+01
4.540000000000000000e+03 -2.445726590063428318e+01
4.550000000000000000e+03 -2.422201595943630537e+01
4.560000000000000000e+03 -2.394167878900141488e+01
4.570000000000000000e+03 -2.433546566503038378e+01
4.580000000000000000e+03 -2.388490667936693512e+01
4.590000000000000000e+03 -2.438234484948389991e+01
4.600000000000000000e+03 -2.472258439862447688e+01
4.610000000000000000e+03 -2.471725063465638783e+01
4.620000000000000000e+03 -2.477129617287775432e+01
4.630000000000000000e+03 -2.448739389425279711e+01
4.640000000000000000e+03 -2.512080465475962399e+01
4.650000000000000000e+03 -2.530240929094313884e+01
4.660000000000000000e+03 -2.477802487670015097e+01
4.670000000000000000e+03 -2.484028046503527065e+01
4.680000000000000000e+03 -2.424848702940992951e+01
4.690000000000000000e+03 -2.435698561257130024e+01
4.700000000000000000e+03 -2.449836217127853644e+01
4.710000000000000000e+03 -2.447880981647048060e+01
4.720000000000000000e+03 -2.433993710825356516e+01
4.730000000000000000e+03 -2.476364172088672433e+01
4.740000000000000000e+03 -2.486307686347663548e+01
4.750000000000000000e+03 -2.453237384252308573e+01
4.760000000000000000e+03 -2.604811919799082176e+01
4.770000000000000000e+03 -2.568907841099083100e+01
4.780000000000000000e+03 -2.564140346946583549e+01
4.790000000000000000e+03 -2.564259596492527749e+01
4.800000000000000000e+03 -2.551401043818727032e+01
4.810000000000000000e+03 -2.557788734731736469e+01
4.820000000000000000e+03 -2.572526860146090399e+01
4.830000000000000000e+03 -2.569741981675264242e+01
4.840000000000000000e+03 -2.606081652795862169e+01
4.850000000000000000e+03 -2.624775933153851781e+01
4.860000000000000000e+03 -2.693569924270292404e+01
4.870000000000000000e+03 -2.713519083584390046e+01
4.880000000000000000e+03 -2.733291658798964363e+01
4.890000000000000000e+03 -2.704064630571726013e+01
4.900000000000000000e+03 -2.725235775910419989e+01
4.910000000000000000e+03 -2.720366399944813907e+01
4.920000000000000000e+03 -2.705117649450031081e+01
4.930000000000000000e+03 -2.724440187841945260e+01
4.940000000000000000e+03 -2.718420281247620096e+01
4.950000000000000000e+03 -2.764494001957061897e+01
4.960000000000000000e+03 -2.820671938115208377e+01
4.970000000000000000e+03 -2.816032582734114698e+01
4.980000000000000000e+03 -2.796382224012186413e+01
4.990000000000000000e+03 -2.835439201596842196e+01
5.000000000000000000e+03 -2.802649973014175089e+01
5.010000000000000000e+03 -2.841822400714863761e+01
5.020000000000000000e+03 -2.926522871128018011e+01
5.030000000000000000e+03 -2.913265755901385745e+01
5.040000000000000000e+03 -2.963117846341513228e+01
5.050000000000000000e+03 -2.948207578021113306e+01
5.060000000000000000e+03 -2.973659128740113999e+01
5.070000000000000000e+03 -2.982442570578761121e+01
5.080000000000000000e+03 -2.981389982616051526e+01
5.090000000000000000e+03 -3.002834125106775076e+01
5.100000000000000000e+03 -3.062713980010894232e+01
5.110000000000000000e+03 -3.048148645147707470e+01
5.120000000000000000e+03 -3.057047382425871263e+01
5.130000000000000000e+03 -3.104078769512998548e+01
5.140000000000000000e+03 -3.061040434738615090e+01
5.150000000000000000e+03 -3.058668837673793917e+01
5.160000000000000000e+03 -3.084576444203170098e+01
5.170000000000000000e+03 -3.058248954686292365e+01
5.180000000000000000e+03 -3.095384988482974364e+01
5.190000000000000000e+03 -3.111484787229970550e+01
5.200000000000000000e+03 -3.112730843988835971e+01
5.210000000000000000e+03 -3.135545813684570504e+01
5.220000000000000000e+03 -3.105937108775488298e+01
5.230000000000000000e+03 -3.130846703174271539e+01
5.240000000000000000e+03 -3.151066890330758241e+01
5.250000000000000000e+03 -3.160077678203870732e+01
5.260000000000000000e+03 -3.163138901928611091e+01
5.270000000000000000e+03 -3.168410953076362802e+01
5.280000000000000000e+03 -3.165194121950933948e+01
5.290000000000000000e+03 -3.147655353884066187e+01
5.300000000000000000e+03 -3.168446316024643750e+01
5.310000000000000000e+03 -3.146607034819651716e+01
5.320000000000000000e+03 -3.178889388503923641e+01
5.330000000000000000e+03 -3.181727145994528172e+01
5.340000000000000000e+03 -3.155208381763272740e+01
5.350000000000000000e+03 -3.130744408336363449e+01
5.360000000000000000e+03 -3.123883804953712229e+01
5.370000000000000000e+03 -3.160521553385252247e+01
5.380000000000000000e+03 -3.138752679664057865e+01
5.390000000000000000e+03 -3.174780706038784217e+01
5.400000000000000000e+03 -3.073969742302920594e+01
5.410000000000000000e+03 -3.113497097304677652e+01
5.420000000000000000e+03 -3.107251843276526415e+01
5.430000000000000000e+03 -3.153842147070825774e+01
5.440000000000000000e+03 -3.130897990469980385e+01
5.450000000000000000e+03 -3.113276568921418175e+01
5.460000000000000000e+03 -3.144938603372364838e+01
5.470000000000000000e+03 -3.149896314942942865e+01
5.480000000000000000e+03 -3.122224910034280754e+01
5.490000000000000000e+03 -3.139276944451174245e+01
5.500000000000000000e+03 -3.148864503309745544e+01
5.510000000000000000e+03 -3.164565476214750106e+01
5.520000000000000000e+03 -3.184105299047752879e+01
5.530000000000000000e+03 -3.183910289304601804e+01
5.540000000000000000e+03 -3.172441691604323211e+01
5.550000000000000000e+03 -3.202122642425270982e+01
5.560000000000000000e+03 -3.223306056477131420e+01
5.570000000000000000e+03 -3.267090315793240052e+01
5.580000000000000000e+03 -3.250576103366378788e+01
5.590000000000000000e+03 -3.311373437518886220e+01
5.600000000000000000e+03 -3.308020956377477262e+01
5.610000000000000000e+03 -3.302508419490933278e+01
5.620000000000000000e+03 -3.290556265554079829e+01
5.630000000000000000e+03 -3.290531088160035722e+01
5.640000000000000000e+03 -3.375610769308011072e+01
5.650000000000000000e+03 -3.359083262554345595e+01
5.660000000000000000e+03 -3.391364198992518908e+01
5.670000000000000000e+03 -3.370655920883746148e+01
5.680000000000000000e+03 -3.385491909966718538e+01
5.690000000000000000e+03 -3.372082486695833836e+01
5.700000000000000000e+03 -3.375128258693371208e+01
5.710000000000000000e+03 -3.373566306454956987e+01
5.720000000000000000e+03 -3.380075461837695627e+01
5.730000000000000000e+03 -3.342945013291699752e+01
5.740000000000000000e+03 -3.376167547287570869e+01
5.750000000000000000e+03 -3.346224276158051225e+01
5.760000000000000000e+03 -3.307418906112864931e+01
5.770000000000000000e+03 -3.243710341079179216e+01
5.780000000000000000e+03 -3.246801604071646352e+01
5.790000000000000000e+03 -3.265738821607948239e+01
5.800000000000000000e+03 -3.293201222537375372e+01
5.810000000000000000e+03 -3.282293530934015280e+01
5.820000000000000000e+03 -3.295892863155879127e+01
5.830000000000000000e+03 -3.313584651621219734e+01
5.840000000000000000e+03 -3.314093098458357645e+01
5.850000000000000000e+03 -3.308239074123230239e+01
5.860000000000000000e+03 -3.331259602837916134e+01
5.870000000000000000e+03 -3.310700349809032161e+01
5.880000000000000000e+03 -3.290957734531400547e+01
5.890000000000000000e+03 -3.269495129460015903e+01
5.900000000000000000e+03 -3.256407589137282343e+01
5.910000000000000000e+03 -3.275730739135414638e+01
5.920000000000000000e+03 -3.299757979895863969e+01
5.930000000000000000e+03 -3.291000726232807949e+01
5.940000000000000000e+03 -3.301643600451231464e+01
5.950000000000000000e+03 -3.307674371935459590e+01
5.960000000000000000e+03 -3.284386223154365325e+01
5.970000000000000000e+03 -3.327895569055056058e+01
5.980000000000000000e+03 -3.332593747025383379e+01
5.990000000000000000e+03 -3.347959021435553950e+01
6.000000000000000000e+03 -3.352817745370280988e+01
6.010000000000000000e+03 -3.327409763951827415e+01
6.020000000000000000e+03 -3.350897824244715650e+01
6.030000000000000000e+03 -3.358447923561212178e+01
6.040000000000000000e+03 -3.337764829428537894e+01
6.050000000000000000e+03 -3.344934786707239027e+01
6.060000000000000000e+03 -3.333324518949162751e+01
6.070000000000000000e+03 -3.344842745980496090e+01
6.080000000000000000e+03 -3.354388497522410262e+01
6.090000000000000000e+03 -3.347491851023046650e+01
6.100000000000000000e+03 -3.304227177295548756e+01
6.110000000000000000e+03 -3.302974946588811633e+01
6.120000000000000000e+03 -3.289614379473400874e+01
6.130000000000000000e+03 -3.304589790454276965e+01
6.140000000000000000e+03 -3.308149349245358906e+01
6.150000000000000000e+03 -3.311748898849510425e+01
6.160000000000000000e+03 -3.290685354268282481e+01
6.170000000000000000e+03 -3.290476614421442036e+01
6.180000000000000000e+03 -3.288280053700202643e+01
6.190000000000000000e+03 -3.291149146773867074e+01
6.200000000000000000e+03 -3.291941143408077153e+01
6.210000000000000000e+03 -3.297446961790049613e+01
6.220000000000000000e+03 -3.294094882513094547e+01
6.230000000000000000e+03 -3.323308927121215817e+01
6.240000000000000000e+03 -3.321432165009641579e+01
6.250000000000000000e+03 -3.340977963759607405e+01
6.260000000000000000e+03 -3.337032798731328853e+01
6.270000000000000000e+03 -3.316288996828298963e+01
6.280000000000000000e+03 -3.311052431023604470e+01
6.290000000000000000e+03 -3.290759335731728186e+01
6.300000000000000000e+03 -3.280334660219671150e+01
6.310000000000000000e+03 -3.227003010245984171e+01
6.320000000000000000e+03 -3.239928358145434117e+01
6.330000000000000000e+03 -3.234981592338915846e+01
6.340000000000000000e+03 -3.290013011043717484e+01
6.350000000000000000e+03 -3.303438821744099840e+01
6.360000000000000000e+03 -3.260146605070558934e+01
6.370000000000000000e+03 -3.315767770225110667e+01
6.380000000000000000e+03 -3.341605233620887816e+01
6.390000000000000000e+03 -3.389951321217132829e+01
6.400000000000000000e+03 -3.369457659907898517e+01
6.410000000000000000e+03 -3.375621295522886101e+01
6.420000000000000000e+03 -3.360350872610064954e+01
6.430000000000000000e+03 -3.382640555027192875e+01
6.440000000000000000e+03 -3.392637994590421613e+01
6.450000000000000000e+03 -3.417239578991753035e+01
6.460000000000000000e+03 -3.429151138933512755e+01
6.470000000000000000e+03 -3.437116914378907495e+01
6.480000000000000000e+03 -3.434584470566603187e+01
6.490000000000000000e+03 -3.392095296983094954e+01
6.500000000000000000e+03 -3.376024143206004169e+01
6.510000000000000000e+03 -3.400443023718123214e+01
6.520000000000000000e+03 -3.428043693138526038e+01
6.530000000000000000e+03 -3.434472066219814934e+01
6.540000000000000000e+03 -3.471145393301706861e+01
6.550000000000000000e+03 -3.404326617014091028e+01
6.560000000000000000e+03 -3.462583232770538189e+01
6.570000000000000000e+03 -3.466576971171519972e+01
6.580000000000000000e+03 -3.443820314202048394e+01
6.590000000000000000e+03 -3.422880812121647409e+01
6.600000000000000000e+03 -3.427904042993446865e+01
6.610000000000000000e+03 -3.445593217531110497e+01
6.620000000000000000e+03 -3.445604741216752132e+01
6.630000000000000000e+03 -3.431453832470299403e+01
6.640000000000000000e+03 -3.406037195623032687e+01
6.650000000000000000e+03 -3.396614739043982922e+01
6.660000000000000000e+03 -3.402219450559601910e+01
6.670000000000000000e+03 -3.346125676452251696e+01
6.680000000000000000e+03 -3.392304528838565147e+01
6.690000000000000000e+03 -3.369512863365810063e+01
6.700000000000000000e+03 -3.396252702480812502e+01
6.710000000000000000e+03 -3.385029770351438572e+01
6.720000000000000000e+03 -3.381586344658558119e+01
6.730000000000000000e+03 -3.410236851182227724e+01
6.740000000000000000e+03 -3.404353493576449807e+01
6.750000000000000000e+03 -3.393273267415125360e+01
6.760000000000000000e+03 -3.406896617438536623e+01
6.770000000000000000e+03 -3.413527275156312157e+01
6.780000000000000000e+03 -3.391877966881625639e+01
6.790000000000000000e+03 -3.387376586731325290e+01
6.800000000000000000e+03 -3.397035927093679675e+01
6.810000000000000000e+03 -3.388091362070599644e+01
6.820000000000000000e+03 -3.411483853810996436e+01
6.830000000000000000e+03 -3.401741195923921168e+01
6.840000000000000000e+03 -3.416904623522216866e+01
6.850000000000000000e+03 -3.403623596812266783e+01
6.860000000000000000e+03 -3.411990711547508681e+01
6.870000000000000000e+03 -3.435302093937509937e+01
6.880000000000000000e+03 -3.424617525362879178e+01
6.890000000000000000e+03 -3.455050985140688624e+01
6.900000000000000000e+03 -3.421722613737446750e+01
6.910000000000000000e+03 -3.439856481268505206e+01
6.920000000000000000e+03 -3.434109567615652736e+01
6.930000000000000000e+03 -3.437319594875857831e+01
6.940000000000000000e+03 -3.431699244540234872e+01
6.950000000000000000e+03 -3.452161631618210436e+01
6.960000000000000000e+03 -3.445584032233159633e+01
6.970000000000000000e+03 -3.439415222873191169e+01
6.980000000000000000e+03 -3.421797668609852394e+01
6.990000000000000000e+03 -3.412100565911653405e+01
7.000000000000000000e+03 -3.418804673657986370e+01
7.010000000000000000e+03 -3.424562314105602923e+01
7.020000000000000000e+03 -3.461204219691879302e+01
7.030000000000000000e+03 -3.511261829525385281e+01
7.040000000000000000e+03 -3.434632189967547333e+01
7.050000000000000000e+03 -3.454711612593671077e+01
7.060000000000000000e+03 -3.471787239417677995e+01
7.070000000000000000e+03 -3.423128501148998737e+01
7.080000000000000000e+03 -3.398351010639157721e+01
7.090000000000000000e+03 -3.395986863336682404e+01
7.100000000000000000e+03 -3.353905985949722890e+01
7.110000000000000000e+03 -3.353555660203727484e+01
7.120000000000000000e+03 -3.318486028940392885e+01
7.130000000000000000e+03 -3.358860922827203410e+01
7.140000000000000000e+03 -3.372854199415527887e+01
7.150000000000000000e+03 -3.328356045863426971e+01
7.160000000000000000e+03 -3.305702400734136859e+01
7.170000000000000000e+03 -3.302547615938172498e+01
7.180000000000000000e+03 -3.280850050273622287e+01
7.190000000000000000e+03 -3.291010004250695431e+01
7.200000000000000000e+03 -3.296284040957090156e+01
7.210000000000000000e+03 -3.296480760666031529e+01
7.220000000000000000e+03 -3.313668697910379990e+01
7.230000000000000000e+03 -3.314320997551348569e+01
7.240000000000000000e+03 -3.320007686777566391e+01
7.250000000000000000e+03 -3.304883949727805259e+01
7.260000000000000000e+03 -3.310356021151417849e+01
7.270000000000000000e+03 -3.329693783386485961e+01
7.280000000000000000e+03 -3.386768332968667039e+01
7.290000000000000000e+03 -3.334374914815870738e+01
7.300000000000000000e+03 -3.325397775851301674e+01
7.310000000000000000e+03 -3.331586585422766689e+01
7.320000000000000000e+03 -3.324126001446128242e+01
7.330000000000000000e+03 -3.305006694591031646e+01
7.340000000000000000e+03 -3.292678385252426665e+01
7.350000000000000000e+03 -3.327759270719152340e+01
7.360000000000000000e+03 -3.286177591805327580e+01
7.370000000000000000e+03 -3.336320269104133018e+01
7.380000000000000000e+03 -3.347802883137477181e+01
7.390000000000000000e+03 -3.310417309878765479e+01
7.400000000000000000e+03 -3.325255677899197337e+01
7.410000000000000000e+03 -3.333947538080234096e+01
7.420000000000000000e+03 -3.324178294327148819e+01
7.430000000000000000e+03 -3.413019135855694230e+01
7.440000000000000000e+03 -3.407551001695192383e+01
7.450000000000000000e+03 -3.432130613185398715e+01
7.460000000000000000e+03 -3.482918099041360449e+01
7.470000000000000000e+03 -3.516971108329136086e+01
7.480000000000000000e+03 -3.500408794047289973e+01
7.490000000000000000e+03 -3.527616909720839544e+01
7.500000000000000000e+03 -3.512815164712739602e+01
7.510000000000000000e+03 -3.570280038168932890e+01
7.520000000000000000e+03 -3.556221616607216163e+01
7.530000000000000000e+03 -3.615826475449770783e+01
7.540000000000000000e+03 -3.648175708029418729e+01
7.550000000000000000e+03 -3.628807493413280838e+01
7.560000000000000000e+03 -3.620548905380807980e+01
7.570000000000000000e+03 -3.644043276787647301e+01
7.580000000000000000e+03 -3.665879908121365816e+01
7.590000000000000000e+03 -3.689664594906240325e+01
7.600000000000000000e+03 -3.675677550141878669e+01
7.610000000000000000e+03 -3.688623054102387755e+01
7.620000000000000000e+03 -3.696185357113617442e+01
7.630000000000000000e+03 -3.690338750435380177e+01
7.640000000000000000e+03 -3.701262082664301545e+01
7.650000000000000000e+03 -3.667454147742381565e+01
7.660000000000000000e+03 -3.681771688829378775e+01
7.670000000000000000e+03 -3.702522471256301628e+01
7.680000000000000000e+03 -3.742906851090354792e+01
7.690000000000000000e+03 -3.775374109930514521e+01
7.700000000000000000e+03 -3.821722672092579387e+01
7.710000000000000000e+03 -3.846734472944469019e+01
7.720000000000000000e+03 -3.840278018530626980e+01
7.730000000000000000e+03 -3.865493226274058713e+01
7.740000000000000000e+03 -3.837927512966334120e+01
7.750000000000000000e+03 -3.889526999274357877e+01
7.760000000000000000e+03 -3.925279976199610132e+01
7.770000000000000000e+03 -3.927648251623672593e+01
7.780000000000000000e+03 -3.951665952980401642e+01
7.790000000000000000e+03 -3.969014240955573314e+01
7.800000000000000000e+03 -3.992173085197789817e+01
7.810000000000000000e+03 -3.990664262400932216e+01
7.820000000000000000e+03 -3.977313828804646789e+01
7.830000000000000000e+03 -4.056585222588466877e+01
7.840000000000000000e+03 -4.037078578386801553e+01
7.850000000000000000e+03 -4.079774585834982759e+01
7.860000000000000000e+03 -4.079442495349402975e+01
7.870000000000000000e+03 -4.052702009210582901e+01
7.880000000000000000e+03 -4.081521606971620031e+01
7.890000000000000000e+03 -4.073772581462327480e+01
7.900000000000000000e+03 -4.084850221765265132e+01
7.910000000000000000e+03 -4.074847325758341299e+01
7.920000000000000000e+03 -4.059994528563262861e+01
7.930000000000000000e+03 -4.065193001918279947e+01
7.940000000000000000e+03 -4.034935760959164952e+01
7.950000000000000000e+03 -4.090639441705046409e+01
7.960000000000000000e+03 -4.113936033305260764e+01
7.970000000000000000e+03 -4.104426194919209081e+01
7.980000000000000000e+03 -4.089026103298694181e+01
7.990000000000000000e+03 -4.069412595534062405e+01
8.000000000000000000e+03 -4.112383939192295657e+01
8.010000000000000000e+03 -4.134273080211650608e+01
8.020000000000000000e+03 -4.102306634890284442e+01
8.030000000000000000e+03 -4.138118136575729977e+01
8.040000000000000000e+03 -4.161105885700700924e+01
8.050000000000000000e+03 -4.174707906916533773e+01
8.060000000000000000e+03 -4.157608572367514910e+01
8.070000000000000000e+03 -4.133013283521012227e+01
8.080000000000000000e+03 -4.109918862414242824e+01
8.090000000000000000e+03 -4.134707689413212961e+01
8.100000000000000000e+03 -4.107719395834082832e+01
8.110000000000000000e+03 -4.114445660195961807e+01
8.120000000000000000e+03 -4.054177248951742740e+01
8.130000000000000000e+03 -4.050043828276307067e+01
8.140000000000000000e+03 -4.004913483632668658e+01
8.150000000000000000e+03 -4.010874135366879045e+01
8.160000000000000000e+03 -3.996622891324788895e+01
8.170000000000000000e+03 -4.021180202722277386e+01
8.180000000000000000e+03 -4.051138891756173166e+01
8.190000000000000000e+03 -3.978681893187957996e+01
8.200000000000000000e+03 -3.996105927866405239e+01
8.210000000000000000e+03 -4.026311204472449390e+01
8.220000000000000000e+03 -4.044455130102180362e+01
8.230000000000000000e+03 -4.051647243522161546e+01
8.240000000000000000e+03 -4.030808492873016746e+01
8.250000000000000000e+03 -4.024535703986599344e+01
8.260000000000000000e+03 -4.019714459837832976e+01
8.270000000000000000e+03 -4.033788847606247430e+01
8.280000000000000000e+03 -4.035064507747296147e+01
8.290000000000000000e+03 -4.101541767645088044e+01
8.300000000000000000e+03 -4.091845179013739653e+01
8.310000000000000000e+03 -4.129320542312413522e+01
8.320000000000000000e+03 -4.112229477295474567e+01
8.330000000000000000e+03 -4.141899810373664081e+01
8.340000000000000000e+03 -4.123179811260544625e+01
8.350000000000000000e+03 -4.120045588761649924e+01
8.360000000000000000e+03 -4.155863960708308014e+01
8.370000000000000000e+03 -4.205774610548046155e+01
8.380000000000000000e+03 -4.186695876858308907e+01
8.390000000000000000e+03 -4.177357764691021202e+01
8.400000000000000000e+03 -4.136122478919936896e+01
8.410000000000000000e+03 -4.093253018023139589e+01
8.420000000000000000e+03 -4.096822508760676840e+01
8.430000000000000000e+03 -4.101760481961784421e+01
8.440000000000000000e+03 -4.090815588916409240e+01
8.450000000000000000e+03 -4.085662763832621636e+01
8.460000000000000000e+03 -4.090969766750188796e+01
8.470000000000000000e+03 -4.052117082483690069e+01
8.480000000000000000e+03 -4.068484273664026318e+01
8.490000000000000000e+03 -4.052448071542825403e+01
8.500000000000000000e+03 -4.074487622734368131e+01
8.510000000000000000e+03 -4.056264898392828400e+01
8.520000000000000000e+03 -4.067591867540804174e+01
8.530000000000000000e+03 -4.065043227145449123e+01
8.540000000000000000e+03 -4.082474200096578443e+01
8.550000000000000000e+03 -4.062133437938460645e+01
8.560000000000000000e+03 -4.066005210455307406e+01
8.570000000000000000e+03 -4.064779794045365691e+01
8.580000000000000000e+03 -4.060493399383626922e+01
8.590000000000000000e+03 -4.040088898363474357e+01
8.600000000000000000e+03 -4.041927174419706148e+01
8.610000000000000000e+03 -4.044524973694689152e+01
8.620000000000000000e+03 -4.008113491554587426e+01
8.630000000000000000e+03 -3.996564416603627024e+01
8.640000000000000000e+03 -3.989509858053224889e+01
8.650000000000000000e+03 -3.979360683991683345e+01
8.660000000000000000e+03 -3.993286401648830974e+01
8.670000000000000000e+03 -4.005511119172831513e+01
8.680000000000000000e+03 -3.997328141950953295e+01
8.690000000000000000e+03 -3.957830881063802053e+01
8.700000000000000000e+03 -3.952247767778376897e+01
8.710000000000000000e+03 -3.907867911125435967e+01
8.720000000000000000e+03 -3.935864649700990014e+01
8.730000000000000000e+03 -3.960123814240117213e+01
8.740000000000000000e+03 -3.980386416025055496e+01
8.750000000000000000e+03 -4.028563760297842578e+01
8.760000000000000000e+03 -4.055790974379107183e+01
8.770000000000000000e+03 -4.098488668905147847e+01
8.780000000000000000e+03 -4.118465825669015601e+01
8.790000000000000000e+03 -4.119563446135379081e+01
8.800000000000000000e+03 -4.121596467070783376e+01
8.810000000000000000e+03 -4.142145489990545570e+01
8.820000000000000000e+03 -4.137707098892613544e+01
8.830000000000000000e+03 -4.166774123920824024e+01
8.840000000000000000e+03 -4.149876057341667490e+01
8.850000000000000000e+03 -4.135520676471776369e+01
8.860000000000000000e+03 -4.161794827729448798e+01
8.870000000000000000e+03 -4.147760829735904053e+01
8.880000000000000000e+03 -4.156771540531032372e+01
8.890000000000000000e+03 -4.145466559953412400e+01
8.900000000000000000e+03 -4.164042459661280304e+01
8.910000000000000000e+03 -4.189141593990123624e+01
8.920000000000000000e+03 -4.210286997181799507e+01
8.930000000000000000e+03 -4.227514847389203112e+01
8.940000000000000000e+03 -4.204834733293415638e+01
8.950000000000000000e+03 -4.225011171972404611e+01
8.960000000000000000e+03 -4.240419016727156531e+01
8.970000000000000000e+03 -4.233560923573499224e+01
8.980000000000000000e+03 -4.212660911174212686e+01
8.990000000000000000e+03 -4.151526168265419869e+01
9.000000000000000000e+03 -4.143040885358176695e+01
