# key height(A)
0.000000000000000000e+00 6.024328192363427092e+01
1.000000000000000000e+01 6.265581642663506301e+01
2.000000000000000000e+01 6.273844189095441237e+01
3.000000000000000000e+01 6.248686972908947723e+01
4.000000000000000000e+01 6.253652159656422782e+01
5.000000000000000000e+01 6.345067173498066637e+01
6.000000000000000000e+01 6.335922390946096527e+01
7.000000000000000000e+01 6.418049202629669026e+01
8.000000000000000000e+01 6.425972972607024758e+01
9.000000000000000000e+01 6.420931880113526802e+01
1.000000000000000000e+02 6.480455396371323218e+01
1.100000000000000000e+02 6.494657484442487316e+01
1.200000000000000000e+02 6.501875680746492492e+01
1.300000000000000000e+02 6.509172860909546898e+01
1.400000000000000000e+02 6.539102100692099384e+01
1.500000000000000000e+02 6.561326368025362399e+01
1.600000000000000000e+02 6.572855090518064003e+01
1.700000000000000000e+02 6.615545226635858000e+01
1.800000000000000000e+02 6.477054960486582047e+01
1.900000000000000000e+02 6.529694286342147791e+01
2.000000000000000000e+02 6.508380246508606604e+01
2.100000000000000000e+02 6.518528915394715284e+01
2.200000000000000000e+02 6.583134665927818219e+01
2.300000000000000000e+02 6.628060351919504001e+01
2.400000000000000000e+02 6.630954292545366968e+01
2.500000000000000000e+02 6.584194427865251953e+01
2.600000000000000000e+02 6.577393927446389910e+01
2.700000000000000000e+02 6.653033492896291534e+01
2.800000000000000000e+02 6.646327769271120189e+01
2.900000000000000000e+02 6.598918362178021368e+01
3.000000000000000000e+02 6.547879292836533693e+01
3.100000000000000000e+02 6.548864940059019091e+01
3.200000000000000000e+02 6.516097048411431558e+01
3.300000000000000000e+02 6.534671139252948535e+01
3.400000000000000000e+02 6.535020844171587839e+01
3.500000000000000000e+02 6.518691516300650335e+01
3.600000000000000000e+02 6.491417084518353420e+01
3.700000000000000000e+02 6.462522531200227149e+01
3.800000000000000000e+02 6.502384276028921306e+01
3.900000000000000000e+02 6.536405067432660587e+01
4.000000000000000000e+02 6.545949836528882315e+01
4.100000000000000000e+02 6.527769538860610510e+01
4.200000000000000000e+02 6.484783782521431306e+01
4.300000000000000000e+02 6.542634810890699271e+01
4.400000000000000000e+02 6.649449822389927078e+01
4.500000000000000000e+02 6.549088281388689836e+01
4.600000000000000000e+02 6.546545194663515588e+01
4.700000000000000000e+02 6.524426489297988496e+01
4.800000000000000000e+02 6.527707798813329987e+01
4.900000000000000000e+02 6.469994061778052696e+01
5.000000000000000000e+02 6.574726499184700401e+01
5.100000000000000000e+02 6.540071973355752277e+01
5.200000000000000000e+02 6.611480527060105317e+01
5.300000000000000000e+02 6.535348801456279944e+01
5.400000000000000000e+02 6.522838042921435431e+01
5.500000000000000000e+02 6.554600297022074074e+01
5.600000000000000000e+02 6.655966760371099156e+01
5.700000000000000000e+02 6.591053544357340854e+01
5.800000000000000000e+02 6.534634974946257557e+01
5.900000000000000000e+02 6.517370421164845595e+01
6.000000000000000000e+02 6.532747033305992090e+01
6.100000000000000000e+02 6.530809285439805478e+01
6.200000000000000000e+02 6.553816636787865946e+01
6.300000000000000000e+02 6.543543080422890057e+01
6.400000000000000000e+02 6.498611451522948812e+01
6.500000000000000000e+02 6.459723896949918753e+01
6.600000000000000000e+02 6.510709601781047695e+01
6.700000000000000000e+02 6.514205065982501708e+01
6.800000000000000000e+02 6.540491578866335942e+01
6.900000000000000000e+02 6.435758651764990645e+01
7.000000000000000000e+02 6.465864356299395865e+01
7.100000000000000000e+02 6.450944637949672256e+01
7.200000000000000000e+02 6.448226148515924194e+01
7.300000000000000000e+02 6.403341360125546089e+01
7.400000000000000000e+02 6.331540838398726123e+01
7.500000000000000000e+02 6.376923297462829510e+01
7.600000000000000000e+02 6.345899849328840503e+01
7.700000000000000000e+02 6.358786618954096070e+01
7.800000000000000000e+02 6.394662303361177180e+01
7.900000000000000000e+02 6.393480691234850610e+01
8.000000000000000000e+02 6.431784566418275517e+01
8.100000000000000000e+02 6.367114364638004531e+01
8.200000000000000000e+02 6.319730307891359189e+01
8.300000000000000000e+02 6.309743232763160847e+01
8.400000000000000000e+02 6.266843385327402416e+01
8.500000000000000000e+02 6.352822093750309307e+01
8.600000000000000000e+02 6.342003836639784708e+01
8.700000000000000000e+02 6.213118899103139370e+01
8.800000000000000000e+02 6.308478659946294442e+01
8.900000000000000000e+02 6.308658061533412820e+01
9.000000000000000000e+02 6.290094399851984974e+01
9.100000000000000000e+02 6.299417176774929317e+01
9.200000000000000000e+02 6.277773880037520371e+01
9.300000000000000000e+02 6.285811494300570246e+01
9.400000000000000000e+02 6.228013018887702401e+01
9.500000000000000000e+02 6.174425171637435028e+01
9.600000000000000000e+02 6.262860162861112201e+01
9.700000000000000000e+02 6.264958207931179857e+01
9.800000000000000000e+02 6.279326297615115493e+01
9.900000000000000000e+02 6.345859848684904136e+01
1.000000000000000000e+03 6.301411453637062721e+01
1.010000000000000000e+03 6.220128372829327645e+01
1.020000000000000000e+03 6.218424123145564408e+01
1.030000000000000000e+03 6.200499716606393008e+01
1.040000000000000000e+03 6.271688023987304916e+01
1.050000000000000000e+03 6.155275151686180379e+01
1.060000000000000000e+03 6.174201080041072487e+01
1.070000000000000000e+03 6.197728201400248338e+01
1.080000000000000000e+03 6.099054395952788354e+01
1.090000000000000000e+03 6.110787496461381352e+01
1.100000000000000000e+03 6.131814627849688293e+01
1.110000000000000000e+03 6.081733094994945077e+01
1.120000000000000000e+03 6.158408402828740691e+01
1.130000000000000000e+03 6.100649880786626511e+01
1.140000000000000000e+03 6.047433562146245833e+01
1.150000000000000000e+03 6.083925421050089710e+01
1.160000000000000000e+03 6.086445261737515011e+01
1.170000000000000000e+03 6.075774066517374195e+01
1.180000000000000000e+03 6.028902329292024831e+01
1.190000000000000000e+03 6.050789965825849492e+01
1.200000000000000000e+03 5.995016133001637115e+01
1.210000000000000000e+03 5.975834842808100689e+01
1.220000000000000000e+03 5.974664741209038255e+01
1.230000000000000000e+03 6.061375900897050428e+01
1.240000000000000000e+03 6.045566588325173996e+01
1.250000000000000000e+03 5.930397097995769684e+01
1.260000000000000000e+03 5.917110919387179990e+01
1.270000000000000000e+03 5.833975135264381606e+01
1.280000000000000000e+03 5.898542027919394570e+01
1.290000000000000000e+03 5.886636834944326324e+01
1.300000000000000000e+03 5.881273396986111379e+01
1.310000000000000000e+03 6.013959864954864543e+01
1.320000000000000000e+03 5.897574798378018102e+01
1.330000000000000000e+03 5.941757497931105547e+01
1.340000000000000000e+03 5.979737194705202796e+01
1.350000000000000000e+03 5.943125429009826632e+01
1.360000000000000000e+03 5.948779839342941500e+01
1.370000000000000000e+03 5.935255044829555970e+01
1.380000000000000000e+03 5.760877158099559381e+01
1.390000000000000000e+03 5.955091967542789178e+01
1.400000000000000000e+03 5.868372843900206703e+01
1.410000000000000000e+03 5.942173338394940174e+01
1.420000000000000000e+03 5.996429222659071456e+01
1.430000000000000000e+03 6.023078093968717894e+01
1.440000000000000000e+03 5.863425582532633484e+01
1.450000000000000000e+03 5.800340824554461960e+01
1.460000000000000000e+03 5.876170430467536221e+01
1.470000000000000000e+03 5.741500493030714836e+01
1.480000000000000000e+03 5.801269828689956398e+01
1.490000000000000000e+03 5.731983301582960166e+01
1.500000000000000000e+03 5.865390773788267609e+01
1.510000000000000000e+03 5.958131030821184027e+01
1.520000000000000000e+03 5.946792687844390457e+01
1.530000000000000000e+03 5.973262093139922513e+01
1.540000000000000000e+03 5.935705222294615169e+01
1.550000000000000000e+03 5.839368908801763780e+01
1.560000000000000000e+03 5.874209899327175322e+01
1.570000000000000000e+03 5.847062458181366651e+01
1.580000000000000000e+03 5.898951901865616776e+01
1.590000000000000000e+03 5.868798431227206436e+01
1.600000000000000000e+03 5.918924747575533729e+01
1.610000000000000000e+03 5.840900573959109465e+01
1.620000000000000000e+03 5.943149079438609306e+01
1.630000000000000000e+03 5.902242880846627315e+01
1.640000000000000000e+03 5.920876597621614223e+01
1.650000000000000000e+03 5.897358614592596382e+01
1.660000000000000000e+03 5.862494130232614964e+01
1.670000000000000000e+03 5.821639974647715121e+01
1.680000000000000000e+03 5.814096207443151343e+01
1.690000000000000000e+03 5.954276098640858095e+01
1.700000000000000000e+03 5.827469970558469470e+01
1.710000000000000000e+03 5.784397061465060119e+01
1.720000000000000000e+03 5.744179793165615422e+01
1.730000000000000000e+03 5.754568383288405187e+01
1.740000000000000000e+03 5.730674324389998731e+01
1.750000000000000000e+03 5.730206761545294114e+01
1.760000000000000000e+03 5.700857499934406292e+01
1.770000000000000000e+03 5.728680959836351860e+01
1.780000000000000000e+03 5.740495113563619611e+01
1.790000000000000000e+03 5.753801882354601105e+01
1.800000000000000000e+03 5.697585343487175180e+01
1.810000000000000000e+03 5.745284414039127796e+01
1.820000000000000000e+03 5.741253756359289184e+01
1.830000000000000000e+03 5.741104212151527975e+01
1.840000000000000000e+03 5.741362169857863762e+01
1.850000000000000000e+03 5.792123532559713794e+01
1.860000000000000000e+03 5.721964724503592947e+01
1.870000000000000000e+03 5.788186981899330874e+01
1.880000000000000000e+03 5.774373335002223939e+01
1.890000000000000000e+03 5.770555787913268375e+01
1.900000000000000000e+03 5.773207673859803890e+01
1.910000000000000000e+03 5.775396471572764767e+01
1.920000000000000000e+03 5.728621010461638718e+01
1.930000000000000000e+03 5.740410204397926464e+01
1.940000000000000000e+03 5.704814667801707628e+01
1.950000000000000000e+03 5.707221738346289897e+01
1.960000000000000000e+03 5.632260990362335917e+01
1.970000000000000000e+03 5.769681186721690835e+01
1.980000000000000000e+03 5.767562815285661770e+01
1.990000000000000000e+03 5.702377853943139030e+01
2.000000000000000000e+03 5.752921679078779960e+01
2.010000000000000000e+03 5.729672284589800313e+01
2.020000000000000000e+03 5.624711939148258466e+01
2.030000000000000000e+03 5.672495597973916404e+01
2.040000000000000000e+03 5.653629210833480556e+01
2.050000000000000000e+03 5.679836445905893072e+01
2.060000000000000000e+03 5.750878049529580949e+01
2.070000000000000000e+03 5.737354546118723420e+01
2.080000000000000000e+03 5.709886053960286745e+01
2.090000000000000000e+03 5.680373281795922935e+01
2.100000000000000000e+03 5.628311864360176742e+01
2.110000000000000000e+03 5.555111516459578525e+01
2.120000000000000000e+03 5.636772272283842256e+01
2.130000000000000000e+03 5.673815740830983145e+01
2.140000000000000000e+03 5.729144460325294119e+01
2.150000000000000000e+03 5.704013191859552023e+01
2.160000000000000000e+03 5.758776789316412703e+01
2.170000000000000000e+03 5.725732103530070560e+01
2.180000000000000000e+03 5.740320555012490900e+01
2.190000000000000000e+03 5.696351466701695188e+01
2.200000000000000000e+03 5.570757634453539708e+01
2.210000000000000000e+03 5.573066252888744998e+01
2.220000000000000000e+03 5.616458048214755649e+01
2.230000000000000000e+03 5.670754034912064867e+01
2.240000000000000000e+03 5.666177894441253216e+01
2.250000000000000000e+03 5.656561382269710236e+01
2.260000000000000000e+03 5.622073620835189445e+01
2.270000000000000000e+03 5.661362313893999954e+01
2.280000000000000000e+03 5.602062896701208672e+01
2.290000000000000000e+03 5.576989829547117949e+01
2.300000000000000000e+03 5.565284504428454682e+01
2.310000000000000000e+03 5.543099984549341741e+01
2.320000000000000000e+03 5.591676538327399726e+01
2.330000000000000000e+03 5.638841200594950465e+01
2.340000000000000000e+03 5.656124692642258367e+01
2.350000000000000000e+03 5.821784302337047734e+01
2.360000000000000000e+03 5.706819619013086253e+01
2.370000000000000000e+03 5.606750017977871892e+01
2.380000000000000000e+03 5.521671805694475665e+01
2.390000000000000000e+03 5.544986494036990621e+01
2.400000000000000000e+03 5.552429832644375551e+01
2.410000000000000000e+03 5.679736823448720884e+01
2.420000000000000000e+03 5.663245910116609139e+01
2.430000000000000000e+03 5.636859827464837736e+01
2.440000000000000000e+03 5.714530461478499035e+01
2.450000000000000000e+03 5.690031372103787533e+01
2.460000000000000000e+03 5.711280107295387154e+01
2.470000000000000000e+03 5.696634603407184727e+01
2.480000000000000000e+03 5.701032337736675970e+01
2.490000000000000000e+03 5.670852978532055033e+01
2.500000000000000000e+03 5.682077038777994460e+01
2.510000000000000000e+03 5.666628651241875048e+01
2.520000000000000000e+03 5.607061219830879395e+01
2.530000000000000000e+03 5.635140288071295345e+01
2.540000000000000000e+03 5.720261871781218588e+01
2.550000000000000000e+03 5.852965925142156323e+01
2.560000000000000000e+03 5.648427345190917492e+01
2.570000000000000000e+03 5.642714436499007036e+01
2.580000000000000000e+03 5.618573526958827813e+01
2.590000000000000000e+03 5.597723362189984186e+01
2.600000000000000000e+03 5.615239530868039708e+01
2.610000000000000000e+03 5.511078289012144182e+01
2.620000000000000000e+03 5.598801713659636903e+01
2.630000000000000000e+03 5.550801170219359904e+01
2.640000000000000000e+03 5.625612817956448453e+01
2.650000000000000000e+03 5.691090723864633105e+01
2.660000000000000000e+03 5.516484379234262292e+01
2.670000000000000000e+03 5.536875704536662113e+01
2.680000000000000000e+03 5.628490150090240718e+01
2.690000000000000000e+03 5.668717014149424926e+01
2.700000000000000000e+03 5.699683429830248826e+01
2.710000000000000000e+03 5.677450630500925399e+01
2.720000000000000000e+03 5.773658409469017272e+01
2.730000000000000000e+03 5.766323599261086486e+01
2.740000000000000000e+03 5.693201628527953062e+01
2.750000000000000000e+03 5.548571173333282047e+01
2.760000000000000000e+03 5.645039993604902406e+01
2.770000000000000000e+03 5.694933172617000139e+01
2.780000000000000000e+03 5.586294815838182615e+01
2.790000000000000000e+03 5.590588391555282044e+01
2.800000000000000000e+03 5.557570675941191496e+01
2.810000000000000000e+03 5.513499839019085869e+01
2.820000000000000000e+03 5.551674280966781794e+01
2.830000000000000000e+03 5.528959032034789800e+01
2.840000000000000000e+03 5.657739883472062559e+01
2.850000000000000000e+03 5.626118804752846358e+01
2.860000000000000000e+03 5.634058650228827503e+01
2.870000000000000000e+03 5.567403734036518870e+01
2.880000000000000000e+03 5.566038795146164375e+01
2.890000000000000000e+03 5.592420863340737469e+01
2.900000000000000000e+03 5.612076619785493392e+01
2.910000000000000000e+03 5.582961078050219328e+01
2.920000000000000000e+03 5.501781724627903714e+01
2.930000000000000000e+03 5.579792076332444140e+01
2.940000000000000000e+03 5.724224106316449934e+01
2.950000000000000000e+03 5.743191729679622881e+01
2.960000000000000000e+03 5.773586993422645719e+01
2.970000000000000000e+03 5.775455965731798358e+01
2.980000000000000000e+03 5.716013771325468440e+01
2.990000000000000000e+03 5.659495353300023623e+01
3.000000000000000000e+03 5.666008519390565823e+01
3.010000000000000000e+03 5.755480251477200682e+01
3.020000000000000000e+03 5.691784187668159234e+01
3.030000000000000000e+03 5.693193956173550418e+01
3.040000000000000000e+03 5.697207005566144744e+01
3.050000000000000000e+03 5.662809691760342901e+01
3.060000000000000000e+03 5.598175511149310069e+01
3.070000000000000000e+03 5.640905671175153202e+01
3.080000000000000000e+03 5.636670631523841735e+01
3.090000000000000000e+03 5.625304890120507650e+01
3.100000000000000000e+03 5.628104654289016651e+01
3.110000000000000000e+03 5.625316921246908919e+01
3.120000000000000000e+03 5.625695504343373443e+01
3.130000000000000000e+03 5.610930914263680336e+01
3.140000000000000000e+03 5.695261883613731868e+01
3.150000000000000000e+03 5.732529146814155752e+01
3.160000000000000000e+03 5.618357818472334486e+01
3.170000000000000000e+03 5.618144175206829516e+01
3.180000000000000000e+03 5.793314736440832746e+01
3.190000000000000000e+03 5.777116572424785090e+01
3.200000000000000000e+03 5.690747269600974789e+01
3.210000000000000000e+03 5.819498945422128600e+01
3.220000000000000000e+03 5.703966796242346504e+01
3.230000000000000000e+03 5.688868810894379635e+01
3.240000000000000000e+03 5.636924673324102741e+01
3.250000000000000000e+03 5.647932733708225328e+01
3.260000000000000000e+03 5.621608658366801592e+01
3.270000000000000000e+03 5.594609902535002277e+01
3.280000000000000000e+03 5.574802918975751709e+01
3.290000000000000000e+03 5.584625053908396808e+01
3.300000000000000000e+03 5.661173548332705252e+01
3.310000000000000000e+03 5.583659115471829182e+01
3.320000000000000000e+03 5.647866236000041340e+01
3.330000000000000000e+03 5.549905633215945500e+01
3.340000000000000000e+03 5.708111013716359139e+01
3.350000000000000000e+03 5.736546175219487509e+01
3.360000000000000000e+03 5.586209174994287707e+01
3.370000000000000000e+03 5.577498045607791255e+01
3.380000000000000000e+03 5.643812924988263546e+01
3.390000000000000000e+03 5.631200490608819109e+01
3.400000000000000000e+03 5.621745660267438893e+01
3.410000000000000000e+03 5.658423852631952400e+01
3.420000000000000000e+03 5.611396696552132823e+01
3.430000000000000000e+03 5.554195354789911221e+01
3.440000000000000000e+03 5.543613151416624873e+01
3.450000000000000000e+03 5.492900763799826791e+01
3.460000000000000000e+03 5.564138097857909315e+01
3.470000000000000000e+03 5.602054321286550476e+01
3.480000000000000000e+03 5.681442146794313430e+01
3.490000000000000000e+03 5.618145462812587709e+01
3.500000000000000000e+03 5.599584415049126562e+01
3.510000000000000000e+03 5.653700915730647125e+01
3.520000000000000000e+03 5.656856460271737319e+01
3.530000000000000000e+03 5.654761608947302420e+01
3.540000000000000000e+03 5.597578131491424358e+01
3.550000000000000000e+03 5.578470649828570060e+01
3.560000000000000000e+03 5.560042963729091525e+01
3.570000000000000000e+03 5.633680793778825091e+01
3.580000000000000000e+03 5.622599686768022309e+01
3.590000000000000000e+03 5.605217249893395604e+01
3.600000000000000000e+03 5.588416788321588058e+01
3.610000000000000000e+03 5.590037924775838007e+01
3.620000000000000000e+03 5.513521127052183601e+01
3.630000000000000000e+03 5.626490992256569257e+01
3.640000000000000000e+03 5.568105071322135302e+01
3.650000000000000000e+03 5.623276651655628200e+01
3.660000000000000000e+03 5.597722460015192780e+01
3.670000000000000000e+03 5.526414453002259108e+01
3.680000000000000000e+03 5.548929415757760353e+01
3.690000000000000000e+03 5.603503150754329454e+01
3.700000000000000000e+03 5.634581557602723478e+01
3.710000000000000000e+03 5.750239334859557516e+01
3.720000000000000000e+03 5.632089950676063950e+01
3.730000000000000000e+03 5.703041399255026533e+01
3.740000000000000000e+03 5.700190220864332957e+01
3.750000000000000000e+03 5.685405657407876845e+01
3.760000000000000000e+03 5.717744550995814734e+01
3.770000000000000000e+03 5.710516917372662249e+01
3.780000000000000000e+03 5.720251926391797781e+01
3.790000000000000000e+03 5.740650021160605831e+01
3.800000000000000000e+03 5.764879276990494361e+01
3.810000000000000000e+03 5.617588065160023802e+01
3.820000000000000000e+03 5.702245990414786547e+01
3.830000000000000000e+03 5.832507734552184786e+01
3.840000000000000000e+03 5.859524923155400700e+01
3.850000000000000000e+03 5.760101126850879893e+01
3.860000000000000000e+03 5.743459847746957792e+01
3.870000000000000000e+03 5.743424904635209316e+01
3.880000000000000000e+03 5.761900008281772045e+01
3.890000000000000000e+03 5.900096131918608933e+01
3.900000000000000000e+03 5.794372325378667199e+01
3.910000000000000000e+03 5.870953837683525478e+01
3.920000000000000000e+03 5.830534718007545791e+01
3.930000000000000000e+03 5.730075059982659980e+01
3.940000000000000000e+03 5.741535960899200575e+01
3.950000000000000000e+03 5.711246787326359708e+01
3.960000000000000000e+03 5.727151527480850746e+01
3.970000000000000000e+03 5.664255198841887307e+01
3.980000000000000000e+03 5.643432894093712093e+01
3.990000000000000000e+03 5.672158482219576570e+01
4.000000000000000000e+03 5.634949638363538327e+01
4.010000000000000000e+03 5.633394888644612308e+01
4.020000000000000000e+03 5.633986734353916859e+01
4.030000000000000000e+03 5.622866076494524634e+01
4.040000000000000000e+03 5.637723405073509753e+01
4.050000000000000000e+03 5.708047516577680369e+01
4.060000000000000000e+03 5.776608225144880748e+01
4.070000000000000000e+03 5.815471471327445840e+01
4.080000000000000000e+03 5.688534481840169121e+01
4.090000000000000000e+03 5.794760303215731767e+01
4.100000000000000000e+03 5.837494594386303959e+01
4.110000000000000000e+03 5.850127453185902482e+01
4.120000000000000000e+03 5.769878662843083816e+01
4.130000000000000000e+03 5.751968779262972475e+01
4.140000000000000000e+03 5.767249575515256765e+01
4.150000000000000000e+03 5.837426357472872951e+01
4.160000000000000000e+03 5.819356778922214346e+01
4.170000000000000000e+03 5.793056549902512131e+01
4.180000000000000000e+03 5.804764756825090899e+01
4.190000000000000000e+03 5.825211631042078864e+01
4.200000000000000000e+03 5.824580001977383859e+01
4.210000000000000000e+03 5.840468903730197781e+01
4.220000000000000000e+03 5.801676389678958401e+01
4.230000000000000000e+03 5.842247560277678531e+01
4.240000000000000000e+03 5.715630548268639188e+01
4.250000000000000000e+03 5.804308287955694823e+01
4.260000000000000000e+03 5.796902076172590057e+01
4.270000000000000000e+03 5.694076069592786382e+01
4.280000000000000000e+03 5.856849201824701368e+01
4.290000000000000000e+03 5.970539259125460774e+01
4.300000000000000000e+03 6.092792637180151871e+01
4.310000000000000000e+03 5.948035006111859957e+01
4.320000000000000000e+03 5.972401836985972068e+01
4.330000000000000000e+03 5.899828446961457473e+01
4.340000000000000000e+03 5.898595748190312804e+01
4.350000000000000000e+03 5.951507748647608764e+01
4.360000000000000000e+03 5.947316126705607076e+01
4.370000000000000000e+03 6.020095956272960791e+01
4.380000000000000000e+03 5.833965424867221827e+01
4.390000000000000000e+03 5.732342395715119210e+01
4.400000000000000000e+03 5.778998345840277295e+01
4.410000000000000000e+03 5.769875677935591796e+01
4.420000000000000000e+03 5.765595823668890318e+01
4.430000000000000000e+03 5.703644895167379048e+01
4.440000000000000000e+03 5.722447222958375335e+01
4.450000000000000000e+03 5.693787280507265791e+01
4.460000000000000000e+03 5.689842732349504217e+01
4.470000000000000000e+03 5.787465302041422888e+01
4.480000000000000000e+03 5.850351354198922138e+01
4.490000000000000000e+03 5.844452454152748544e+01
4.500000000000000000e+03 5.846073122754155804e+01
4.510000000000000000e+03 5.915640377847046238e+01
4.520000000000000000e+03 5.893715443440284218e+01
4.530000000000000000e+03 5.862076872974336084e+01
4.540000000000000000e+03 5.823087605299291170e+01
4.550000000000000000e+03 5.840188412918443817e+01
4.560000000000000000e+03 5.898063594170527324e+01
4.570000000000000000e+03 5.861458387717415519e+01
4.580000000000000000e+03 5.968813307976218141e+01
4.590000000000000000e+03 5.937026979543105654e+01
4.600000000000000000e+03 5.896906350314679912e+01
4.610000000000000000e+03 5.817567175142731628e+01
4.620000000000000000e+03 5.800213226132420630e+01
4.630000000000000000e+03 5.894717717622091868e+01
4.640000000000000000e+03 5.840808999488680797e+01
4.650000000000000000e+03 5.887322455430438595e+01
4.660000000000000000e+03 5.847955435776098909e+01
4.670000000000000000e+03 5.845491166965703655e+01
4.680000000000000000e+03 5.857824781153576055e+01
4.690000000000000000e+03 5.756923145019446508e+01
4.700000000000000000e+03 5.721386005631249816e+01
4.710000000000000000e+03 5.751989761943627855e+01
4.720000000000000000e+03 5.952949656031941572e+01
4.730000000000000000e+03 5.925317981306255888e+01
4.740000000000000000e+03 5.954248346432497385e+01
4.750000000000000000e+03 5.916699109942209134e+01
4.760000000000000000e+03 5.921051752552234859e+01
4.770000000000000000e+03 5.848461349499127948e+01
4.780000000000000000e+03 5.840469737019007823e+01
4.790000000000000000e+03 5.878213443448444764e+01
4.800000000000000000e+03 6.031088502932861672e+01
4.810000000000000000e+03 5.904505485393187314e+01
4.820000000000000000e+03 5.928160581587889055e+01
4.830000000000000000e+03 5.932796563681687019e+01
4.840000000000000000e+03 5.966761281421409535e+01
4.850000000000000000e+03 5.911435730238122233e+01
4.860000000000000000e+03 5.965290288133485319e+01
4.870000000000000000e+03 6.029168287870071197e+01
4.880000000000000000e+03 6.027024478219183834e+01
4.890000000000000000e+03 6.085120736486877036e+01
4.900000000000000000e+03 6.127882262656504508e+01
4.910000000000000000e+03 6.142683310259775453e+01
4.920000000000000000e+03 6.140176620418476716e+01
4.930000000000000000e+03 6.086429982409680406e+01
4.940000000000000000e+03 6.120391396182269261e+01
4.950000000000000000e+03 6.031754751341691190e+01
4.960000000000000000e+03 6.234287581409657264e+01
4.970000000000000000e+03 5.982287152704438427e+01
4.980000000000000000e+03 6.032194103109654293e+01
4.990000000000000000e+03 5.970456537007025588e+01
5.000000000000000000e+03 5.957593069840099531e+01
5.010000000000000000e+03 5.918086051219725618e+01
5.020000000000000000e+03 5.897506402450680696e+01
5.030000000000000000e+03 5.969341317180179374e+01
5.040000000000000000e+03 5.890594974243722959e+01
5.050000000000000000e+03 6.008933616719393456e+01
5.060000000000000000e+03 6.042063995252979680e+01
5.070000000000000000e+03 6.060977142915136540e+01
5.080000000000000000e+03 5.972410699681421420e+01
5.090000000000000000e+03 5.962079557971674149e+01
5.100000000000000000e+03 5.905619145958043248e+01
5.110000000000000000e+03 5.979281373664075261e+01
5.120000000000000000e+03 5.892091795224848738e+01
5.130000000000000000e+03 5.941142252673202506e+01
5.140000000000000000e+03 5.936243776087255242e+01
5.150000000000000000e+03 6.015517716427567052e+01
5.160000000000000000e+03 5.950562775575336616e+01
5.170000000000000000e+03 5.974661543442822165e+01
5.180000000000000000e+03 6.063237559942321298e+01
5.190000000000000000e+03 5.956781203131585301e+01
5.200000000000000000e+03 5.967682938154757721e+01
5.210000000000000000e+03 5.947802390323030863e+01
5.220000000000000000e+03 5.967625387930849001e+01
5.230000000000000000e+03 6.108606883961692802e+01
5.240000000000000000e+03 5.995008544242311643e+01
5.250000000000000000e+03 6.046591144718583166e+01
5.260000000000000000e+03 6.065150311586363330e+01
5.270000000000000000e+03 6.091075582105438002e+01
5.280000000000000000e+03 6.119200376683254206e+01
5.290000000000000000e+03 6.202317589781773677e+01
5.300000000000000000e+03 6.164348590721445476e+01
5.310000000000000000e+03 6.127604405758839334e+01
5.320000000000000000e+03 6.140175208447269029e+01
5.330000000000000000e+03 6.080207035412252026e+01
5.340000000000000000e+03 6.148967832517570287e+01
5.350000000000000000e+03 6.077714259824945486e+01
5.360000000000000000e+03 6.063619341398046458e+01
5.370000000000000000e+03 6.019323269618246286e+01
5.380000000000000000e+03 6.140730010113357196e+01
5.390000000000000000e+03 6.200979856447128213e+01
5.400000000000000000e+03 6.219768622548861003e+01
5.410000000000000000e+03 6.241398062961363280e+01
5.420000000000000000e+03 6.227981769734222439e+01
5.430000000000000000e+03 6.379017343939469242e+01
5.440000000000000000e+03 6.352136086246974855e+01
5.450000000000000000e+03 6.331908252432072004e+01
5.460000000000000000e+03 6.306923045003316020e+01
5.470000000000000000e+03 6.224494996992311258e+01
5.480000000000000000e+03 6.234874782997360398e+01
5.490000000000000000e+03 6.216075002498880053e+01
5.500000000000000000e+03 6.254274859285283128e+01
5.510000000000000000e+03 6.406891696887203125e+01
5.520000000000000000e+03 6.426644065576883236e+01
5.530000000000000000e+03 6.417482248110536602e+01
5.540000000000000000e+03 6.380188446606777575e+01
5.550000000000000000e+03 6.450836911876115209e+01
5.560000000000000000e+03 6.419403659106703230e+01
5.570000000000000000e+03 6.306582962786330881e+01
5.580000000000000000e+03 6.220518479409520296e+01
5.590000000000000000e+03 6.383000200978850103e+01
5.600000000000000000e+03 6.446127843114126676e+01
5.610000000000000000e+03 6.559393087955484702e+01
5.620000000000000000e+03 6.508829240667967042e+01
5.630000000000000000e+03 6.688805779678125418e+01
5.640000000000000000e+03 6.460777844097415823e+01
5.650000000000000000e+03 6.500800901018195077e+01
5.660000000000000000e+03 6.441666358520487279e+01
5.670000000000000000e+03 6.430656080127201335e+01
5.680000000000000000e+03 6.462112781831348229e+01
5.690000000000000000e+03 6.427577244570522907e+01
5.700000000000000000e+03 6.291278950182368135e+01
5.710000000000000000e+03 6.461958794591987498e+01
5.720000000000000000e+03 6.484095166695874468e+01
5.730000000000000000e+03 6.469081680366957698e+01
5.740000000000000000e+03 6.505922862428960229e+01
5.750000000000000000e+03 6.472641342017939792e+01
5.760000000000000000e+03 6.475624961355322284e+01
5.770000000000000000e+03 6.521707697209529897e+01
5.780000000000000000e+03 6.692743266871633523e+01
5.790000000000000000e+03 6.753409070868113417e+01
5.800000000000000000e+03 6.736514835657962408e+01
5.810000000000000000e+03 6.663129191557996478e+01
5.820000000000000000e+03 6.585009439244396390e+01
5.830000000000000000e+03 6.573693101023673080e+01
5.840000000000000000e+03 6.648200900816397052e+01
5.850000000000000000e+03 6.729269727921550270e+01
5.860000000000000000e+03 6.751060852970803694e+01
5.870000000000000000e+03 6.807562054525558892e+01
5.880000000000000000e+03 6.800738161672180127e+01
5.890000000000000000e+03 6.802739447805186046e+01
5.900000000000000000e+03 6.768030793391204725e+01
5.910000000000000000e+03 6.781924633483191656e+01
5.920000000000000000e+03 6.659764365457962754e+01
5.930000000000000000e+03 6.623431125494681737e+01
5.940000000000000000e+03 6.600961098357453238e+01
5.950000000000000000e+03 6.490165741980368352e+01
5.960000000000000000e+03 6.533416504915166456e+01
5.970000000000000000e+03 6.508958140622519295e+01
5.980000000000000000e+03 6.534445730225741045e+01
5.990000000000000000e+03 6.500189416435787848e+01
6.000000000000000000e+03 6.435577194618022645e+01
6.010000000000000000e+03 6.382631183005662479e+01
6.020000000000000000e+03 6.436402053577620563e+01
6.030000000000000000e+03 6.506841535689645184e+01
6.040000000000000000e+03 6.520510386769890943e+01
6.050000000000000000e+03 6.499652225028142993e+01
6.060000000000000000e+03 6.583830791569013741e+01
6.070000000000000000e+03 6.599936815869679663e+01
6.080000000000000000e+03 6.608526723761295329e+01
6.090000000000000000e+03 6.615435370504567913e+01
6.100000000000000000e+03 6.550827142995626673e+01
6.110000000000000000e+03 6.589541284966821877e+01
6.120000000000000000e+03 6.614160660117636326e+01
6.130000000000000000e+03 6.569515543585640671e+01
6.140000000000000000e+03 6.587859541987157286e+01
6.150000000000000000e+03 6.506965148031397916e+01
6.160000000000000000e+03 6.555413049385498425e+01
6.170000000000000000e+03 6.572014043549506823e+01
6.180000000000000000e+03 6.526869579386448095e+01
6.190000000000000000e+03 6.482761177574997191e+01
6.200000000000000000e+03 6.485365787774540536e+01
6.210000000000000000e+03 6.522542705299986210e+01
6.220000000000000000e+03 6.516069597197380858e+01
6.230000000000000000e+03 6.632509515432593616e+01
6.240000000000000000e+03 6.658847141246317847e+01
6.250000000000000000e+03 6.617173118011248789e+01
6.260000000000000000e+03 6.624439008279961172e+01
6.270000000000000000e+03 6.599378029564547887e+01
6.280000000000000000e+03 6.629172456151979986e+01
6.290000000000000000e+03 6.571632187658138946e+01
6.300000000000000000e+03 6.538962009028722377e+01
6.310000000000000000e+03 6.631742036805829343e+01
6.320000000000000000e+03 6.730308814139166884e+01
6.330000000000000000e+03 6.628655487404753899e+01
6.340000000000000000e+03 6.645839307383636196e+01
6.350000000000000000e+03 6.782921793549016343e+01
6.360000000000000000e+03 6.758510423880460394e+01
6.370000000000000000e+03 6.801344933126355841e+01
6.380000000000000000e+03 6.847555894237061125e+01
6.390000000000000000e+03 6.751963183869955287e+01
6.400000000000000000e+03 6.748337508525614226e+01
6.410000000000000000e+03 6.745359811400109606e+01
6.420000000000000000e+03 6.688319075323525453e+01
6.430000000000000000e+03 6.730308237592583964e+01
6.440000000000000000e+03 6.663683023270701256e+01
6.450000000000000000e+03 6.575056344257041019e+01
6.460000000000000000e+03 6.745439955550148170e+01
6.470000000000000000e+03 6.767929911998314196e+01
6.480000000000000000e+03 6.752832055845286163e+01
6.490000000000000000e+03 6.832192662425330809e+01
6.500000000000000000e+03 6.742545040638370324e+01
6.510000000000000000e+03 6.769337957386625249e+01
6.520000000000000000e+03 6.752643699380260500e+01
6.530000000000000000e+03 6.788886206848943061e+01
6.540000000000000000e+03 6.735976985108607096e+01
6.550000000000000000e+03 6.792577873317000581e+01
6.560000000000000000e+03 6.772005433853865952e+01
6.570000000000000000e+03 6.796832058457351877e+01
6.580000000000000000e+03 6.739234720349685404e+01
6.590000000000000000e+03 6.726923527750099652e+01
6.600000000000000000e+03 6.778839079532505707e+01
6.610000000000000000e+03 6.680790506379182148e+01
6.620000000000000000e+03 6.704428659057376194e+01
6.630000000000000000e+03 6.679022640852215886e+01
6.640000000000000000e+03 6.669966018574967848e+01
6.650000000000000000e+03 6.724901163783187030e+01
6.660000000000000000e+03 6.719496814442624100e+01
6.670000000000000000e+03 6.715728533602543848e+01
6.680000000000000000e+03 6.701295459445412916e+01
6.690000000000000000e+03 6.746261376515727193e+01
6.700000000000000000e+03 6.785586411733837053e+01
6.710000000000000000e+03 6.814701976281367024e+01
6.720000000000000000e+03 6.844433409611485786e+01
6.730000000000000000e+03 6.887996540361402253e+01
6.740000000000000000e+03 6.956232544436909393e+01
6.750000000000000000e+03 7.023394639800147843e+01
6.760000000000000000e+03 7.005847911000046224e+01
6.770000000000000000e+03 6.949741415612444939e+01
6.780000000000000000e+03 6.935209320525632393e+01
6.790000000000000000e+03 6.926428974110004333e+01
6.800000000000000000e+03 6.934979962231727768e+01
6.810000000000000000e+03 6.871323250470172184e+01
6.820000000000000000e+03 6.826628463837462846e+01
6.830000000000000000e+03 6.855591618872267645e+01
6.840000000000000000e+03 6.869641382958755571e+01
6.850000000000000000e+03 6.852479172599657886e+01
6.860000000000000000e+03 6.894983879913715441e+01
6.870000000000000000e+03 6.941719572365724389e+01
6.880000000000000000e+03 6.964459362117807473e+01
6.890000000000000000e+03 6.953595900467431079e+01
6.900000000000000000e+03 6.899925242650635937e+01
6.910000000000000000e+03 6.826943746121551726e+01
6.920000000000000000e+03 6.805232970929068870e+01
6.930000000000000000e+03 6.837960425977104251e+01
6.940000000000000000e+03 6.792101614401394727e+01
6.950000000000000000e+03 6.833135191517979479e+01
6.960000000000000000e+03 6.802305080903497014e+01
6.970000000000000000e+03 6.791071251708760315e+01
6.980000000000000000e+03 6.891911431924080489e+01
6.990000000000000000e+03 6.838282881918394196e+01
7.000000000000000000e+03 6.823677107125627117e+01
7.010000000000000000e+03 6.881737830162890646e+01
7.020000000000000000e+03 6.871293096146661128e+01
7.030000000000000000e+03 7.036388981728620706e+01
7.040000000000000000e+03 6.949225960871777374e+01
7.050000000000000000e+03 6.945860970807783019e+01
7.060000000000000000e+03 6.941312293403720446e+01
7.070000000000000000e+03 6.937326880885035507e+01
7.080000000000000000e+03 6.945324730404354341e+01
7.090000000000000000e+03 7.031352472148574861e+01
7.100000000000000000e+03 7.010431892369152251e+01
7.110000000000000000e+03 6.974882582645540197e+01
7.120000000000000000e+03 6.903680003611873417e+01
7.130000000000000000e+03 6.822394734434416819e+01
7.140000000000000000e+03 6.834943120312772180e+01
7.150000000000000000e+03 6.913666206493405753e+01
7.160000000000000000e+03 7.001221160620519868e+01
7.170000000000000000e+03 7.087428617691188037e+01
7.180000000000000000e+03 7.134813068184593021e+01
7.190000000000000000e+03 7.222952968157611053e+01
7.200000000000000000e+03 7.352586742387623531e+01
7.210000000000000000e+03 7.292373337102236519e+01
7.220000000000000000e+03 7.229378621001001193e+01
7.230000000000000000e+03 7.311021414170525645e+01
7.240000000000000000e+03 7.289430737770126711e+01
7.250000000000000000e+03 7.213916239445174483e+01
7.260000000000000000e+03 7.187764392196660879e+01
7.270000000000000000e+03 7.115609793765315771e+01
7.280000000000000000e+03 7.140703909593975141e+01
7.290000000000000000e+03 7.191498666766446490e+01
7.300000000000000000e+03 7.146733779827374633e+01
7.310000000000000000e+03 7.144649706880665008e+01
7.320000000000000000e+03 7.141655270089950136e+01
7.330000000000000000e+03 7.092115143984955239e+01
7.340000000000000000e+03 7.068404175304777937e+01
7.350000000000000000e+03 7.100335052359776000e+01
7.360000000000000000e+03 7.070620792833250334e+01
7.370000000000000000e+03 6.993689823376101344e+01
7.380000000000000000e+03 7.044642232666458881e+01
7.390000000000000000e+03 7.042860796413862090e+01
7.400000000000000000e+03 7.033391878002444741e+01
7.410000000000000000e+03 6.996135207073146489e+01
7.420000000000000000e+03 6.953787546926312757e+01
7.430000000000000000e+03 7.104156333910518129e+01
7.440000000000000000e+03 7.157997515732520810e+01
7.450000000000000000e+03 7.127944308998127099e+01
7.460000000000000000e+03 7.131235263950338776e+01
7.470000000000000000e+03 7.081636991896343147e+01
7.480000000000000000e+03 7.074306909107377805e+01
7.490000000000000000e+03 7.154647365854609120e+01
7.500000000000000000e+03 7.267439658188007456e+01
7.510000000000000000e+03 7.250376799771331093e+01
7.520000000000000000e+03 7.355624940151795954e+01
7.530000000000000000e+03 7.278397258532720571e+01
7.540000000000000000e+03 7.322974967093418286e+01
7.550000000000000000e+03 7.280172316523234599e+01
7.560000000000000000e+03 7.200628079098814283e+01
7.570000000000000000e+03 7.224954944907455001e+01
7.580000000000000000e+03 7.251843103703623683e+01
7.590000000000000000e+03 7.348803614310455146e+01
7.600000000000000000e+03 7.349109603765128895e+01
7.610000000000000000e+03 7.241377270375195963e+01
7.620000000000000000e+03 7.288969435240073835e+01
7.630000000000000000e+03 7.210844487470637887e+01
7.640000000000000000e+03 7.161785235912878989e+01
7.650000000000000000e+03 7.260680774148710270e+01
7.660000000000000000e+03 7.243563086762972603e+01
7.670000000000000000e+03 7.268628732526883596e+01
7.680000000000000000e+03 7.224011696473050392e+01
7.690000000000000000e+03 7.283741244745831978e+01
7.700000000000000000e+03 7.316572944728861216e+01
7.710000000000000000e+03 7.346990042014695632e+01
7.720000000000000000e+03 7.277547540197818421e+01
7.730000000000000000e+03 7.276227615247995573e+01
7.740000000000000000e+03 7.211323187322761896e+01
7.750000000000000000e+03 7.265045118037417637e+01
7.760000000000000000e+03 7.125121829978527899e+01
7.770000000000000000e+03 7.092429239973085942e+01
7.780000000000000000e+03 7.124261937898756969e+01
7.790000000000000000e+03 7.187246054200082312e+01
7.800000000000000000e+03 7.202941572594824038e+01
7.810000000000000000e+03 7.166989116530982074e+01
7.820000000000000000e+03 7.145466256924137838e+01
7.830000000000000000e+03 7.185572405491939207e+01
7.840000000000000000e+03 7.362095649599075387e+01
7.850000000000000000e+03 7.460221956156607348e+01
7.860000000000000000e+03 7.432064411275183602e+01
7.870000000000000000e+03 7.432803988370477555e+01
7.880000000000000000e+03 7.465582510210481360e+01
7.890000000000000000e+03 7.335459863491033161e+01
7.900000000000000000e+03 7.379749817033376758e+01
7.910000000000000000e+03 7.371632150544698447e+01
7.920000000000000000e+03 7.352777614229319170e+01
7.930000000000000000e+03 7.413939113832611838e+01
7.940000000000000000e+03 7.427276010198701783e+01
7.950000000000000000e+03 7.423420301388100029e+01
7.960000000000000000e+03 7.461537654975811051e+01
7.970000000000000000e+03 7.406251759601786944e+01
7.980000000000000000e+03 7.443132851252468640e+01
7.990000000000000000e+03 7.416941142195338443e+01
8.000000000000000000e+03 7.383826781771307424e+01
8.010000000000000000e+03 7.431193494958876045e+01
8.020000000000000000e+03 7.429861162659656770e+01
8.030000000000000000e+03 7.459054694416647635e+01
8.040000000000000000e+03 7.432808534375226373e+01
8.050000000000000000e+03 7.427749851939117320e+01
8.060000000000000000e+03 7.505786175031823859e+01
8.070000000000000000e+03 7.402723923965365316e+01
8.080000000000000000e+03 7.330927455014409588e+01
8.090000000000000000e+03 7.382527357873993878e+01
8.100000000000000000e+03 7.380699860028275339e+01
8.110000000000000000e+03 7.346226480525723446e+01
8.120000000000000000e+03 7.326540309411706176e+01
8.130000000000000000e+03 7.318584307897992858e+01
8.140000000000000000e+03 7.324994407891290393e+01
8.150000000000000000e+03 7.359517527558364236e+01
8.160000000000000000e+03 7.428314534086186427e+01
8.170000000000000000e+03 7.431632944657781081e+01
8.180000000000000000e+03 7.444628527961788222e+01
8.190000000000000000e+03 7.525372731627652456e+01
8.200000000000000000e+03 7.564937544960483251e+01
8.210000000000000000e+03 7.601989027054943904e+01
8.220000000000000000e+03 7.769332365847023425e+01
8.230000000000000000e+03 7.846717566607799199e+01
8.240000000000000000e+03 7.891062438722465799e+01
8.250000000000000000e+03 7.818531978721389919e+01
8.260000000000000000e+03 7.735828573036013722e+01
8.270000000000000000e+03 7.760173090668973828e+01
8.280000000000000000e+03 7.731835849979191266e+01
8.290000000000000000e+03 7.701615161713337443e+01
8.300000000000000000e+03 7.716628900621157072e+01
8.310000000000000000e+03 7.737085850314346658e+01
8.320000000000000000e+03 7.786791580581081007e+01
8.330000000000000000e+03 7.742060416123973710e+01
8.340000000000000000e+03 7.603852900498964118e+01
8.350000000000000000e+03 7.574130223148623031e+01
8.360000000000000000e+03 7.573464584267716759e+01
8.370000000000000000e+03 7.626171182443994212e+01
8.380000000000000000e+03 7.664340280210092260e+01
8.390000000000000000e+03 7.712874460561329215e+01
8.400000000000000000e+03 7.719403895216376554e+01
8.410000000000000000e+03 7.754300179567266582e+01
8.420000000000000000e+03 7.807326592412309196e+01
8.430000000000000000e+03 7.747855497939201541e+01
8.440000000000000000e+03 7.713517607447852242e+01
8.450000000000000000e+03 7.745411758083588438e+01
8.460000000000000000e+03 7.807136447032451088e+01
8.470000000000000000e+03 7.781683261438104182e+01
8.480000000000000000e+03 7.775060550960495220e+01
8.490000000000000000e+03 7.817363426201526977e+01
8.500000000000000000e+03 7.924375989007788235e+01
8.510000000000000000e+03 7.909040102823044549e+01
8.520000000000000000e+03 7.872816664330315461e+01
8.530000000000000000e+03 7.795533686441115151e+01
8.540000000000000000e+03 7.707425203764248067e+01
8.550000000000000000e+03 7.716434372719774615e+01
8.560000000000000000e+03 7.767603789815092341e+01
8.570000000000000000e+03 7.736197315010900866e+01
8.580000000000000000e+03 7.797693511065816097e+01
8.590000000000000000e+03 7.744640937533361580e+01
8.600000000000000000e+03 7.827424406205238938e+01
8.610000000000000000e+03 7.827998904267121816e+01
8.620000000000000000e+03 7.776108733998106004e+01
8.630000000000000000e+03 7.830038545870357325e+01
8.640000000000000000e+03 7.815496083631737179e+01
8.650000000000000000e+03 7.750188089416150206e+01
8.660000000000000000e+03 7.766756325153858143e+01
8.670000000000000000e+03 7.766254906817232495e+01
8.680000000000000000e+03 7.768220989891196382e+01
8.690000000000000000e+03 7.829480799849656592e+01
8.700000000000000000e+03 7.939486330179892093e+01
8.710000000000000000e+03 7.886306334257525918e+01
8.720000000000000000e+03 7.836837394322623140e+01
8.730000000000000000e+03 7.861155285292380768e+01
8.740000000000000000e+03 7.917657729173589587e+01
8.750000000000000000e+03 7.806725288703592014e+01
8.760000000000000000e+03 7.802966073731008123e+01
8.770000000000000000e+03 7.768633072261727079e+01
8.780000000000000000e+03 7.833194074355506586e+01
8.790000000000000000e+03 7.913605586083420462e+01
8.800000000000000000e+03 7.850540404990900356e+01
8.810000000000000000e+03 7.965719992999913757e+01
8.820000000000000000e+03 8.041444014005375607e+01
8.830000000000000000e+03 8.104294388484311185e+01
8.840000000000000000e+03 8.128395774700845777e+01
8.850000000000000000e+03 8.165453050443335314e+01
8.860000000000000000e+03 8.165987640527458780e+01
8.870000000000000000e+03 8.057763607912065140e+01
8.880000000000000000e+03 8.020947755120272404e+01
8.890000000000000000e+03 8.004404085280532399e+01
8.900000000000000000e+03 8.009598427916245100e+01
8.910000000000000000e+03 8.029714990020605114e+01
8.920000000000000000e+03 7.998769904234487171e+01
8.930000000000000000e+03 8.026119260128481869e+01
8.940000000000000000e+03 7.987100723456285323e+01
8.950000000000000000e+03 7.973917322387836748e+01
8.960000000000000000e+03 8.017284826187227509e+01
8.970000000000000000e+03 8.144870209866667210e+01
8.980000000000000000e+03 8.048962238675301251e+01
8.990000000000000000e+03 8.110252439043924255e+01
9.000000000000000000e+03 8.158808636524443614e+01
