CF 10 1 0 -744.640 101
CF 10 1 1 -742.565 101
CF 10 1 2 -741.322 101
CF 10 1 3 -741.441 101
CF 10 1 4 -746.184 101
CF 10 2 0 -760.958 103
CF 10 2 1 -757.993 103
CF 10 2 2 -758.017 103
CF 10 2 3 -758.349 103
CF 10 2 4 -748.129 101
CF 10 3 0 -764.035 103
CF 10 3 1 -760.213 103
CF 10 3 2 -761.924 103
CF 10 3 3 -758.512 103
CF 10 3 4 -761.891 103
CF 10 4 0 -775.236 105
CF 10 4 1 -771.442 105
CF 10 4 2 -772.338 105
CF 10 4 3 -771.435 105
CF 10 4 4 -772.618 105
CF 10 5 0 -787.949 107
CF 10 5 1 -783.591 107
CF 10 5 2 -784.553 107
CF 10 5 3 -786.211 107
CF 10 5 4 -785.182 107
CF 10 6 0 -800.768 109
CF 10 6 1 -799.083 109
CF 10 6 2 -797.872 109
CF 10 6 3 -798.250 109
CF 10 6 4 -799.630 109
CF 10 7 0 -814.913 111
CF 10 7 1 -809.767 111
CF 10 7 2 -805.404 110
CF 10 7 3 -792.120 107
CF 10 7 4 -792.223 107
CF 10 8 0 -803.083 109
CF 10 8 1 -800.480 109
CF 10 8 2 -801.749 109
CF 10 8 3 -800.217 109
CF 10 8 4 -801.799 109
CF 10 9 0 -816.743 111
CF 10 9 1 -813.081 111
CF 10 9 2 -813.763 111
CF 10 9 3 -812.978 111
CF 10 9 4 -814.572 111
CF 10 10 0 -826.933 113
CF 10 10 1 -822.745 113
CF 10 10 2 -822.733 113
CF 10 10 3 -823.728 113
CF 10 10 4 -824.011 113
CF 10 11 0 -838.418 115
CF 10 11 1 -833.790 115
CF 10 11 2 -835.147 115
CF 10 11 3 -836.338 115
CF 10 11 4 -834.643 115
CF 10 12 0 -849.568 117
CF 10 12 1 -847.398 117
CF 10 12 2 -851.015 117
CF 10 12 3 -821.315 114
CF 10 12 4 -814.167 112
CF 10 13 0 -830.550 114
CF 10 13 1 -827.249 114
CF 10 13 2 -828.600 114
CF 10 13 3 -828.006 114
CF 10 13 4 -829.240 114
CF 10 14 0 -844.381 116
CF 10 14 1 -840.577 116
CF 10 14 2 -833.672 115
CF 10 14 3 -832.639 114
CF 10 14 4 -831.735 114
CF 10 15 0 -844.131 116
CF 10 15 1 -841.160 116
CF 10 15 2 -842.778 116
CF 10 15 3 -841.689 116
CF 10 15 4 -841.212 116
CF 10 16 0 -855.881 118
CF 10 16 1 -853.246 118
CF 10 16 2 -853.290 118
CF 10 16 3 -853.804 118
CF 10 16 4 -854.553 118
CF 10 17 0 -870.682 120
CF 10 17 1 -868.780 120
CF 10 17 2 -868.036 120
CF 10 17 3 -866.761 120
CF 10 17 4 -868.152 120
CF 10 18 0 -881.511 122
CF 10 18 1 -879.059 122
CF 10 18 2 -878.138 122
CF 10 18 3 -877.537 122
CF 10 18 4 -878.350 122
CF 10 19 0 -891.843 124
CF 10 19 1 -889.345 124
CF 10 19 2 -892.514 124
CF 10 19 3 -889.418 124
CF 10 19 4 -890.926 124
CF 10 20 0 -905.272 126
CF 10 20 1 -906.146 126
CF 10 20 2 -896.135 124
CF 10 20 3 -896.410 124
CF 10 20 4 -894.146 124
CF 10 21 0 -906.446 126
CF 10 21 1 -904.683 126
CF 10 21 2 -891.093 123
CF 10 21 3 -891.974 123
CF 10 21 4 -892.447 123
CF 10 22 0 -903.263 125
CF 10 22 1 -900.012 125
CF 10 22 2 -886.476 123
CF 10 22 3 -886.273 122
CF 10 22 4 -886.074 122
CF 10 23 0 -900.422 124
CF 10 23 1 -893.821 124
CF 10 23 2 -892.320 124
CF 10 23 3 -895.495 124
CF 10 23 4 -880.501 121
CF 10 24 0 -891.456 123
CF 10 24 1 -888.322 123
CF 10 24 2 -890.574 123
CF 10 24 3 -889.863 123
CF 10 24 4 -890.549 123
CF 10 25 0 -907.268 125
CF 10 25 1 -904.361 125
CF 10 25 2 -906.213 125
CF 10 25 3 -904.944 125
CF 10 25 4 -883.127 121
CF 10 26 0 -899.282 123
CF 10 26 1 -897.770 123
CF 10 26 2 -896.023 123
CF 10 26 3 -896.415 123
CF 10 26 4 -897.269 123
CF 10 27 0 -912.182 125
CF 10 27 1 -906.832 125
CF 10 27 2 -906.856 125
CF 10 27 3 -907.442 125
CF 10 27 4 -909.593 125
CF 10 28 0 -926.330 127
CF 10 28 1 -921.732 127
CF 10 28 2 -922.968 127
CF 10 28 3 -923.577 127
CF 10 28 4 -922.267 127
CF 10 29 0 -939.155 129
CF 10 29 1 -934.696 129
CF 10 29 2 -932.653 129
CF 10 29 3 -933.088 129
CF 10 29 4 -932.976 129
CF 10 30 0 -950.377 131
CF 10 30 1 -946.724 131
CF 10 30 2 -947.136 131
CF 10 30 3 -939.187 129
CF 10 30 4 -938.733 129
CF 10 31 0 -951.090 131
CF 10 31 1 -948.993 131
CF 10 31 2 -941.621 129
CF 10 31 3 -940.501 129
CF 10 31 4 -939.780 129
CF 10 32 0 -950.391 131
CF 10 32 1 -946.379 131
CF 10 32 2 -947.305 131
CF 10 32 3 -935.191 129
CF 10 32 4 -931.499 128
CF 10 33 0 -946.181 130
CF 10 33 1 -941.254 130
CF 10 33 2 -942.668 130
CF 10 33 3 -941.710 130
CF 10 33 4 -943.243 130
CF 10 34 0 -958.088 132
CF 10 34 1 -954.735 132
CF 10 34 2 -947.426 130
CF 10 34 3 -946.284 130
CF 10 34 4 -947.069 130
CF 10 35 0 -957.719 132
CF 10 35 1 -952.848 132
CF 10 35 2 -953.812 132
CF 10 35 3 -954.077 132
CF 10 35 4 -954.872 132
CF 10 36 0 -968.844 134
CF 10 36 1 -963.028 134
CF 10 36 2 -963.018 134
CF 10 36 3 -964.404 134
CF 10 36 4 -965.601 134
CF 10 37 0 -980.737 136
CF 10 37 1 -979.013 136
CF 10 37 2 -965.109 133
CF 10 37 3 -965.089 133
CF 10 37 4 -964.032 133
CF 10 38 0 -976.309 135
CF 10 38 1 -972.576 135
CF 10 38 2 -974.293 135
CF 10 38 3 -972.285 135
CF 10 38 4 -975.441 135
CF 10 39 0 -990.514 137
CF 10 39 1 -983.752 137
CF 10 39 2 -976.098 135
CF 10 39 3 -976.834 135
CF 10 39 4 -978.631 135
CF 10 40 0 -991.074 137
CF 10 40 1 -985.871 137
CF 10 40 2 -983.370 137
CF 10 40 3 -970.731 134
CF 10 40 4 -970.455 134
CF 10 41 0 -985.758 136
CF 10 41 1 -977.533 136
CF 10 41 2 -980.034 136
CF 10 41 3 -973.616 134
CF 10 41 4 -972.279 134
CF 10 42 0 -984.871 136
CF 10 42 1 -979.675 136
CF 10 42 2 -983.744 136
CF 10 42 3 -981.461 136
CF 10 42 4 -982.673 136
CF 10 43 0 -999.190 138
CF 10 43 1 -995.896 138
CF 10 43 2 -985.136 136
CF 10 43 3 -986.436 136
CF 10 43 4 -986.181 136
CF 10 44 0 -998.726 138
CF 10 44 1 -994.178 138
CF 10 44 2 -994.412 138
CF 10 44 3 -996.313 138
CF 10 44 4 -994.048 138
CF 10 45 0 -1011.644 140
CF 10 45 1 -1004.883 140
CF 10 45 2 -997.843 138
CF 10 45 3 -998.875 138
CF 10 45 4 -998.470 138
CF 10 46 0 -1010.831 140
CF 10 46 1 -1006.569 140
CF 10 46 2 -1001.415 139
CF 10 46 3 -1001.100 139
CF 10 46 4 -1001.956 139
CF 10 47 0 -1014.741 141
CF 10 47 1 -1013.107 141
CF 10 47 2 -1014.114 141
CF 10 47 3 -998.582 138
CF 10 47 4 -998.417 138
CF 10 48 0 -1012.339 140
CF 10 48 1 -1005.891 140
CF 10 48 2 -1007.750 140
CF 10 48 3 -1006.779 140
CF 10 48 4 -1006.928 140
CF 10 49 0 -1019.343 142
CF 10 49 1 -1017.757 142
CF 10 49 2 -1019.904 142
CF 10 49 3 -1018.054 142
CF 10 49 4 -1020.025 142
CF 10 50 0 -1036.993 144
CF 10 50 1 -1034.826 144
CF 10 50 2 -1022.888 142
CF 10 50 3 -1021.914 142
CF 10 50 4 -1023.468 142
CF 30 1 0 -744.640 101
CF 30 1 1 -731.068 101
CF 30 1 2 -732.523 101
CF 30 1 3 -733.749 101
CF 30 1 4 -730.264 101
CF 30 2 0 -762.724 103
CF 30 2 1 -755.057 103
CF 30 2 2 -748.516 102
CF 30 2 3 -747.940 102
CF 30 2 4 -747.402 101
CF 30 3 0 -762.529 103
CF 30 3 1 -744.902 103
CF 30 3 2 -749.680 103
CF 30 3 3 -748.717 103
CF 30 3 4 -747.635 103
CF 30 4 0 -772.610 105
CF 30 4 1 -755.501 105
CF 30 4 2 -748.165 103
CF 30 4 3 -746.726 103
CF 30 4 4 -749.408 103
CF 30 5 0 -772.891 105
CF 30 5 1 -755.181 105
CF 30 5 2 -759.474 105
CF 30 5 3 -759.236 105
CF 30 5 4 -745.008 103
CF 30 6 0 -768.950 105
CF 30 6 1 -753.579 105
CF 30 6 2 -752.416 105
CF 30 6 3 -759.420 105
CF 30 6 4 -755.614 105
CF 30 7 0 -783.080 107
CF 30 7 1 -767.029 107
CF 30 7 2 -768.543 107
CF 30 7 3 -768.412 107
CF 30 7 4 -737.891 103
CF 30 8 0 -762.464 105
CF 30 8 1 -745.775 105
CF 30 8 2 -748.552 105
CF 30 8 3 -747.324 105
CF 30 8 4 -749.093 105
CF 30 9 0 -774.727 107
CF 30 9 1 -759.900 107
CF 30 9 2 -764.007 107
CF 30 9 3 -762.410 107
CF 30 9 4 -765.809 107
CF 30 10 0 -791.597 109
CF 30 10 1 -780.075 109
CF 30 10 2 -776.949 109
CF 30 10 3 -780.873 109
CF 30 10 4 -781.228 109
CF 30 11 0 -796.164 110
CF 30 11 1 -783.348 110
CF 30 11 2 -770.561 107
CF 30 11 3 -770.922 107
CF 30 11 4 -767.308 107
CF 30 12 0 -788.499 109
CF 30 12 1 -773.609 109
CF 30 12 2 -775.082 109
CF 30 12 3 -775.368 109
CF 30 12 4 -776.815 109
CF 30 13 0 -799.753 111
CF 30 13 1 -785.945 110
CF 30 13 2 -758.916 105
CF 30 13 3 -761.242 105
CF 30 13 4 -760.289 105
CF 30 14 0 -775.636 107
CF 30 14 1 -757.223 107
CF 30 14 2 -758.536 107
CF 30 14 3 -759.410 107
CF 30 14 4 -758.488 107
CF 30 15 0 -786.018 109
CF 30 15 1 -775.686 109
CF 30 15 2 -774.890 109
CF 30 15 3 -772.603 109
CF 30 15 4 -776.284 109
CF 30 16 0 -804.899 111
CF 30 16 1 -788.635 111
CF 30 16 2 -789.556 111
CF 30 16 3 -789.728 111
CF 30 16 4 -790.247 111
CF 30 17 0 -816.487 113
CF 30 17 1 -799.090 113
CF 30 17 2 -801.277 113
CF 30 17 3 -787.193 111
CF 30 17 4 -789.472 111
CF 30 18 0 -809.972 113
CF 30 18 1 -793.198 113
CF 30 18 2 -796.053 113
CF 30 18 3 -797.011 113
CF 30 18 4 -785.763 111
CF 30 19 0 -815.980 113
CF 30 19 1 -802.279 113
CF 30 19 2 -801.963 113
CF 30 19 3 -800.302 113
CF 30 19 4 -801.205 113
CF 30 20 0 -826.854 115
CF 30 20 1 -815.748 115
CF 30 20 2 -792.484 113
CF 30 20 3 -760.373 107
CF 30 20 4 -758.380 107
CF 30 21 0 -780.340 109
CF 30 21 1 -770.838 109
CF 30 21 2 -752.900 106
CF 30 21 3 -753.586 106
CF 30 21 4 -754.675 106
CF 30 22 0 -771.031 108
CF 30 22 1 -753.488 108
CF 30 22 2 -752.987 108
CF 30 22 3 -757.267 108
CF 30 22 4 -755.965 108
CF 30 23 0 -782.127 110
CF 30 23 1 -778.776 110
CF 30 23 2 -771.429 108
CF 30 23 3 -769.797 108
CF 30 23 4 -769.861 108
CF 30 24 0 -783.267 110
CF 30 24 1 -768.687 110
CF 30 24 2 -766.568 110
CF 30 24 3 -761.181 109
CF 30 24 4 -754.690 108
CF 30 25 0 -780.641 110
CF 30 25 1 -765.423 110
CF 30 25 2 -745.302 108
CF 30 25 3 -718.181 103
CF 30 25 4 -701.316 100
CF 30 26 0 -719.523 101
CF 30 26 1 -700.272 101
CF 30 26 2 -704.537 101
CF 30 26 3 -704.157 101
CF 30 26 4 -707.265 101
CF 30 27 0 -731.494 103
CF 30 27 1 -716.880 103
CF 30 27 2 -718.836 103
CF 30 27 3 -716.991 103
CF 30 27 4 -695.561 99
CF 30 28 0 -724.704 101
CF 30 28 1 -707.814 101
CF 30 28 2 -690.960 99
CF 30 28 3 -671.555 95
CF 30 28 4 -615.570 88
CF 30 29 0 -639.340 89
CF 30 29 1 -626.090 88
CF 30 29 2 -628.718 88
CF 30 29 3 -629.573 88
CF 30 29 4 -630.154 88
CF 30 30 0 -651.926 90
CF 30 30 1 -647.917 90
CF 30 30 2 -642.012 88
CF 30 30 3 -640.623 88
CF 30 30 4 -642.163 88
CF 30 31 0 -654.306 90
CF 30 31 1 -639.686 90
CF 30 31 2 -636.528 89
CF 30 31 3 -636.692 89
CF 30 31 4 -637.358 89
CF 30 32 0 -657.638 91
CF 30 32 1 -644.859 91
CF 30 32 2 -639.459 91
CF 30 32 3 -636.698 90
CF 30 32 4 -637.338 90
CF 30 33 0 -664.203 92
CF 30 33 1 -633.889 90
CF 30 33 2 -634.538 90
CF 30 33 3 -637.337 90
CF 30 33 4 -633.632 90
CF 30 34 0 -658.002 92
CF 30 34 1 -639.603 91
CF 30 34 2 -643.970 91
CF 30 34 3 -628.999 88
CF 30 34 4 -628.722 88
CF 30 35 0 -651.292 90
CF 30 35 1 -637.702 90
CF 30 35 2 -637.541 90
CF 30 35 3 -626.001 89
CF 30 35 4 -612.798 87
CF 30 36 0 -641.680 89
CF 30 36 1 -623.609 88
CF 30 36 2 -628.076 88
CF 30 36 3 -624.521 88
CF 30 36 4 -626.159 88
CF 30 37 0 -637.390 88
CF 30 37 1 -620.901 88
CF 30 37 2 -610.400 86
CF 30 37 3 -606.373 85
CF 30 37 4 -576.447 82
CF 30 38 0 -606.888 84
CF 30 38 1 -582.201 83
CF 30 38 2 -582.732 83
CF 30 38 3 -583.535 82
CF 30 38 4 -518.113 74
CF 30 39 0 -545.346 76
CF 30 39 1 -535.551 74
CF 30 39 2 -533.909 74
CF 30 39 3 -536.467 74
CF 30 39 4 -537.495 74
CF 30 40 0 -548.964 76
CF 30 40 1 -530.621 76
CF 30 40 2 -530.993 76
CF 30 40 3 -524.267 75
CF 30 40 4 -507.951 72
CF 30 41 0 -518.478 73
CF 30 41 1 -499.720 73
CF 30 41 2 -500.481 72
CF 30 41 3 -487.199 71
CF 30 41 4 -473.993 69
CF 30 42 0 -500.446 71
CF 30 42 1 -488.574 71
CF 30 42 2 -485.810 71
CF 30 42 3 -485.362 71
CF 30 42 4 -454.994 67
CF 30 43 0 -482.513 69
CF 30 43 1 -460.429 68
CF 30 43 2 -458.980 68
CF 30 43 3 -460.900 68
CF 30 43 4 -423.803 63
CF 30 44 0 -445.245 65
CF 30 44 1 -434.251 65
CF 30 44 2 -423.624 64
CF 30 44 3 -406.175 62
CF 30 44 4 -377.922 58
CF 30 45 0 -383.548 57
CF 30 45 1 -375.511 57
CF 30 45 2 -372.276 57
CF 30 45 3 -374.426 57
CF 30 45 4 -348.492 53
CF 30 46 0 -341.538 51
CF 30 46 1 -331.233 50
CF 30 46 2 -334.230 50
CF 30 46 3 -333.145 50
CF 30 46 4 -331.578 50
CF 30 47 0 -347.181 52
CF 30 47 1 -322.038 49
CF 30 47 2 -323.591 49
CF 30 47 3 -315.503 48
CF 30 47 4 -310.645 47
CF 30 48 0 -313.815 47
CF 30 48 1 -300.877 47
CF 30 48 2 -299.165 46
CF 30 48 3 -288.635 44
CF 30 48 4 -282.414 43
CF 30 49 0 -299.659 45
CF 30 49 1 -277.285 43
CF 30 49 2 -266.246 41
CF 30 49 3 -264.108 41
CF 30 49 4 -266.149 41
CF 30 50 0 -281.488 43
CF 30 50 1 -254.335 39
CF 30 50 2 -237.544 37
CF 30 50 3 -237.126 37
CF 30 50 4 -225.558 36
CF3 10 1 0 -755.662 103
CF3 10 1 1 -753.624 103
CF3 10 1 2 -739.976 100
CF3 10 1 3 -738.548 100
CF3 10 1 4 -737.416 100
CF3 10 2 0 -761.606 104
CF3 10 2 1 -760.593 104
CF3 10 2 2 -759.884 104
CF3 10 2 3 -740.906 100
CF3 10 2 4 -741.299 100
CF3 10 3 0 -761.528 104
CF3 10 3 1 -759.355 104
CF3 10 3 2 -759.058 104
CF3 10 3 3 -759.792 104
CF3 10 3 4 -759.383 104
CF3 10 4 0 -787.918 108
CF3 10 4 1 -784.975 108
CF3 10 4 2 -784.768 108
CF3 10 4 3 -770.943 105
CF3 10 4 4 -771.348 105
CF3 10 5 0 -793.537 109
CF3 10 5 1 -789.541 109
CF3 10 5 2 -789.186 109
CF3 10 5 3 -771.158 105
CF3 10 5 4 -771.133 105
CF3 10 6 0 -792.940 109
CF3 10 6 1 -790.153 109
CF3 10 6 2 -789.317 109
CF3 10 6 3 -771.699 105
CF3 10 6 4 -770.514 105
CF3 10 7 0 -794.497 109
CF3 10 7 1 -790.919 109
CF3 10 7 2 -790.826 109
CF3 10 7 3 -791.073 109
CF3 10 7 4 -783.194 107
CF3 10 8 0 -807.540 111
CF3 10 8 1 -803.456 111
CF3 10 8 2 -790.447 109
CF3 10 8 3 -789.967 108
CF3 10 8 4 -789.605 108
CF3 10 9 0 -813.640 112
CF3 10 9 1 -808.649 112
CF3 10 9 2 -790.399 108
CF3 10 9 3 -792.156 108
CF3 10 9 4 -791.763 108
CF3 10 10 0 -813.821 112
CF3 10 10 1 -810.311 112
CF3 10 10 2 -812.476 112
CF3 10 10 3 -811.518 112
CF3 10 10 4 -811.412 112
CF3 10 11 0 -839.486 116
CF3 10 11 1 -834.711 116
CF3 10 11 2 -835.818 116
CF3 10 11 3 -817.421 112
CF3 10 11 4 -815.447 112
CF3 10 12 0 -839.347 116
CF3 10 12 1 -835.214 116
CF3 10 12 2 -834.496 116
CF3 10 12 3 -820.333 113
CF3 10 12 4 -821.738 113
CF3 10 13 0 -844.136 117
CF3 10 13 1 -839.579 117
CF3 10 13 2 -838.687 117
CF3 10 13 3 -819.650 113
CF3 10 13 4 -820.145 113
CF3 10 14 0 -843.176 117
CF3 10 14 1 -838.610 117
CF3 10 14 2 -839.993 117
CF3 10 14 3 -819.909 113
CF3 10 14 4 -820.189 113
CF3 10 15 0 -842.704 117
CF3 10 15 1 -837.832 117
CF3 10 15 2 -838.712 117
CF3 10 15 3 -819.545 113
CF3 10 15 4 -818.427 113
CF3 10 16 0 -843.256 117
CF3 10 16 1 -839.259 117
CF3 10 16 2 -839.552 117
CF3 10 16 3 -819.827 113
CF3 10 16 4 -820.341 113
CF3 10 17 0 -843.051 117
CF3 10 17 1 -839.430 117
CF3 10 17 2 -839.747 117
CF3 10 17 3 -835.714 116
CF3 10 17 4 -821.377 113
CF3 10 18 0 -842.884 117
CF3 10 18 1 -838.353 117
CF3 10 18 2 -836.648 117
CF3 10 18 3 -827.924 115
CF3 10 18 4 -819.382 113
CF3 10 19 0 -843.111 117
CF3 10 19 1 -837.908 117
CF3 10 19 2 -834.679 116
CF3 10 19 3 -819.742 113
CF3 10 19 4 -819.764 113
CF3 10 20 0 -842.360 117
CF3 10 20 1 -836.954 117
CF3 10 20 2 -824.342 114
CF3 10 20 3 -797.625 109
CF3 10 20 4 -797.135 109
CF3 10 21 0 -817.912 113
CF3 10 21 1 -814.926 113
CF3 10 21 2 -815.126 113
CF3 10 21 3 -797.010 109
CF3 10 21 4 -795.797 109
CF3 10 22 0 -818.293 113
CF3 10 22 1 -811.358 113
CF3 10 22 2 -813.467 113
CF3 10 22 3 -775.291 106
CF3 10 22 4 -776.395 106
CF3 10 23 0 -797.865 110
CF3 10 23 1 -798.011 110
CF3 10 23 2 -797.718 110
CF3 10 23 3 -778.575 106
CF3 10 23 4 -778.395 106
CF3 10 24 0 -798.373 110
CF3 10 24 1 -793.276 110
CF3 10 24 2 -793.377 110
CF3 10 24 3 -775.636 106
CF3 10 24 4 -775.258 106
CF3 10 25 0 -797.786 110
CF3 10 25 1 -794.102 110
CF3 10 25 2 -793.192 110
CF3 10 25 3 -775.341 106
CF3 10 25 4 -775.197 106
CF3 10 26 0 -797.947 110
CF3 10 26 1 -793.701 110
CF3 10 26 2 -792.586 110
CF3 10 26 3 -773.959 106
CF3 10 26 4 -773.560 106
CF3 10 27 0 -798.428 110
CF3 10 27 1 -795.407 110
CF3 10 27 2 -783.759 109
CF3 10 27 3 -781.386 107
CF3 10 27 4 -781.298 107
CF3 10 28 0 -804.962 111
CF3 10 28 1 -801.971 111
CF3 10 28 2 -797.612 110
CF3 10 28 3 -782.416 107
CF3 10 28 4 -782.683 107
CF3 10 29 0 -805.021 111
CF3 10 29 1 -800.016 111
CF3 10 29 2 -800.483 111
CF3 10 29 3 -782.581 107
CF3 10 29 4 -781.987 107
CF3 10 30 0 -804.786 111
CF3 10 30 1 -801.889 111
CF3 10 30 2 -801.898 111
CF3 10 30 3 -783.218 107
CF3 10 30 4 -783.719 107
CF3 10 31 0 -804.534 111
CF3 10 31 1 -800.748 111
CF3 10 31 2 -800.419 111
CF3 10 31 3 -785.773 109
CF3 10 31 4 -782.046 107
CF3 10 32 0 -804.865 111
CF3 10 32 1 -803.592 111
CF3 10 32 2 -801.817 111
CF3 10 32 3 -777.866 106
CF3 10 32 4 -777.903 106
CF3 10 33 0 -800.750 110
CF3 10 33 1 -794.943 110
CF3 10 33 2 -788.933 109
CF3 10 33 3 -780.682 107
CF3 10 33 4 -780.642 107
CF3 10 34 0 -804.640 111
CF3 10 34 1 -797.987 111
CF3 10 34 2 -799.125 111
CF3 10 34 3 -782.683 107
CF3 10 34 4 -782.683 107
CF3 10 35 0 -805.428 111
CF3 10 35 1 -801.225 111
CF3 10 35 2 -796.780 110
CF3 10 35 3 -781.589 107
CF3 10 35 4 -781.911 107
CF3 10 36 0 -806.720 111
CF3 10 36 1 -801.949 111
CF3 10 36 2 -802.297 111
CF3 10 36 3 -783.930 107
CF3 10 36 4 -782.855 107
CF3 10 37 0 -806.056 111
CF3 10 37 1 -801.181 111
CF3 10 37 2 -800.549 111
CF3 10 37 3 -782.380 107
CF3 10 37 4 -782.987 107
CF3 10 38 0 -806.146 111
CF3 10 38 1 -800.477 111
CF3 10 38 2 -801.090 111
CF3 10 38 3 -785.609 108
CF3 10 38 4 -787.004 108
CF3 10 39 0 -809.952 112
CF3 10 39 1 -804.836 112
CF3 10 39 2 -804.106 112
CF3 10 39 3 -786.475 108
CF3 10 39 4 -786.476 108
CF3 10 40 0 -810.469 112
CF3 10 40 1 -806.557 112
CF3 10 40 2 -806.536 112
CF3 10 40 3 -787.672 108
CF3 10 40 4 -787.991 108
CF3 10 41 0 -810.333 112
CF3 10 41 1 -806.153 112
CF3 10 41 2 -805.854 112
CF3 10 41 3 -787.753 108
CF3 10 41 4 -787.437 108
CF3 10 42 0 -810.852 112
CF3 10 42 1 -807.187 112
CF3 10 42 2 -806.959 112
CF3 10 42 3 -788.382 108
CF3 10 42 4 -787.958 108
CF3 10 43 0 -810.912 112
CF3 10 43 1 -806.018 112
CF3 10 43 2 -806.474 112
CF3 10 43 3 -787.465 108
CF3 10 43 4 -788.285 108
CF3 10 44 0 -810.307 112
CF3 10 44 1 -808.169 112
CF3 10 44 2 -808.730 112
CF3 10 44 3 -788.714 108
CF3 10 44 4 -789.428 108
CF3 10 45 0 -811.006 112
CF3 10 45 1 -809.899 112
CF3 10 45 2 -809.348 112
CF3 10 45 3 -789.551 108
CF3 10 45 4 -789.933 108
CF3 10 46 0 -811.226 112
CF3 10 46 1 -805.939 112
CF3 10 46 2 -807.028 112
CF3 10 46 3 -787.086 108
CF3 10 46 4 -787.723 108
CF3 10 47 0 -810.739 112
CF3 10 47 1 -807.543 112
CF3 10 47 2 -801.316 111
CF3 10 47 3 -788.130 108
CF3 10 47 4 -788.957 108
CF3 10 48 0 -811.218 112
CF3 10 48 1 -806.104 112
CF3 10 48 2 -806.354 112
CF3 10 48 3 -782.266 107
CF3 10 48 4 -781.299 107
CF3 10 49 0 -804.193 111
CF3 10 49 1 -799.267 111
CF3 10 49 2 -799.547 111
CF3 10 49 3 -780.335 107
CF3 10 49 4 -780.006 107
CF3 10 50 0 -804.511 111
CF3 10 50 1 -799.297 111
CF3 10 50 2 -798.507 111
CF3 10 50 3 -798.918 111
CF3 10 50 4 -799.207 111
CF3 30 1 0 -755.659 103
CF3 30 1 1 -741.686 103
CF3 30 1 2 -734.269 101
CF3 30 1 3 -734.507 101
CF3 30 1 4 -735.225 101
CF3 30 2 0 -768.440 105
CF3 30 2 1 -761.094 105
CF3 30 2 2 -760.617 105
CF3 30 2 3 -745.004 102
CF3 30 2 4 -746.137 102
CF3 30 3 0 -773.150 106
CF3 30 3 1 -758.446 106
CF3 30 3 2 -761.928 106
CF3 30 3 3 -762.766 106
CF3 30 3 4 -753.031 105
CF3 30 4 0 -796.470 109
CF3 30 4 1 -778.185 109
CF3 30 4 2 -780.237 109
CF3 30 4 3 -781.020 109
CF3 30 4 4 -778.683 109
CF3 30 5 0 -815.904 113
CF3 30 5 1 -806.424 113
CF3 30 5 2 -789.241 109
CF3 30 5 3 -777.606 108
CF3 30 5 4 -778.061 108
CF3 30 6 0 -806.915 112
CF3 30 6 1 -792.197 112
CF3 30 6 2 -786.939 112
CF3 30 6 3 -788.149 112
CF3 30 6 4 -790.676 112
CF3 30 7 0 -827.188 116
CF3 30 7 1 -811.567 116
CF3 30 7 2 -798.457 113
CF3 30 7 3 -799.807 113
CF3 30 7 4 -799.239 113
CF3 30 8 0 -837.669 117
CF3 30 8 1 -823.168 117
CF3 30 8 2 -821.518 117
CF3 30 8 3 -822.337 117
CF3 30 8 4 -824.861 117
CF3 30 9 0 -858.960 121
CF3 30 9 1 -843.348 121
CF3 30 9 2 -832.651 118
CF3 30 9 3 -789.726 111
CF3 30 9 4 -790.963 111
CF3 30 10 0 -822.260 115
CF3 30 10 1 -807.882 115
CF3 30 10 2 -790.377 111
CF3 30 10 3 -790.779 111
CF3 30 10 4 -790.842 111
CF3 30 11 0 -822.305 115
CF3 30 11 1 -806.974 115
CF3 30 11 2 -808.487 115
CF3 30 11 3 -794.283 112
CF3 30 11 4 -795.009 112
CF3 30 12 0 -828.286 116
CF3 30 12 1 -812.785 116
CF3 30 12 2 -796.215 112
CF3 30 12 3 -782.439 109
CF3 30 12 4 -783.453 109
CF3 30 13 0 -814.458 113
CF3 30 13 1 -805.806 113
CF3 30 13 2 -787.223 109
CF3 30 13 3 -785.150 109
CF3 30 13 4 -789.221 109
CF3 30 14 0 -814.917 113
CF3 30 14 1 -794.610 113
CF3 30 14 2 -800.149 113
CF3 30 14 3 -782.449 110
CF3 30 14 4 -782.302 110
CF3 30 15 0 -818.243 114
CF3 30 15 1 -801.749 114
CF3 30 15 2 -788.511 111
CF3 30 15 3 -752.000 106
CF3 30 15 4 -751.503 106
CF3 30 16 0 -781.046 110
CF3 30 16 1 -767.062 110
CF3 30 16 2 -758.963 108
CF3 30 16 3 -735.322 103
CF3 30 16 4 -733.581 103
CF3 30 17 0 -760.024 107
CF3 30 17 1 -747.058 107
CF3 30 17 2 -733.038 104
CF3 30 17 3 -732.120 104
CF3 30 17 4 -733.638 104
CF3 30 18 0 -763.793 108
CF3 30 18 1 -748.075 108
CF3 30 18 2 -734.645 106
CF3 30 18 3 -738.024 105
CF3 30 18 4 -710.218 100
CF3 30 19 0 -743.801 104
CF3 30 19 1 -728.205 104
CF3 30 19 2 -730.124 104
CF3 30 19 3 -698.812 99
CF3 30 19 4 -690.584 98
CF3 30 20 0 -726.491 102
CF3 30 20 1 -720.956 102
CF3 30 20 2 -702.168 98
CF3 30 20 3 -701.522 98
CF3 30 20 4 -702.846 98
CF3 30 21 0 -725.951 102
CF3 30 21 1 -710.087 102
CF3 30 21 2 -712.920 102
CF3 30 21 3 -685.875 99
CF3 30 21 4 -685.834 97
CF3 30 22 0 -719.608 101
CF3 30 22 1 -707.332 101
CF3 30 22 2 -703.992 101
CF3 30 22 3 -689.703 98
CF3 30 22 4 -688.669 98
CF3 30 23 0 -723.161 102
CF3 30 23 1 -718.050 102
CF3 30 23 2 -700.474 98
CF3 30 23 3 -699.742 98
CF3 30 23 4 -699.634 98
CF3 30 24 0 -723.030 102
CF3 30 24 1 -709.399 102
CF3 30 24 2 -709.489 102
CF3 30 24 3 -705.354 102
CF3 30 24 4 -695.292 99
CF3 30 25 0 -727.937 103
CF3 30 25 1 -714.670 103
CF3 30 25 2 -714.724 103
CF3 30 25 3 -699.361 100
CF3 30 25 4 -698.975 100
CF3 30 26 0 -733.228 104
CF3 30 26 1 -716.635 104
CF3 30 26 2 -716.207 103
CF3 30 26 3 -685.415 98
CF3 30 26 4 -680.180 98
CF3 30 27 0 -714.455 102
CF3 30 27 1 -699.766 102
CF3 30 27 2 -699.877 102
CF3 30 27 3 -688.516 99
CF3 30 27 4 -684.782 99
CF3 30 28 0 -718.033 103
CF3 30 28 1 -701.516 103
CF3 30 28 2 -704.816 103
CF3 30 28 3 -700.825 103
CF3 30 28 4 -703.260 103
CF3 30 29 0 -737.239 107
CF3 30 29 1 -724.121 107
CF3 30 29 2 -710.418 105
CF3 30 29 3 -704.415 103
CF3 30 29 4 -684.308 100
CF3 30 30 0 -717.119 104
CF3 30 30 1 -708.962 104
CF3 30 30 2 -694.050 101
CF3 30 30 3 -695.567 101
CF3 30 30 4 -674.742 98
CF3 30 31 0 -698.319 101
CF3 30 31 1 -691.523 101
CF3 30 31 2 -684.491 101
CF3 30 31 3 -668.641 97
CF3 30 31 4 -661.822 96
CF3 30 32 0 -672.106 97
CF3 30 32 1 -658.528 97
CF3 30 32 2 -656.968 97
CF3 30 32 3 -639.277 93
CF3 30 32 4 -617.284 89
CF3 30 33 0 -647.334 93
CF3 30 33 1 -631.667 93
CF3 30 33 2 -632.785 93
CF3 30 33 3 -620.045 90
CF3 30 33 4 -621.274 90
CF3 30 34 0 -653.664 94
CF3 30 34 1 -640.078 94
CF3 30 34 2 -641.609 94
CF3 30 34 3 -624.619 90
CF3 30 34 4 -621.961 90
CF3 30 35 0 -651.794 94
CF3 30 35 1 -639.459 94
CF3 30 35 2 -621.586 92
CF3 30 35 3 -608.011 89
CF3 30 35 4 -608.316 89
CF3 30 36 0 -642.676 93
CF3 30 36 1 -627.856 93
CF3 30 36 2 -627.399 93
CF3 30 36 3 -606.415 88
CF3 30 36 4 -608.218 88
CF3 30 37 0 -641.034 92
CF3 30 37 1 -622.717 92
CF3 30 37 2 -620.294 91
CF3 30 37 3 -579.285 85
CF3 30 37 4 -579.765 85
CF3 30 38 0 -608.817 89
CF3 30 38 1 -590.892 89
CF3 30 38 2 -591.008 89
CF3 30 38 3 -593.639 89
CF3 30 38 4 -582.925 86
CF3 30 39 0 -615.296 90
CF3 30 39 1 -595.101 90
CF3 30 39 2 -598.780 90
CF3 30 39 3 -599.417 90
CF3 30 39 4 -587.412 87
CF3 30 40 0 -606.094 89
CF3 30 40 1 -589.882 89
CF3 30 40 2 -591.794 89
CF3 30 40 3 -556.687 84
CF3 30 40 4 -556.429 84
CF3 30 41 0 -590.712 88
CF3 30 41 1 -574.463 88
CF3 30 41 2 -574.800 88
CF3 30 41 3 -558.567 84
CF3 30 41 4 -547.050 83
CF3 30 42 0 -581.975 87
CF3 30 42 1 -567.653 87
CF3 30 42 2 -549.176 84
CF3 30 42 3 -545.601 83
CF3 30 42 4 -548.138 83
CF3 30 43 0 -578.417 87
CF3 30 43 1 -562.306 87
CF3 30 43 2 -562.342 87
CF3 30 43 3 -553.415 85
CF3 30 43 4 -541.589 84
CF3 30 44 0 -580.965 88
CF3 30 44 1 -566.445 88
CF3 30 44 2 -569.099 88
CF3 30 44 3 -550.877 85
CF3 30 44 4 -556.768 85
CF3 30 45 0 -587.748 89
CF3 30 45 1 -575.120 89
CF3 30 45 2 -563.516 87
CF3 30 45 3 -519.750 80
CF3 30 45 4 -496.475 74
CF3 30 46 0 -525.561 78
CF3 30 46 1 -508.798 78
CF3 30 46 2 -484.547 75
CF3 30 46 3 -478.614 74
CF3 30 46 4 -477.851 74
CF3 30 47 0 -514.309 78
CF3 30 47 1 -495.923 78
CF3 30 47 2 -498.504 78
CF3 30 47 3 -483.530 75
CF3 30 47 4 -484.287 75
CF3 30 48 0 -518.341 79
CF3 30 48 1 -499.069 79
CF3 30 48 2 -506.171 79
CF3 30 48 3 -483.963 75
CF3 30 48 4 -486.559 75
CF3 30 49 0 -520.560 79
CF3 30 49 1 -504.423 79
CF3 30 49 2 -505.425 79
CF3 30 49 3 -501.670 78
CF3 30 49 4 -488.326 77
CF3 30 50 0 -526.813 81
CF3 30 50 1 -513.299 81
CF3 30 50 2 -500.764 80
CF3 30 50 3 -497.021 79
CF3 30 50 4 -471.947 76
CH2F 10 1 0 -754.729 103
CH2F 10 1 1 -752.554 103
CH2F 10 1 2 -752.264 103
CH2F 10 1 3 -751.507 103
CH2F 10 1 4 -753.315 103
CH2F 10 2 0 -778.359 107
CH2F 10 2 1 -773.974 107
CH2F 10 2 2 -757.770 104
CH2F 10 2 3 -756.495 103
CH2F 10 2 4 -757.438 103
CH2F 10 3 0 -778.023 107
CH2F 10 3 1 -774.607 107
CH2F 10 3 2 -774.744 107
CH2F 10 3 3 -764.216 104
CH2F 10 3 4 -762.547 104
CH2F 10 4 0 -785.423 108
CH2F 10 4 1 -778.209 108
CH2F 10 4 2 -780.323 108
CH2F 10 4 3 -760.120 103
CH2F 10 4 4 -759.872 103
CH2F 10 5 0 -780.473 107
CH2F 10 5 1 -776.181 107
CH2F 10 5 2 -777.230 107
CH2F 10 5 3 -776.754 107
CH2F 10 5 4 -778.775 107
CH2F 10 6 0 -802.358 111
CH2F 10 6 1 -800.350 111
CH2F 10 6 2 -799.317 111
CH2F 10 6 3 -799.389 111
CH2F 10 6 4 -799.250 111
CH2F 10 7 0 -825.846 115
CH2F 10 7 1 -819.721 115
CH2F 10 7 2 -821.385 115
CH2F 10 7 3 -820.916 115
CH2F 10 7 4 -823.063 115
CH2F 10 8 0 -845.323 119
CH2F 10 8 1 -840.806 119
CH2F 10 8 2 -823.474 115
CH2F 10 8 3 -823.074 115
CH2F 10 8 4 -822.873 115
CH2F 10 9 0 -846.638 119
CH2F 10 9 1 -840.901 119
CH2F 10 9 2 -824.138 116
CH2F 10 9 3 -822.380 115
CH2F 10 9 4 -824.314 115
CH2F 10 10 0 -844.918 119
CH2F 10 10 1 -843.837 119
CH2F 10 10 2 -841.746 119
CH2F 10 10 3 -841.711 119
CH2F 10 10 4 -833.736 117
CH2F 10 11 0 -858.691 121
CH2F 10 11 1 -852.789 121
CH2F 10 11 2 -837.086 117
CH2F 10 11 3 -829.183 115
CH2F 10 11 4 -828.899 115
CH2F 10 12 0 -850.830 119
CH2F 10 12 1 -847.904 119
CH2F 10 12 2 -844.478 119
CH2F 10 12 3 -838.113 117
CH2F 10 12 4 -839.364 117
CH2F 10 13 0 -859.821 121
CH2F 10 13 1 -860.183 121
CH2F 10 13 2 -841.316 117
CH2F 10 13 3 -840.958 117
CH2F 10 13 4 -842.019 117
CH2F 10 14 0 -862.363 121
CH2F 10 14 1 -860.063 121
CH2F 10 14 2 -843.060 117
CH2F 10 14 3 -841.180 117
CH2F 10 14 4 -841.604 117
CH2F 10 15 0 -864.054 121
CH2F 10 15 1 -861.602 121
CH2F 10 15 2 -862.068 121
CH2F 10 15 3 -861.698 121
CH2F 10 15 4 -862.438 121
CH2F 10 16 0 -886.013 125
CH2F 10 16 1 -882.925 125
CH2F 10 16 2 -864.302 121
CH2F 10 16 3 -856.360 119
CH2F 10 16 4 -856.991 119
CH2F 10 17 0 -878.018 123
CH2F 10 17 1 -875.885 123
CH2F 10 17 2 -873.911 123
CH2F 10 17 3 -851.424 118
CH2F 10 17 4 -852.220 118
CH2F 10 18 0 -873.061 122
CH2F 10 18 1 -866.871 122
CH2F 10 18 2 -869.018 122
CH2F 10 18 3 -869.752 122
CH2F 10 18 4 -870.853 122
CH2F 10 19 0 -892.610 126
CH2F 10 19 1 -889.713 126
CH2F 10 19 2 -871.988 122
CH2F 10 19 3 -872.207 122
CH2F 10 19 4 -872.510 122
CH2F 10 20 0 -892.335 126
CH2F 10 20 1 -888.775 126
CH2F 10 20 2 -868.051 121
CH2F 10 20 3 -868.060 121
CH2F 10 20 4 -867.805 121
CH2F 10 21 0 -887.951 125
CH2F 10 21 1 -887.006 125
CH2F 10 21 2 -867.179 121
CH2F 10 21 3 -867.488 121
CH2F 10 21 4 -867.428 121
CH2F 10 22 0 -888.459 125
CH2F 10 22 1 -885.671 125
CH2F 10 22 2 -886.234 125
CH2F 10 22 3 -866.696 121
CH2F 10 22 4 -868.395 121
CH2F 10 23 0 -890.103 125
CH2F 10 23 1 -888.595 125
CH2F 10 23 2 -870.644 121
CH2F 10 23 3 -871.030 121
CH2F 10 23 4 -870.434 121
CH2F 10 24 0 -890.977 125
CH2F 10 24 1 -887.434 125
CH2F 10 24 2 -868.243 121
CH2F 10 24 3 -865.755 121
CH2F 10 24 4 -868.758 121
CH2F 10 25 0 -889.251 125
CH2F 10 25 1 -884.090 125
CH2F 10 25 2 -867.154 121
CH2F 10 25 3 -868.147 121
CH2F 10 25 4 -867.901 121
CH2F 10 26 0 -889.446 125
CH2F 10 26 1 -885.590 125
CH2F 10 26 2 -868.281 121
CH2F 10 26 3 -868.726 121
CH2F 10 26 4 -869.250 121
CH2F 10 27 0 -889.467 125
CH2F 10 27 1 -887.252 125
CH2F 10 27 2 -886.923 125
CH2F 10 27 3 -885.129 125
CH2F 10 27 4 -889.211 125
CH2F 10 28 0 -913.809 129
CH2F 10 28 1 -908.643 129
CH2F 10 28 2 -887.379 125
CH2F 10 28 3 -889.812 125
CH2F 10 28 4 -888.914 125
CH2F 10 29 0 -912.588 129
CH2F 10 29 1 -907.537 129
CH2F 10 29 2 -910.354 129
CH2F 10 29 3 -902.434 128
CH2F 10 29 4 -891.892 126
CH2F 10 30 0 -910.035 128
CH2F 10 30 1 -908.110 128
CH2F 10 30 2 -907.305 128
CH2F 10 30 3 -888.642 124
CH2F 10 30 4 -889.955 124
CH2F 10 31 0 -909.927 128
CH2F 10 31 1 -907.731 128
CH2F 10 31 2 -907.364 128
CH2F 10 31 3 -907.963 128
CH2F 10 31 4 -905.340 128
CH2F 10 32 0 -931.162 132
CH2F 10 32 1 -927.983 132
CH2F 10 32 2 -927.786 132
CH2F 10 32 3 -927.335 132
CH2F 10 32 4 -929.120 132
CH2F 10 33 0 -952.563 136
CH2F 10 33 1 -948.815 136
CH2F 10 33 2 -947.333 136
CH2F 10 33 3 -929.893 132
CH2F 10 33 4 -930.511 132
CH2F 10 34 0 -954.834 136
CH2F 10 34 1 -945.639 136
CH2F 10 34 2 -927.576 131
CH2F 10 34 3 -927.533 131
CH2F 10 34 4 -925.307 131
CH2F 10 35 0 -949.265 135
CH2F 10 35 1 -943.334 135
CH2F 10 35 2 -943.741 135
CH2F 10 35 3 -927.924 131
CH2F 10 35 4 -926.468 131
CH2F 10 36 0 -950.161 135
CH2F 10 36 1 -942.941 135
CH2F 10 36 2 -922.831 130
CH2F 10 36 3 -921.967 130
CH2F 10 36 4 -921.039 130
CH2F 10 37 0 -944.552 134
CH2F 10 37 1 -939.518 134
CH2F 10 37 2 -920.620 130
CH2F 10 37 3 -922.918 130
CH2F 10 37 4 -922.634 130
CH2F 10 38 0 -944.204 134
CH2F 10 38 1 -938.968 134
CH2F 10 38 2 -921.169 130
CH2F 10 38 3 -922.543 130
CH2F 10 38 4 -920.184 130
CH2F 10 39 0 -944.587 134
CH2F 10 39 1 -937.919 134
CH2F 10 39 2 -939.471 134
CH2F 10 39 3 -921.559 130
CH2F 10 39 4 -921.060 130
CH2F 10 40 0 -944.279 134
CH2F 10 40 1 -940.692 134
CH2F 10 40 2 -938.947 134
CH2F 10 40 3 -917.866 129
CH2F 10 40 4 -917.957 129
CH2F 10 41 0 -940.616 133
CH2F 10 41 1 -936.521 133
CH2F 10 41 2 -935.419 133
CH2F 10 41 3 -936.007 133
CH2F 10 41 4 -933.883 133
CH2F 10 42 0 -959.006 137
CH2F 10 42 1 -956.085 137
CH2F 10 42 2 -936.665 133
CH2F 10 42 3 -938.358 133
CH2F 10 42 4 -936.589 133
CH2F 10 43 0 -959.240 137
CH2F 10 43 1 -957.740 137
CH2F 10 43 2 -933.909 132
CH2F 10 43 3 -933.966 132
CH2F 10 43 4 -934.243 132
CH2F 10 44 0 -955.086 136
CH2F 10 44 1 -950.486 136
CH2F 10 44 2 -951.203 136
CH2F 10 44 3 -951.033 136
CH2F 10 44 4 -952.160 136
CH2F 10 45 0 -974.712 140
CH2F 10 45 1 -974.070 140
CH2F 10 45 2 -954.202 136
CH2F 10 45 3 -955.330 136
CH2F 10 45 4 -956.461 136
CH2F 10 46 0 -975.075 140
CH2F 10 46 1 -972.619 140
CH2F 10 46 2 -954.326 136
CH2F 10 46 3 -953.947 136
CH2F 10 46 4 -952.725 136
CH2F 10 47 0 -976.053 140
CH2F 10 47 1 -971.906 140
CH2F 10 47 2 -955.683 136
CH2F 10 47 3 -953.659 136
CH2F 10 47 4 -955.598 136
CH2F 10 48 0 -975.480 140
CH2F 10 48 1 -970.010 140
CH2F 10 48 2 -970.503 140
CH2F 10 48 3 -966.067 139
CH2F 10 48 4 -964.941 139
CH2F 10 49 0 -989.007 143
CH2F 10 49 1 -983.946 143
CH2F 10 49 2 -967.507 139
CH2F 10 49 3 -969.735 139
CH2F 10 49 4 -968.834 139
CH2F 10 50 0 -990.650 143
CH2F 10 50 1 -987.737 143
CH2F 10 50 2 -980.848 142
CH2F 10 50 3 -972.788 139
CH2F 10 50 4 -970.755 139
CH2F 30 1 0 -754.729 103
CH2F 30 1 1 -740.450 103
CH2F 30 1 2 -737.816 103
CH2F 30 1 3 -740.835 103
CH2F 30 1 4 -738.650 103
CH2F 30 2 0 -775.270 107
CH2F 30 2 1 -757.685 107
CH2F 30 2 2 -763.423 107
CH2F 30 2 3 -761.311 107
CH2F 30 2 4 -761.283 107
CH2F 30 3 0 -799.668 111
CH2F 30 3 1 -781.066 111
CH2F 30 3 2 -782.365 111
CH2F 30 3 3 -783.145 111
CH2F 30 3 4 -782.432 111
CH2F 30 4 0 -821.745 115
CH2F 30 4 1 -804.412 115
CH2F 30 4 2 -790.248 112
CH2F 30 4 3 -776.872 109
CH2F 30 4 4 -776.863 109
CH2F 30 5 0 -811.178 113
CH2F 30 5 1 -802.113 113
CH2F 30 5 2 -782.824 109
CH2F 30 5 3 -777.199 107
CH2F 30 5 4 -774.585 107
CH2F 30 6 0 -802.125 111
CH2F 30 6 1 -786.693 111
CH2F 30 6 2 -784.772 111
CH2F 30 6 3 -784.628 111
CH2F 30 6 4 -786.549 111
CH2F 30 7 0 -818.542 115
CH2F 30 7 1 -802.179 115
CH2F 30 7 2 -786.725 113
CH2F 30 7 3 -785.333 113
CH2F 30 7 4 -786.888 113
CH2F 30 8 0 -822.179 117
CH2F 30 8 1 -806.905 117
CH2F 30 8 2 -796.210 114
CH2F 30 8 3 -793.765 114
CH2F 30 8 4 -793.991 114
CH2F 30 9 0 -826.587 118
CH2F 30 9 1 -809.140 118
CH2F 30 9 2 -812.081 118
CH2F 30 9 3 -805.638 116
CH2F 30 9 4 -805.272 116
CH2F 30 10 0 -838.099 120
CH2F 30 10 1 -824.991 120
CH2F 30 10 2 -824.111 120
CH2F 30 10 3 -822.175 120
CH2F 30 10 4 -817.343 118
CH2F 30 11 0 -851.884 122
CH2F 30 11 1 -839.001 122
CH2F 30 11 2 -818.045 118
CH2F 30 11 3 -818.801 118
CH2F 30 11 4 -820.714 118
CH2F 30 12 0 -851.091 122
CH2F 30 12 1 -834.745 122
CH2F 30 12 2 -819.302 118
CH2F 30 12 3 -818.234 118
CH2F 30 12 4 -819.087 118
CH2F 30 13 0 -847.483 122
CH2F 30 13 1 -832.361 122
CH2F 30 13 2 -816.876 119
CH2F 30 13 3 -797.602 115
CH2F 30 13 4 -800.056 115
CH2F 30 14 0 -829.204 119
CH2F 30 14 1 -812.866 119
CH2F 30 14 2 -817.021 119
CH2F 30 14 3 -799.039 115
CH2F 30 14 4 -801.686 115
CH2F 30 15 0 -835.757 119
CH2F 30 15 1 -820.713 119
CH2F 30 15 2 -819.921 119
CH2F 30 15 3 -820.356 119
CH2F 30 15 4 -820.488 119
CH2F 30 16 0 -858.094 123
CH2F 30 16 1 -840.460 123
CH2F 30 16 2 -820.191 120
CH2F 30 16 3 -820.314 120
CH2F 30 16 4 -819.858 120
CH2F 30 17 0 -832.092 121
CH2F 30 17 1 -810.296 121
CH2F 30 17 2 -809.846 120
CH2F 30 17 3 -814.763 120
CH2F 30 17 4 -793.692 117
CH2F 30 18 0 -829.975 121
CH2F 30 18 1 -811.402 121
CH2F 30 18 2 -806.343 119
CH2F 30 18 3 -797.537 117
CH2F 30 18 4 -757.304 110
CH2F 30 19 0 -796.765 114
CH2F 30 19 1 -778.333 114
CH2F 30 19 2 -775.408 113
CH2F 30 19 3 -764.683 111
CH2F 30 19 4 -763.960 111
CH2F 30 20 0 -799.021 115
CH2F 30 20 1 -785.027 115
CH2F 30 20 2 -766.322 111
CH2F 30 20 3 -749.993 108
CH2F 30 20 4 -749.448 108
CH2F 30 21 0 -779.776 112
CH2F 30 21 1 -767.054 112
CH2F 30 21 2 -729.194 105
CH2F 30 21 3 -727.064 105
CH2F 30 21 4 -729.639 105
CH2F 30 22 0 -758.316 109
CH2F 30 22 1 -742.413 109
CH2F 30 22 2 -743.892 109
CH2F 30 22 3 -746.782 109
CH2F 30 22 4 -743.975 109
CH2F 30 23 0 -780.399 113
CH2F 30 23 1 -761.289 113
CH2F 30 23 2 -763.931 113
CH2F 30 23 3 -752.236 111
CH2F 30 23 4 -751.573 110
CH2F 30 24 0 -783.931 114
CH2F 30 24 1 -768.097 114
CH2F 30 24 2 -768.750 114
CH2F 30 24 3 -771.622 114
CH2F 30 24 4 -770.458 114
CH2F 30 25 0 -806.943 118
CH2F 30 25 1 -790.465 118
CH2F 30 25 2 -790.050 118
CH2F 30 25 3 -791.896 118
CH2F 30 25 4 -792.187 118
CH2F 30 26 0 -826.263 122
CH2F 30 26 1 -808.269 122
CH2F 30 26 2 -807.449 122
CH2F 30 26 3 -799.884 120
CH2F 30 26 4 -802.367 120
CH2F 30 27 0 -834.220 124
CH2F 30 27 1 -807.148 124
CH2F 30 27 2 -811.627 122
CH2F 30 27 3 -807.048 120
CH2F 30 27 4 -804.230 120
CH2F 30 28 0 -836.970 124
CH2F 30 28 1 -821.437 124
CH2F 30 28 2 -820.224 124
CH2F 30 28 3 -813.205 123
CH2F 30 28 4 -809.158 122
CH2F 30 29 0 -849.067 126
CH2F 30 29 1 -834.576 126
CH2F 30 29 2 -831.111 125
CH2F 30 29 3 -828.224 125
CH2F 30 29 4 -828.587 125
CH2F 30 30 0 -865.090 129
CH2F 30 30 1 -853.533 129
CH2F 30 30 2 -843.532 126
CH2F 30 30 3 -843.916 126
CH2F 30 30 4 -844.940 126
CH2F 30 31 0 -870.561 130
CH2F 30 31 1 -867.138 130
CH2F 30 31 2 -850.895 126
CH2F 30 31 3 -848.697 126
CH2F 30 31 4 -850.003 126
CH2F 30 32 0 -873.704 130
CH2F 30 32 1 -859.453 130
CH2F 30 32 2 -842.746 126
CH2F 30 32 3 -840.091 126
CH2F 30 32 4 -840.769 126
CH2F 30 33 0 -868.505 130
CH2F 30 33 1 -855.097 130
CH2F 30 33 2 -856.510 130
CH2F 30 33 3 -854.976 130
CH2F 30 33 4 -854.923 130
CH2F 30 34 0 -890.586 134
CH2F 30 34 1 -875.252 134
CH2F 30 34 2 -875.016 134
CH2F 30 34 3 -875.042 134
CH2F 30 34 4 -873.743 134
CH2F 30 35 0 -910.846 138
CH2F 30 35 1 -896.647 138
CH2F 30 35 2 -881.290 134
CH2F 30 35 3 -879.390 133
CH2F 30 35 4 -867.765 132
CH2F 30 36 0 -902.694 136
CH2F 30 36 1 -879.347 135
CH2F 30 36 2 -881.038 135
CH2F 30 36 3 -878.348 135
CH2F 30 36 4 -877.643 135
CH2F 30 37 0 -893.528 135
CH2F 30 37 1 -883.641 135
CH2F 30 37 2 -867.312 133
CH2F 30 37 3 -841.756 130
CH2F 30 37 4 -797.894 122
CH2F 30 38 0 -828.753 125
CH2F 30 38 1 -813.599 125
CH2F 30 38 2 -818.685 125
CH2F 30 38 3 -796.645 121
CH2F 30 38 4 -786.661 118
CH2F 30 39 0 -817.551 121
CH2F 30 39 1 -803.390 121
CH2F 30 39 2 -800.837 121
CH2F 30 39 3 -774.918 115
CH2F 30 39 4 -755.510 112
CH2F 30 40 0 -790.724 116
CH2F 30 40 1 -775.439 116
CH2F 30 40 2 -776.388 116
CH2F 30 40 3 -775.750 115
CH2F 30 40 4 -754.263 111
CH2F 30 41 0 -788.573 115
CH2F 30 41 1 -771.519 115
CH2F 30 41 2 -753.430 112
CH2F 30 41 3 -756.658 112
CH2F 30 41 4 -756.381 112
CH2F 30 42 0 -791.063 116
CH2F 30 42 1 -772.031 116
CH2F 30 42 2 -775.660 116
CH2F 30 42 3 -670.273 97
CH2F 30 42 4 -670.459 97
CH2F 30 43 0 -696.163 101
CH2F 30 43 1 -677.152 101
CH2F 30 43 2 -666.829 100
CH2F 30 43 3 -669.237 100
CH2F 30 43 4 -615.359 94
CH2F 30 44 0 -652.903 98
CH2F 30 44 1 -633.987 98
CH2F 30 44 2 -638.030 98
CH2F 30 44 3 -636.939 98
CH2F 30 44 4 -635.456 98
CH2F 30 45 0 -676.330 102
CH2F 30 45 1 -658.485 102
CH2F 30 45 2 -660.785 102
CH2F 30 45 3 -649.650 100
CH2F 30 45 4 -641.344 97
CH2F 30 46 0 -671.676 101
CH2F 30 46 1 -653.181 101
CH2F 30 46 2 -657.807 101
CH2F 30 46 3 -658.008 101
CH2F 30 46 4 -647.529 99
CH2F 30 47 0 -682.436 103
CH2F 30 47 1 -668.807 103
CH2F 30 47 2 -659.205 102
CH2F 30 47 3 -656.643 102
CH2F 30 47 4 -657.181 102
CH2F 30 48 0 -692.759 106
CH2F 30 48 1 -678.023 106
CH2F 30 48 2 -677.354 106
CH2F 30 48 3 -681.154 106
CH2F 30 48 4 -652.806 101
CH2F 30 49 0 -687.216 105
CH2F 30 49 1 -666.904 105
CH2F 30 49 2 -651.729 102
CH2F 30 49 3 -641.929 102
CH2F 30 49 4 -646.377 100
CH2F 30 50 0 -682.252 104
CH2F 30 50 1 -663.880 103
CH2F 30 50 2 -660.836 103
CH2F 30 50 3 -645.749 100
CH2F 30 50 4 -646.628 100
CHF2 10 1 0 -755.162 103
CHF2 10 1 1 -752.247 103
CHF2 10 1 2 -753.153 103
CHF2 10 1 3 -753.156 103
CHF2 10 1 4 -753.947 103
CHF2 10 2 0 -779.732 107
CHF2 10 2 1 -775.341 107
CHF2 10 2 2 -777.932 107
CHF2 10 2 3 -758.713 103
CHF2 10 2 4 -758.855 103
CHF2 10 3 0 -779.544 107
CHF2 10 3 1 -776.546 107
CHF2 10 3 2 -775.330 107
CHF2 10 3 3 -776.992 107
CHF2 10 3 4 -774.974 107
CHF2 10 4 0 -802.333 111
CHF2 10 4 1 -798.665 111
CHF2 10 4 2 -799.919 111
CHF2 10 4 3 -781.144 107
CHF2 10 4 4 -780.958 107
CHF2 10 5 0 -803.577 111
CHF2 10 5 1 -801.480 111
CHF2 10 5 2 -795.955 110
CHF2 10 5 3 -783.314 107
CHF2 10 5 4 -783.291 107
CHF2 10 6 0 -803.348 111
CHF2 10 6 1 -796.049 111
CHF2 10 6 2 -798.397 111
CHF2 10 6 3 -797.673 111
CHF2 10 6 4 -801.771 111
CHF2 10 7 0 -824.433 115
CHF2 10 7 1 -820.475 115
CHF2 10 7 2 -801.387 111
CHF2 10 7 3 -801.662 111
CHF2 10 7 4 -801.207 111
CHF2 10 8 0 -824.163 115
CHF2 10 8 1 -819.987 115
CHF2 10 8 2 -819.636 115
CHF2 10 8 3 -801.653 111
CHF2 10 8 4 -800.840 111
CHF2 10 9 0 -824.824 115
CHF2 10 9 1 -818.483 115
CHF2 10 9 2 -809.108 113
CHF2 10 9 3 -802.949 111
CHF2 10 9 4 -801.925 111
CHF2 10 10 0 -824.292 115
CHF2 10 10 1 -820.572 115
CHF2 10 10 2 -820.146 115
CHF2 10 10 3 -801.096 111
CHF2 10 10 4 -801.946 111
CHF2 10 11 0 -824.795 115
CHF2 10 11 1 -822.717 115
CHF2 10 11 2 -821.498 115
CHF2 10 11 3 -798.260 110
CHF2 10 11 4 -798.298 110
CHF2 10 12 0 -819.309 114
CHF2 10 12 1 -814.554 114
CHF2 10 12 2 -817.317 114
CHF2 10 12 3 -817.342 114
CHF2 10 12 4 -818.078 114
CHF2 10 13 0 -843.753 118
CHF2 10 13 1 -841.610 118
CHF2 10 13 2 -823.546 115
CHF2 10 13 3 -823.527 114
CHF2 10 13 4 -822.884 114
CHF2 10 14 0 -844.100 118
CHF2 10 14 1 -841.313 118
CHF2 10 14 2 -822.140 114
CHF2 10 14 3 -821.963 114
CHF2 10 14 4 -821.360 114
CHF2 10 15 0 -844.142 118
CHF2 10 15 1 -839.599 118
CHF2 10 15 2 -834.544 117
CHF2 10 15 3 -821.203 114
CHF2 10 15 4 -821.937 114
CHF2 10 16 0 -845.912 118
CHF2 10 16 1 -840.488 118
CHF2 10 16 2 -841.575 118
CHF2 10 16 3 -821.450 114
CHF2 10 16 4 -822.312 114
CHF2 10 17 0 -845.983 118
CHF2 10 17 1 -840.195 118
CHF2 10 17 2 -841.419 118
CHF2 10 17 3 -828.957 115
CHF2 10 17 4 -829.173 115
CHF2 10 18 0 -853.236 119
CHF2 10 18 1 -850.008 119
CHF2 10 18 2 -825.269 114
CHF2 10 18 3 -825.989 114
CHF2 10 18 4 -825.427 114
CHF2 10 19 0 -847.354 118
CHF2 10 19 1 -844.770 118
CHF2 10 19 2 -823.185 115
CHF2 10 19 3 -821.108 113
CHF2 10 19 4 -821.604 113
CHF2 10 20 0 -842.449 117
CHF2 10 20 1 -836.597 117
CHF2 10 20 2 -838.537 117
CHF2 10 20 3 -840.203 117
CHF2 10 20 4 -840.305 117
CHF2 10 21 0 -866.541 121
CHF2 10 21 1 -862.494 121
CHF2 10 21 2 -850.862 119
CHF2 10 21 3 -844.453 117
CHF2 10 21 4 -843.909 117
CHF2 10 22 0 -865.678 121
CHF2 10 22 1 -860.839 121
CHF2 10 22 2 -838.662 117
CHF2 10 22 3 -837.169 116
CHF2 10 22 4 -836.546 116
CHF2 10 23 0 -859.922 120
CHF2 10 23 1 -858.284 120
CHF2 10 23 2 -852.039 119
CHF2 10 23 3 -839.643 116
CHF2 10 23 4 -838.673 116
CHF2 10 24 0 -860.044 120
CHF2 10 24 1 -853.149 120
CHF2 10 24 2 -854.599 120
CHF2 10 24 3 -846.343 118
CHF2 10 24 4 -846.547 118
CHF2 10 25 0 -871.400 122
CHF2 10 25 1 -866.413 122
CHF2 10 25 2 -867.979 122
CHF2 10 25 3 -848.351 118
CHF2 10 25 4 -848.574 118
CHF2 10 26 0 -870.346 122
CHF2 10 26 1 -866.534 122
CHF2 10 26 2 -859.613 121
CHF2 10 26 3 -842.408 117
CHF2 10 26 4 -842.674 117
CHF2 10 27 0 -864.824 121
CHF2 10 27 1 -860.833 121
CHF2 10 27 2 -862.041 121
CHF2 10 27 3 -842.894 117
CHF2 10 27 4 -843.572 117
CHF2 10 28 0 -868.853 121
CHF2 10 28 1 -863.589 121
CHF2 10 28 2 -863.160 121
CHF2 10 28 3 -845.397 117
CHF2 10 28 4 -844.480 117
CHF2 10 29 0 -868.618 121
CHF2 10 29 1 -864.281 121
CHF2 10 29 2 -864.525 121
CHF2 10 29 3 -846.154 117
CHF2 10 29 4 -847.141 117
CHF2 10 30 0 -869.679 121
CHF2 10 30 1 -867.715 121
CHF2 10 30 2 -850.555 117
CHF2 10 30 3 -849.744 117
CHF2 10 30 4 -848.868 117
CHF2 10 31 0 -869.388 121
CHF2 10 31 1 -863.626 121
CHF2 10 31 2 -864.689 121
CHF2 10 31 3 -857.344 120
CHF2 10 31 4 -846.745 117
CHF2 10 32 0 -869.797 121
CHF2 10 32 1 -865.083 121
CHF2 10 32 2 -843.855 117
CHF2 10 32 3 -842.948 117
CHF2 10 32 4 -842.811 116
CHF2 10 33 0 -863.259 120
CHF2 10 33 1 -860.139 120
CHF2 10 33 2 -841.101 117
CHF2 10 33 3 -840.922 116
CHF2 10 33 4 -841.357 116
CHF2 10 34 0 -863.790 120
CHF2 10 34 1 -861.899 120
CHF2 10 34 2 -858.329 120
CHF2 10 34 3 -842.793 116
CHF2 10 34 4 -841.100 116
CHF2 10 35 0 -863.111 120
CHF2 10 35 1 -860.131 120
CHF2 10 35 2 -856.577 120
CHF2 10 35 3 -858.356 120
CHF2 10 35 4 -859.564 120
CHF2 10 36 0 -884.330 124
CHF2 10 36 1 -879.979 124
CHF2 10 36 2 -871.912 123
CHF2 10 36 3 -859.595 120
CHF2 10 36 4 -862.574 120
CHF2 10 37 0 -883.171 124
CHF2 10 37 1 -878.275 124
CHF2 10 37 2 -878.781 124
CHF2 10 37 3 -858.730 120
CHF2 10 37 4 -858.196 120
CHF2 10 38 0 -882.252 124
CHF2 10 38 1 -879.677 124
CHF2 10 38 2 -878.414 124
CHF2 10 38 3 -861.282 120
CHF2 10 38 4 -861.356 120
CHF2 10 39 0 -883.217 124
CHF2 10 39 1 -879.883 124
CHF2 10 39 2 -862.231 120
CHF2 10 39 3 -860.263 120
CHF2 10 39 4 -861.183 120
CHF2 10 40 0 -885.533 124
CHF2 10 40 1 -880.084 124
CHF2 10 40 2 -880.202 124
CHF2 10 40 3 -860.689 120
CHF2 10 40 4 -861.211 120
CHF2 10 41 0 -886.323 124
CHF2 10 41 1 -881.700 124
CHF2 10 41 2 -880.918 124
CHF2 10 41 3 -862.641 120
CHF2 10 41 4 -863.675 120
CHF2 10 42 0 -888.401 124
CHF2 10 42 1 -884.416 124
CHF2 10 42 2 -864.431 120
CHF2 10 42 3 -866.186 120
CHF2 10 42 4 -866.669 120
CHF2 10 43 0 -889.335 124
CHF2 10 43 1 -882.606 124
CHF2 10 43 2 -884.708 124
CHF2 10 43 3 -883.576 124
CHF2 10 43 4 -883.887 124
CHF2 10 44 0 -907.723 128
CHF2 10 44 1 -902.516 128
CHF2 10 44 2 -884.785 125
CHF2 10 44 3 -870.607 122
CHF2 10 44 4 -872.208 122
CHF2 10 45 0 -892.630 126
CHF2 10 45 1 -891.080 126
CHF2 10 45 2 -872.659 122
CHF2 10 45 3 -872.125 122
CHF2 10 45 4 -872.392 122
CHF2 10 46 0 -892.568 126
CHF2 10 46 1 -888.880 126
CHF2 10 46 2 -871.916 123
CHF2 10 46 3 -869.829 122
CHF2 10 46 4 -871.717 122
CHF2 10 47 0 -893.227 126
CHF2 10 47 1 -887.338 126
CHF2 10 47 2 -888.181 126
CHF2 10 47 3 -887.214 126
CHF2 10 47 4 -870.192 122
CHF2 10 48 0 -891.974 126
CHF2 10 48 1 -889.511 126
CHF2 10 48 2 -889.754 126
CHF2 10 48 3 -889.475 126
CHF2 10 48 4 -890.275 126
CHF2 10 49 0 -914.775 130
CHF2 10 49 1 -909.753 130
CHF2 10 49 2 -905.759 129
CHF2 10 49 3 -891.640 126
CHF2 10 49 4 -891.810 126
CHF2 10 50 0 -914.082 130
CHF2 10 50 1 -911.286 130
CHF2 10 50 2 -888.135 126
CHF2 10 50 3 -886.901 125
CHF2 10 50 4 -886.600 125
CHF2 30 1 0 -755.163 103
CHF2 30 1 1 -739.117 103
CHF2 30 1 2 -740.451 103
CHF2 30 1 3 -742.799 103
CHF2 30 1 4 -740.679 103
CHF2 30 2 0 -780.097 107
CHF2 30 2 1 -772.908 107
CHF2 30 2 2 -755.365 104
CHF2 30 2 3 -755.623 104
CHF2 30 2 4 -755.761 104
CHF2 30 3 0 -783.864 108
CHF2 30 3 1 -767.176 108
CHF2 30 3 2 -768.669 108
CHF2 30 3 3 -770.511 108
CHF2 30 3 4 -771.440 108
CHF2 30 4 0 -811.347 112
CHF2 30 4 1 -791.014 112
CHF2 30 4 2 -781.455 110
CHF2 30 4 3 -774.496 108
CHF2 30 4 4 -777.392 108
CHF2 30 5 0 -802.395 111
CHF2 30 5 1 -786.342 111
CHF2 30 5 2 -775.602 108
CHF2 30 5 3 -776.421 108
CHF2 30 5 4 -777.810 108
CHF2 30 6 0 -810.503 112
CHF2 30 6 1 -795.033 112
CHF2 30 6 2 -794.176 112
CHF2 30 6 3 -794.884 112
CHF2 30 6 4 -795.162 112
CHF2 30 7 0 -830.319 116
CHF2 30 7 1 -814.606 116
CHF2 30 7 2 -806.430 114
CHF2 30 7 3 -795.026 113
CHF2 30 7 4 -773.966 108
CHF2 30 8 0 -806.010 112
CHF2 30 8 1 -789.828 112
CHF2 30 8 2 -782.825 110
CHF2 30 8 3 -785.550 110
CHF2 30 8 4 -785.829 110
CHF2 30 9 0 -819.886 114
CHF2 30 9 1 -801.067 114
CHF2 30 9 2 -806.007 114
CHF2 30 9 3 -808.760 114
CHF2 30 9 4 -806.980 114
CHF2 30 10 0 -842.300 118
CHF2 30 10 1 -824.992 118
CHF2 30 10 2 -825.561 118
CHF2 30 10 3 -825.753 118
CHF2 30 10 4 -825.352 118
CHF2 30 11 0 -863.269 122
CHF2 30 11 1 -845.673 122
CHF2 30 11 2 -846.161 122
CHF2 30 11 3 -835.975 120
CHF2 30 11 4 -764.136 109
CHF2 30 12 0 -801.859 113
CHF2 30 12 1 -784.148 113
CHF2 30 12 2 -768.227 110
CHF2 30 12 3 -769.330 109
CHF2 30 12 4 -767.586 109
CHF2 30 13 0 -799.524 113
CHF2 30 13 1 -781.306 113
CHF2 30 13 2 -780.018 112
CHF2 30 13 3 -784.207 112
CHF2 30 13 4 -782.018 112
CHF2 30 14 0 -812.803 116
CHF2 30 14 1 -797.317 116
CHF2 30 14 2 -798.781 116
CHF2 30 14 3 -780.848 113
CHF2 30 14 4 -783.214 113
CHF2 30 15 0 -818.044 117
CHF2 30 15 1 -794.440 117
CHF2 30 15 2 -799.669 117
CHF2 30 15 3 -785.507 115
CHF2 30 15 4 -780.687 113
CHF2 30 16 0 -818.287 117
CHF2 30 16 1 -799.378 117
CHF2 30 16 2 -801.906 117
CHF2 30 16 3 -802.355 117
CHF2 30 16 4 -804.022 117
CHF2 30 17 0 -838.207 121
CHF2 30 17 1 -820.203 121
CHF2 30 17 2 -816.926 119
CHF2 30 17 3 -787.653 114
CHF2 30 17 4 -774.298 111
CHF2 30 18 0 -808.413 115
CHF2 30 18 1 -789.667 115
CHF2 30 18 2 -789.855 114
CHF2 30 18 3 -757.342 110
CHF2 30 18 4 -745.322 107
CHF2 30 19 0 -774.356 111
CHF2 30 19 1 -758.864 111
CHF2 30 19 2 -760.934 111
CHF2 30 19 3 -759.773 111
CHF2 30 19 4 -730.058 105
CHF2 30 20 0 -763.487 109
CHF2 30 20 1 -750.813 109
CHF2 30 20 2 -747.174 109
CHF2 30 20 3 -705.273 101
CHF2 30 20 4 -694.725 100
CHF2 30 21 0 -722.429 104
CHF2 30 21 1 -706.258 104
CHF2 30 21 2 -687.355 101
CHF2 30 21 3 -686.567 100
CHF2 30 21 4 -689.148 100
CHF2 30 22 0 -721.035 104
CHF2 30 22 1 -692.540 103
CHF2 30 22 2 -693.204 103
CHF2 30 22 3 -694.219 103
CHF2 30 22 4 -685.987 101
CHF2 30 23 0 -721.204 105
CHF2 30 23 1 -712.199 105
CHF2 30 23 2 -699.593 102
CHF2 30 23 3 -692.634 100
CHF2 30 23 4 -691.671 100
CHF2 30 24 0 -719.016 104
CHF2 30 24 1 -700.778 104
CHF2 30 24 2 -697.842 102
CHF2 30 24 3 -697.166 102
CHF2 30 24 4 -690.040 101
CHF2 30 25 0 -730.005 105
CHF2 30 25 1 -710.561 105
CHF2 30 25 2 -695.440 103
CHF2 30 25 3 -694.390 103
CHF2 30 25 4 -682.353 102
CHF2 30 26 0 -721.049 106
CHF2 30 26 1 -704.956 106
CHF2 30 26 2 -705.365 106
CHF2 30 26 3 -690.437 103
CHF2 30 26 4 -693.503 103
CHF2 30 27 0 -727.968 107
CHF2 30 27 1 -711.256 107
CHF2 30 27 2 -712.778 107
CHF2 30 27 3 -701.427 104
CHF2 30 27 4 -702.189 104
CHF2 30 28 0 -735.082 108
CHF2 30 28 1 -720.706 108
CHF2 30 28 2 -724.171 108
CHF2 30 28 3 -682.782 100
CHF2 30 28 4 -682.501 100
CHF2 30 29 0 -711.683 104
CHF2 30 29 1 -694.436 104
CHF2 30 29 2 -695.671 104
CHF2 30 29 3 -689.884 103
CHF2 30 29 4 -690.211 103
CHF2 30 30 0 -727.496 107
CHF2 30 30 1 -720.068 107
CHF2 30 30 2 -704.995 103
CHF2 30 30 3 -705.210 103
CHF2 30 30 4 -703.797 103
CHF2 30 31 0 -732.459 107
CHF2 30 31 1 -725.196 107
CHF2 30 31 2 -707.268 103
CHF2 30 31 3 -708.368 103
CHF2 30 31 4 -707.905 103
CHF2 30 32 0 -730.968 107
CHF2 30 32 1 -717.289 107
CHF2 30 32 2 -714.970 107
CHF2 30 32 3 -711.565 106
CHF2 30 32 4 -710.002 105
CHF2 30 33 0 -745.570 109
CHF2 30 33 1 -731.361 109
CHF2 30 33 2 -707.592 106
CHF2 30 33 3 -710.498 106
CHF2 30 33 4 -701.410 104
CHF2 30 34 0 -734.428 108
CHF2 30 34 1 -719.774 108
CHF2 30 34 2 -708.824 105
CHF2 30 34 3 -708.892 105
CHF2 30 34 4 -707.453 105
CHF2 30 35 0 -739.477 109
CHF2 30 35 1 -721.343 109
CHF2 30 35 2 -719.981 109
CHF2 30 35 3 -724.849 109
CHF2 30 35 4 -704.933 105
CHF2 30 36 0 -739.677 109
CHF2 30 36 1 -719.561 109
CHF2 30 36 2 -721.155 109
CHF2 30 36 3 -723.710 109
CHF2 30 36 4 -697.226 106
CHF2 30 37 0 -714.124 108
CHF2 30 37 1 -699.243 108
CHF2 30 37 2 -688.819 106
CHF2 30 37 3 -693.422 106
CHF2 30 37 4 -668.824 102
CHF2 30 38 0 -704.869 106
CHF2 30 38 1 -684.085 106
CHF2 30 38 2 -690.303 106
CHF2 30 38 3 -663.458 102
CHF2 30 38 4 -598.463 90
CHF2 30 39 0 -626.913 94
CHF2 30 39 1 -609.460 94
CHF2 30 39 2 -612.315 94
CHF2 30 39 3 -584.713 89
CHF2 30 39 4 -560.324 84
CHF2 30 40 0 -576.671 85
CHF2 30 40 1 -561.711 85
CHF2 30 40 2 -558.602 85
CHF2 30 40 3 -559.838 85
CHF2 30 40 4 -562.711 85
CHF2 30 41 0 -600.037 89
CHF2 30 41 1 -583.979 89
CHF2 30 41 2 -584.401 89
CHF2 30 41 3 -533.551 81
CHF2 30 41 4 -496.446 74
CHF2 30 42 0 -527.647 78
CHF2 30 42 1 -512.373 78
CHF2 30 42 2 -506.108 76
CHF2 30 42 3 -482.833 74
CHF2 30 42 4 -479.443 71
CHF2 30 43 0 -510.507 75
CHF2 30 43 1 -494.940 75
CHF2 30 43 2 -489.394 74
CHF2 30 43 3 -485.098 74
CHF2 30 43 4 -453.831 69
CHF2 30 44 0 -456.311 69
CHF2 30 44 1 -439.415 69
CHF2 30 44 2 -432.768 67
CHF2 30 44 3 -434.867 67
CHF2 30 44 4 -406.827 61
CHF2 30 45 0 -441.808 65
CHF2 30 45 1 -437.284 65
CHF2 30 45 2 -436.127 65
CHF2 30 45 3 -418.497 61
CHF2 30 45 4 -419.130 61
CHF2 30 46 0 -440.570 65
CHF2 30 46 1 -421.514 64
CHF2 30 46 2 -389.126 59
CHF2 30 46 3 -388.424 59
CHF2 30 46 4 -389.512 59
CHF2 30 47 0 -425.008 63
CHF2 30 47 1 -405.447 62
CHF2 30 47 2 -377.409 59
CHF2 30 47 3 -380.595 59
CHF2 30 47 4 -357.380 56
CHF2 30 48 0 -398.764 60
CHF2 30 48 1 -382.815 60
CHF2 30 48 2 -380.377 60
CHF2 30 48 3 -355.922 56
CHF2 30 48 4 -313.932 51
CHF2 30 49 0 -320.376 51
CHF2 30 49 1 -288.438 48
CHF2 30 49 2 -289.329 48
CHF2 30 49 3 -286.777 48
CHF2 30 49 4 -270.462 45
CHF2 30 50 0 -302.671 49
CHF2 30 50 1 -274.445 45
CHF2 30 50 2 -271.960 44
CHF2 30 50 3 -253.667 42
CHF2 30 50 4 -250.973 42
