-744.695
-743.468
-742.690
-743.356
-747.226
-761.187
-760.357
-758.484
-758.827
-750.349
-764.841
-761.579
-762.361
-760.584
-762.719
-776.142
-772.855
-773.496
-774.464
-774.244
-789.316
-785.876
-785.548
-785.564
-786.881
-801.507
-799.091
-798.454
-798.019
-798.560
-813.432
-809.675
-805.043
-791.496
-791.236
-802.287
-800.403
-802.314
-800.484
-802.152
-816.412
-813.210
-814.037
-814.051
-814.902
-826.764
-823.791
-824.573
-825.425
-824.131
-837.905
-835.175
-836.033
-836.388
-835.790
-849.232
-847.298
-850.224
-823.736
-816.167
-830.353
-828.310
-829.233
-828.758
-829.844
-844.216
-840.326
-833.626
-833.152
-832.838
-844.659
-841.255
-843.221
-841.507
-843.361
-855.710
-853.516
-854.274
-854.358
-854.113
-869.915
-868.159
-867.898
-867.791
-867.949
-881.310
-878.402
-878.879
-879.597
-879.433
-893.288
-890.425
-891.857
-890.494
-891.119
-905.888
-905.453
-895.524
-897.027
-895.673
-906.482
-903.987
-891.804
-891.857
-891.952
-901.967
-897.830
-885.333
-886.361
-886.389
-899.133
-894.061
-894.138
-895.526
-881.718
-892.654
-890.574
-892.306
-892.860
-893.323
-908.533
-907.231
-907.099
-908.562
-885.091
-900.149
-898.171
-898.223
-897.057
-897.876
-911.317
-910.686
-909.311
-909.851
-910.180
-925.799
-922.277
-924.163
-925.001
-924.736
-938.993
-936.714
-934.728
-935.595
-935.315
-952.475
-947.848
-948.027
-940.699
-939.844
-952.018
-949.483
-942.701
-942.148
-941.986
-951.708
-948.141
-948.891
-935.433
-934.598
-947.170
-943.538
-944.055
-944.822
-945.592
-959.773
-957.233
-949.960
-949.747
-950.343
-960.000
-956.936
-957.848
-957.506
-957.800
-971.109
-967.746
-969.324
-969.459
-968.421
-984.573
-982.724
-967.468
-968.215
-968.040
-979.702
-977.438
-976.878
-976.030
-977.206
-992.921
-987.112
-979.910
-979.622
-981.275
-991.762
-990.186
-986.685
-975.256
-975.123
-988.090
-982.662
-982.565
-975.706
-975.822
-986.890
-984.153
-986.345
-984.454
-985.479
-1000.551
-996.352
-988.455
-988.568
-989.161
-1000.375
-997.927
-998.463
-999.687
-997.391
-1013.752
-1008.454
-1002.112
-1002.342
-1002.112
-1013.525
-1009.688
-1004.262
-1004.396
-1004.549
-1018.389
-1014.827
-1015.986
-1001.263
-1001.469
-1014.208
-1009.208
-1010.499
-1009.901
-1010.621
-1022.725
-1020.874
-1022.118
-1021.836
-1022.895
-1039.326
-1037.147
-1025.789
-1025.719
-1026.333
-744.695
-732.244
-734.540
-735.389
-732.338
-763.011
-755.664
-749.143
-748.825
-748.456
-762.711
-746.203
-751.452
-751.029
-750.500
-774.778
-758.627
-750.194
-749.347
-751.751
-774.394
-756.900
-760.003
-759.724
-744.250
-767.268
-751.808
-752.151
-757.450
-754.853
-781.341
-765.073
-767.111
-764.886
-738.920
-762.220
-746.913
-749.562
-747.805
-749.218
-774.114
-760.837
-763.482
-763.578
-767.724
-792.706
-781.056
-779.205
-782.317
-783.082
-796.784
-784.727
-772.167
-771.987
-769.786
-789.460
-775.027
-777.420
-777.084
-778.290
-800.903
-786.300
-760.503
-761.761
-760.575
-775.646
-760.057
-760.610
-761.331
-761.052
-787.876
-774.706
-773.592
-771.472
-774.511
-801.064
-787.009
-790.298
-791.547
-790.840
-814.810
-798.548
-799.709
-788.170
-788.359
-808.112
-792.081
-796.548
-796.611
-786.310
-814.478
-801.769
-801.427
-800.432
-802.228
-826.537
-811.469
-791.403
-761.672
-759.459
-779.985
-769.681
-753.564
-754.533
-755.008
-770.747
-757.001
-755.161
-758.145
-757.709
-782.362
-778.968
-771.311
-770.126
-770.384
-782.265
-768.660
-767.345
-759.762
-751.411
-779.337
-766.807
-747.605
-721.255
-701.996
-719.893
-701.686
-704.691
-705.967
-707.409
-732.263
-719.596
-720.706
-717.833
-695.093
-722.519
-711.537
-694.630
-671.325
-615.138
-640.461
-627.340
-629.650
-630.651
-631.382
-651.684
-647.978
-642.083
-641.582
-642.524
-653.722
-639.315
-639.938
-640.719
-640.556
-658.976
-647.898
-643.242
-642.477
-642.261
-667.774
-637.315
-637.955
-638.338
-636.385
-660.726
-638.875
-640.287
-628.349
-630.556
-650.097
-636.980
-637.418
-627.237
-612.444
-640.870
-624.398
-626.537
-625.321
-627.660
-637.428
-622.749
-614.948
-610.481
-579.993
-608.212
-584.459
-584.143
-582.835
-518.485
-544.948
-536.160
-534.997
-536.608
-536.802
-547.644
-534.115
-533.317
-523.477
-504.508
-515.256
-499.316
-498.510
-485.431
-473.550
-501.931
-488.531
-485.689
-482.623
-453.171
-480.907
-460.215
-459.554
-459.561
-425.615
-445.500
-435.483
-423.835
-406.944
-378.104
-383.035
-375.647
-371.599
-373.300
-348.157
-341.915
-334.564
-335.124
-334.218
-334.842
-348.926
-324.643
-324.947
-316.877
-311.181
-314.560
-301.388
-300.057
-291.284
-284.936
-301.161
-279.007
-268.864
-266.985
-268.465
-283.188
-255.344
-238.084
-237.514
-225.314
-756.652
-754.669
-740.688
-739.740
-740.139
-763.391
-761.948
-761.394
-742.211
-742.504
-763.470
-760.285
-760.543
-761.340
-760.637
-789.069
-786.122
-785.829
-771.887
-772.378
-794.507
-790.759
-790.307
-772.280
-772.321
-794.035
-791.259
-790.575
-772.517
-771.532
-795.714
-790.694
-790.457
-790.437
-783.053
-807.742
-803.158
-789.605
-789.447
-789.373
-813.221
-809.426
-790.342
-791.645
-790.807
-813.485
-809.768
-811.574
-810.911
-811.045
-838.610
-833.965
-834.942
-816.394
-814.642
-838.470
-834.365
-834.162
-819.320
-820.485
-843.307
-839.141
-838.660
-819.419
-819.686
-842.976
-838.603
-839.392
-819.807
-819.577
-842.519
-837.581
-838.454
-819.394
-818.803
-843.365
-839.875
-839.160
-820.286
-820.500
-842.846
-840.204
-839.853
-835.702
-821.210
-842.865
-838.932
-837.599
-826.790
-819.894
-843.401
-838.951
-834.283
-819.815
-820.003
-842.856
-838.074
-825.742
-797.334
-797.384
-818.498
-815.678
-815.342
-797.103
-796.304
-818.628
-812.317
-813.662
-775.962
-776.757
-798.273
-798.323
-798.216
-778.551
-778.542
-798.490
-794.299
-793.975
-775.910
-775.211
-798.010
-794.622
-793.934
-775.900
-774.607
-798.387
-793.874
-792.997
-773.976
-773.301
-798.550
-794.291
-781.924
-779.746
-779.899
-804.032
-800.931
-796.123
-781.527
-781.673
-804.065
-799.262
-799.931
-781.415
-781.259
-803.605
-801.215
-801.112
-782.034
-782.674
-803.490
-799.986
-799.976
-784.557
-781.062
-803.674
-801.838
-800.380
-775.641
-775.855
-798.898
-793.679
-786.842
-779.670
-779.561
-803.520
-798.314
-798.391
-781.110
-781.279
-803.986
-799.913
-795.091
-779.838
-780.107
-804.777
-800.747
-800.936
-782.672
-780.602
-804.327
-799.829
-799.245
-780.715
-781.113
-804.047
-800.159
-799.076
-785.022
-785.598
-808.922
-803.671
-803.873
-785.163
-785.303
-809.336
-805.485
-805.573
-786.456
-787.065
-809.402
-804.762
-805.046
-786.490
-786.299
-809.736
-806.232
-806.279
-787.204
-786.975
-809.692
-805.148
-805.514
-786.503
-786.928
-809.685
-807.236
-807.667
-787.519
-788.267
-809.987
-809.197
-808.573
-788.673
-788.420
-810.299
-805.018
-806.019
-785.900
-786.496
-809.869
-806.367
-800.245
-787.023
-787.937
-810.270
-804.915
-804.709
-780.722
-780.364
-802.895
-797.861
-798.435
-779.030
-778.991
-802.849
-798.372
-796.958
-796.886
-797.680
-756.652
-740.933
-734.958
-734.254
-735.561
-768.670
-761.256
-760.602
-746.199
-746.621
-773.339
-758.741
-761.436
-763.449
-753.198
-795.539
-778.528
-779.261
-778.668
-778.850
-815.327
-806.102
-788.318
-777.560
-778.382
-807.225
-791.191
-788.254
-788.347
-790.668
-827.656
-811.526
-799.152
-799.602
-801.292
-839.194
-823.298
-822.952
-822.664
-823.726
-858.585
-844.114
-832.504
-790.113
-791.406
-822.895
-808.621
-790.691
-791.413
-790.144
-822.103
-807.049
-808.186
-795.319
-794.517
-828.107
-814.242
-795.803
-782.180
-783.759
-814.639
-806.852
-787.441
-785.601
-789.363
-815.245
-796.526
-799.069
-781.282
-780.578
-816.120
-802.176
-787.861
-751.815
-751.367
-781.748
-769.159
-760.171
-736.368
-734.787
-761.211
-747.441
-734.483
-733.525
-734.858
-765.284
-750.089
-737.314
-740.533
-711.165
-744.211
-729.369
-729.898
-699.068
-690.320
-726.718
-720.814
-702.167
-701.194
-702.643
-726.355
-711.552
-713.563
-683.721
-685.228
-719.330
-707.096
-703.680
-689.601
-688.591
-724.465
-718.688
-700.823
-699.938
-700.636
-723.904
-709.974
-709.678
-707.289
-694.840
-728.766
-717.042
-716.744
-699.806
-701.553
-735.017
-718.032
-716.766
-685.829
-682.785
-716.709
-702.430
-703.122
-690.095
-687.285
-720.332
-704.875
-705.023
-701.043
-704.814
-739.799
-727.392
-711.949
-703.911
-684.948
-719.043
-712.840
-697.060
-697.886
-675.118
-700.607
-694.242
-687.451
-670.139
-664.369
-672.951
-658.167
-657.948
-639.180
-618.709
-648.800
-633.174
-634.399
-621.717
-621.522
-655.414
-641.782
-642.670
-626.163
-623.380
-654.248
-639.024
-622.628
-607.805
-608.161
-642.543
-628.179
-628.119
-605.374
-607.201
-640.775
-622.444
-618.596
-578.692
-579.571
-609.252
-592.593
-590.968
-592.757
-582.682
-614.494
-595.752
-597.312
-598.796
-587.355
-606.670
-590.190
-592.005
-558.067
-558.792
-592.352
-577.306
-577.560
-561.098
-548.553
-584.603
-570.365
-550.589
-545.672
-549.430
-580.519
-565.109
-564.383
-554.490
-543.769
-582.879
-568.900
-571.333
-553.887
-559.486
-590.130
-577.219
-564.046
-523.488
-497.156
-526.321
-509.535
-487.186
-480.406
-480.027
-516.559
-498.990
-501.937
-486.243
-486.884
-520.823
-502.333
-508.818
-486.672
-488.606
-523.744
-507.274
-508.241
-503.040
-490.978
-530.037
-515.367
-502.170
-498.543
-473.528
-755.616
-753.419
-753.215
-752.241
-752.966
-778.300
-775.460
-758.590
-757.629
-757.638
-778.355
-774.371
-774.260
-763.516
-763.471
-786.203
-782.651
-781.813
-761.460
-761.260
-781.574
-778.113
-777.906
-777.935
-779.270
-803.671
-801.831
-801.305
-800.773
-800.595
-826.704
-823.323
-823.585
-822.878
-824.029
-847.703
-843.136
-825.602
-825.532
-825.507
-848.255
-843.219
-826.305
-825.201
-825.956
-847.241
-844.174
-843.428
-842.947
-835.782
-861.068
-855.359
-839.103
-830.423
-831.188
-852.589
-848.349
-848.000
-841.079
-841.326
-865.330
-863.339
-844.736
-845.082
-845.320
-865.733
-862.125
-843.642
-843.304
-842.956
-866.423
-862.868
-863.188
-862.961
-863.221
-886.909
-883.960
-864.830
-856.999
-858.042
-879.511
-876.901
-875.667
-853.509
-852.768
-874.162
-869.912
-870.257
-870.529
-870.687
-894.633
-890.425
-872.931
-872.591
-873.180
-894.859
-891.383
-868.864
-867.933
-868.679
-890.991
-887.919
-870.008
-869.760
-869.707
-890.752
-886.891
-887.751
-868.635
-869.416
-891.108
-890.466
-872.435
-872.130
-871.797
-892.039
-888.260
-869.481
-868.515
-869.444
-891.661
-886.423
-868.316
-869.657
-868.955
-892.524
-888.404
-870.631
-870.765
-870.859
-892.527
-889.187
-889.745
-887.654
-889.348
-915.335
-910.771
-892.296
-892.797
-892.435
-916.119
-911.604
-911.747
-905.973
-894.931
-911.791
-910.079
-909.369
-891.170
-891.385
-911.947
-908.792
-908.878
-908.495
-909.005
-933.375
-929.353
-929.273
-928.834
-929.583
-954.386
-949.915
-949.343
-931.048
-931.483
-954.495
-948.305
-928.743
-928.559
-927.230
-950.379
-945.133
-945.720
-927.913
-927.139
-950.921
-945.692
-922.961
-923.272
-923.500
-946.043
-941.929
-923.303
-925.280
-924.401
-945.594
-941.982
-923.090
-923.546
-922.834
-945.744
-941.020
-941.948
-922.302
-922.760
-946.050
-942.599
-941.769
-919.389
-919.642
-942.619
-938.244
-938.261
-938.228
-936.939
-962.458
-958.720
-939.253
-941.096
-939.281
-962.009
-958.723
-936.217
-936.018
-935.964
-957.728
-953.103
-953.606
-953.944
-953.041
-978.683
-975.007
-956.868
-957.563
-958.407
-978.759
-974.404
-956.558
-957.347
-956.284
-978.732
-973.999
-956.455
-955.595
-956.246
-978.047
-973.049
-972.984
-967.758
-966.981
-991.362
-988.116
-971.688
-973.024
-973.950
-995.910
-991.609
-986.187
-975.481
-974.490
-755.616
-742.674
-740.531
-744.024
-741.593
-779.583
-761.245
-765.936
-765.152
-765.505
-802.415
-784.932
-787.226
-788.036
-786.566
-824.776
-808.326
-793.480
-779.360
-779.474
-813.669
-804.300
-785.768
-777.417
-776.460
-803.142
-789.843
-788.125
-787.623
-789.165
-821.158
-805.877
-791.841
-790.528
-792.023
-826.713
-810.490
-799.797
-799.160
-799.282
-831.532
-814.245
-814.484
-809.007
-808.389
-840.109
-826.050
-826.277
-826.387
-819.917
-854.278
-842.644
-824.966
-825.521
-825.574
-855.408
-840.996
-825.968
-825.678
-825.247
-853.661
-837.123
-820.433
-801.907
-803.489
-833.738
-816.952
-820.423
-801.096
-806.083
-838.641
-826.036
-823.311
-825.052
-825.896
-861.172
-844.943
-824.038
-824.977
-822.799
-834.645
-817.497
-817.384
-820.144
-799.333
-834.057
-817.813
-812.615
-804.695
-761.953
-800.652
-783.406
-778.750
-767.728
-766.826
-803.136
-786.400
-769.682
-753.618
-753.584
-784.886
-769.483
-732.041
-731.735
-732.623
-761.731
-746.649
-748.197
-748.948
-745.757
-782.733
-765.281
-766.894
-754.300
-754.027
-786.811
-771.744
-771.307
-774.863
-774.182
-809.357
-793.658
-793.589
-794.688
-794.066
-827.917
-811.512
-811.223
-804.952
-805.893
-837.195
-822.594
-815.931
-812.378
-809.183
-842.656
-828.954
-828.909
-819.850
-816.373
-854.165
-839.815
-834.885
-833.671
-834.611
-871.015
-859.566
-849.988
-850.371
-849.407
-876.585
-872.619
-854.793
-855.923
-854.965
-878.948
-864.138
-846.974
-845.631
-846.802
-876.344
-859.256
-860.643
-860.059
-861.565
-897.169
-880.832
-881.671
-882.222
-880.398
-917.537
-903.833
-887.650
-884.590
-876.258
-908.337
-884.153
-885.431
-885.509
-885.642
-897.544
-885.585
-871.458
-849.652
-800.764
-831.179
-817.294
-821.359
-798.817
-789.280
-820.858
-807.704
-807.556
-779.007
-759.500
-795.558
-783.547
-780.909
-777.956
-759.540
-793.854
-776.843
-761.219
-762.019
-761.502
-795.874
-777.389
-780.940
-672.776
-673.088
-698.015
-681.643
-670.027
-673.711
-618.552
-654.782
-638.751
-640.535
-639.444
-639.857
-679.864
-660.690
-662.625
-652.813
-643.102
-673.571
-655.975
-659.710
-659.368
-650.337
-684.594
-670.346
-661.989
-661.107
-662.386
-698.596
-685.063
-682.802
-685.703
-657.551
-691.486
-672.487
-655.800
-654.739
-650.868
-683.901
-666.503
-663.100
-648.132
-648.690
-756.105
-752.513
-752.842
-752.779
-753.478
-779.325
-775.941
-777.060
-758.253
-758.147
-779.063
-776.660
-775.521
-777.009
-776.371
-803.674
-800.451
-800.602
-781.788
-781.855
-804.717
-803.150
-797.366
-785.043
-784.781
-804.833
-798.741
-800.658
-800.364
-801.864
-825.292
-821.220
-802.988
-802.789
-802.592
-825.572
-820.327
-821.608
-803.068
-803.096
-826.833
-822.136
-810.790
-804.914
-804.049
-826.603
-821.491
-822.005
-802.943
-803.460
-826.989
-824.562
-823.565
-799.860
-799.826
-821.650
-815.767
-818.308
-818.327
-818.301
-843.291
-840.584
-821.865
-822.248
-822.591
-843.394
-840.902
-821.996
-820.980
-821.067
-843.623
-839.366
-834.587
-823.251
-822.839
-846.975
-841.947
-842.675
-823.186
-823.061
-846.606
-840.461
-841.071
-829.000
-829.709
-852.825
-849.189
-825.628
-825.506
-825.156
-847.435
-844.472
-821.754
-820.244
-820.964
-841.758
-837.955
-837.639
-838.338
-839.067
-865.095
-861.348
-848.875
-843.378
-843.030
-864.870
-860.534
-837.339
-836.205
-836.089
-859.330
-857.560
-850.779
-839.310
-838.663
-860.534
-852.857
-854.411
-847.016
-847.100
-871.786
-866.842
-868.270
-848.549
-848.799
-870.901
-867.781
-861.008
-843.553
-843.986
-866.250
-861.724
-861.896
-844.199
-843.916
-868.507
-863.356
-863.846
-844.771
-844.148
-868.592
-864.207
-864.396
-844.983
-845.774
-868.369
-867.184
-849.044
-848.418
-848.077
-868.455
-864.937
-863.461
-855.519
-844.820
-867.989
-863.818
-841.445
-841.754
-841.775
-862.466
-858.529
-840.871
-839.636
-840.006
-862.595
-860.031
-859.236
-841.374
-840.675
-862.399
-858.656
-856.772
-857.327
-858.438
-882.683
-877.664
-871.010
-857.814
-860.277
-882.689
-877.338
-878.309
-858.783
-858.684
-881.597
-877.946
-878.456
-859.142
-859.513
-882.733
-878.699
-860.991
-860.315
-860.999
-882.917
-878.847
-879.076
-859.365
-858.772
-883.858
-879.705
-879.956
-860.441
-861.003
-885.952
-882.699
-863.313
-863.938
-864.486
-887.318
-882.498
-882.174
-881.920
-881.993
-906.059
-901.386
-883.838
-871.249
-871.939
-892.681
-890.247
-872.804
-871.600
-871.974
-892.251
-888.910
-870.329
-869.379
-870.614
-892.303
-887.429
-888.218
-887.315
-869.075
-892.249
-887.371
-887.420
-887.324
-888.259
-913.128
-908.376
-904.113
-890.057
-890.261
-912.423
-910.634
-886.104
-885.538
-885.279
-756.105
-741.658
-741.245
-744.105
-741.759
-782.788
-775.460
-757.475
-758.467
-758.496
-786.324
-768.541
-770.037
-772.834
-773.518
-811.656
-792.080
-782.153
-775.443
-777.354
-800.807
-787.336
-776.353
-777.255
-778.085
-810.556
-795.357
-794.072
-795.672
-795.440
-830.699
-815.006
-806.870
-794.088
-773.516
-805.863
-790.165
-782.002
-783.337
-785.161
-819.519
-801.474
-805.470
-807.816
-806.436
-842.674
-826.564
-827.111
-826.910
-826.280
-863.613
-848.028
-847.372
-837.049
-763.693
-801.172
-784.262
-768.618
-768.561
-767.602
-798.988
-780.584
-779.477
-782.452
-781.175
-812.970
-796.612
-796.435
-781.286
-783.071
-817.433
-799.309
-799.910
-786.407
-781.099
-818.853
-802.072
-804.000
-803.879
-805.948
-839.920
-822.591
-815.306
-787.848
-774.151
-808.438
-793.291
-790.260
-759.141
-746.473
-776.593
-759.289
-762.154
-762.087
-729.292
-763.343
-751.126
-746.141
-706.546
-695.509
-723.039
-706.997
-688.137
-688.033
-690.918
-722.759
-694.846
-696.399
-697.131
-689.235
-723.793
-716.903
-702.165
-695.143
-694.290
-721.490
-702.664
-700.010
-699.289
-692.006
-730.899
-712.694
-697.854
-698.315
-686.063
-722.637
-708.935
-708.710
-694.418
-696.413
-730.173
-713.779
-715.370
-703.329
-704.660
-737.545
-724.623
-726.244
-684.411
-683.690
-714.363
-698.848
-699.315
-693.163
-692.879
-730.265
-722.642
-707.040
-707.781
-706.001
-733.957
-726.706
-709.161
-709.597
-710.110
-733.767
-720.047
-717.988
-712.860
-710.176
-746.055
-731.927
-710.828
-711.861
-702.038
-735.730
-720.865
-710.799
-709.448
-707.677
-740.415
-722.960
-723.015
-725.778
-705.835
-739.732
-721.613
-723.716
-724.871
-698.131
-716.693
-702.981
-692.709
-694.143
-670.430
-705.631
-687.945
-688.913
-661.918
-598.734
-626.379
-607.735
-614.180
-586.322
-561.499
-576.157
-562.196
-560.020
-560.251
-562.472
-599.550
-586.241
-586.497
-536.528
-497.300
-528.195
-514.833
-506.726
-482.982
-483.075
-514.121
-498.249
-493.975
-489.096
-454.170
-458.245
-441.181
-437.082
-438.042
-405.290
-440.849
-435.464
-434.869
-416.632
-418.038
-440.718
-422.721
-388.592
-389.426
-388.501
-424.746
-405.168
-378.196
-380.454
-357.184
-398.733
-384.371
-381.088
-355.909
-315.904
-321.252
-289.863
-290.310
-287.878
-270.964
-304.251
-276.294
-274.606
-252.947
-250.877
